H: 0.68722011712 0.843480466768 0.649534170968
E: 0.379738267148 0.803724928367 0.480315998647
C: 0.882290996314 0.616608062802 0.486061760551
Q: 0.702263293141
H: 0.712291306851 0.837677725118 0.671042317143
E: 0.38193877551 0.803908934708 0.47445222561
C: 0.878864208839 0.621739834764 0.488973342161
Q: 0.704329025362
H: 0.693893071716 0.847010768659 0.660534389841
E: 0.43427741467 0.777128005198 0.503490443456
C: 0.865178294574 0.629927303924 0.485510853055
Q: 0.710331415175
H: 0.660807247651 0.858347238079 0.635138695474
E: 0.391136801541 0.762775551102 0.476261885299
C: 0.879764691758 0.614352783367 0.478144508861
Q: 0.700267618198
H: 0.666713671297 0.834745762712 0.632547540312
E: 0.407515387107 0.798392214935 0.492888881176
C: 0.871873525248 0.607205948811 0.467969264198
Q: 0.693385483711
