	A 	R 	N 	D 	C 	Q 	E 	G 	H 	I 	L 	K 	M 	F 	P 	S 	T 	W 	Y 	V 	
1 	1.0 	0.0 	0.0 	0.0 	0.0 	0.0 	0.0 	0.0 	0.0 	0.0 	0.0 	0.0 	0.0 	0.0 	0.0 	0.0 	0.0 	0.0 	0.0 	0.0 	
2 	0.0 	0.0 	0.0 	0.0 	0.0 	0.0 	0.0 	0.0 	0.0 	0.0 	0.0 	0.0 	0.0 	0.0 	0.0 	0.5 	0.5 	0.0 	0.0 	0.0 	
3 	0.0 	0.0 	0.0 	0.0 	0.0 	0.0 	0.0 	0.0 	0.0 	0.0 	0.0 	0.0 	0.0 	0.0 	0.0 	0.5 	0.5 	0.0 	0.0 	0.0 	
4 	0.5 	0.0 	0.0 	0.0 	0.0 	0.0 	0.0 	0.0 	0.0 	0.0 	0.0 	0.0 	0.0 	0.0 	0.0 	0.0 	0.0 	0.0 	0.0 	0.5 	
5 	0.0 	0.0 	0.5 	0.5 	0.0 	0.0 	0.0 	0.0 	0.0 	0.0 	0.0 	0.0 	0.0 	0.0 	0.0 	0.0 	0.0 	0.0 	0.0 	0.0 	
6 	0.0 	0.0 	0.0 	0.0 	0.0 	0.5 	0.0 	0.0 	0.0 	0.0 	0.0 	0.0 	0.5 	0.0 	0.0 	0.0 	0.0 	0.0 	0.0 	0.0 	
7 	0.0 	0.0 	0.0 	0.0 	0.0 	0.0 	0.0 	0.0 	0.0 	1.0 	0.0 	0.0 	0.0 	0.0 	0.0 	0.0 	0.0 	0.0 	0.0 	0.0 	
8 	0.38 	0.0 	0.0 	0.0 	0.0 	0.0 	0.0 	0.0 	0.0 	0.0 	0.0 	0.0 	0.0 	0.0 	0.0 	0.62 	0.0 	0.0 	0.0 	0.0 	
9 	0.0 	0.0 	0.0 	0.0 	0.0 	0.31 	0.38 	0.0 	0.0 	0.0 	0.0 	0.31 	0.0 	0.0 	0.0 	0.0 	0.0 	0.0 	0.0 	0.0 	
10 	0.0 	0.0 	0.0 	0.0 	0.0 	0.0 	0.38 	0.0 	0.0 	0.0 	0.62 	0.0 	0.0 	0.0 	0.0 	0.0 	0.0 	0.0 	0.0 	0.0 	
11 	0.0 	0.0 	0.0 	0.0 	0.0 	0.0 	0.0 	0.0 	0.0 	0.0 	0.0 	0.31 	0.0 	0.0 	0.0 	0.69 	0.0 	0.0 	0.0 	0.0 	
12 	0.0 	0.0 	0.0 	0.0 	0.0 	0.0 	0.0 	0.0 	0.0 	0.0 	0.0 	0.31 	0.0 	0.0 	0.0 	0.0 	0.69 	0.0 	0.0 	0.0 	
13 	0.38 	0.0 	0.0 	0.0 	0.0 	0.0 	0.0 	0.0 	0.0 	0.0 	0.62 	0.0 	0.0 	0.0 	0.0 	0.0 	0.0 	0.0 	0.0 	0.0 	
14 	0.38 	0.0 	0.0 	0.0 	0.0 	0.0 	0.0 	0.31 	0.0 	0.0 	0.0 	0.0 	0.0 	0.0 	0.0 	0.31 	0.0 	0.0 	0.0 	0.0 	
15 	0.0 	0.0 	0.0 	0.0 	0.0 	0.0 	0.0 	0.27 	0.0 	0.24 	0.5 	0.0 	0.0 	0.0 	0.0 	0.0 	0.0 	0.0 	0.0 	0.0 	
16 	0.24 	0.0 	0.0 	0.0 	0.0 	0.5 	0.0 	0.27 	0.0 	0.0 	0.0 	0.0 	0.0 	0.0 	0.0 	0.0 	0.0 	0.0 	0.0 	0.0 	
17 	0.0 	0.0 	0.0 	0.51 	0.0 	0.0 	0.24 	0.0 	0.0 	0.0 	0.0 	0.26 	0.0 	0.0 	0.0 	0.0 	0.0 	0.0 	0.0 	0.0 	
18 	0.0 	0.0 	0.0 	0.0 	0.0 	0.0 	0.0 	0.0 	0.0 	0.0 	0.24 	0.0 	0.0 	0.0 	0.24 	0.26 	0.0 	0.0 	0.0 	0.27 	
19 	0.24 	0.0 	0.0 	0.0 	0.0 	0.0 	0.0 	0.0 	0.0 	0.0 	0.26 	0.0 	0.0 	0.0 	0.24 	0.27 	0.0 	0.0 	0.0 	0.0 	
20 	0.0 	0.0 	0.0 	0.0 	0.0 	0.26 	0.0 	0.0 	0.0 	0.0 	0.0 	0.27 	0.0 	0.0 	0.0 	0.0 	0.0 	0.0 	0.0 	0.48 	
21 	0.49 	0.0 	0.0 	0.0 	0.0 	0.0 	0.0 	0.0 	0.0 	0.0 	0.0 	0.0 	0.0 	0.24 	0.27 	0.0 	0.0 	0.0 	0.0 	0.0 	
22 	0.0 	0.24 	0.0 	0.0 	0.0 	0.0 	0.26 	0.0 	0.0 	0.0 	0.0 	0.5 	0.0 	0.0 	0.0 	0.0 	0.0 	0.0 	0.0 	0.0 	
23 	0.0 	0.19 	0.23 	0.18 	0.0 	0.0 	0.4 	0.0 	0.0 	0.0 	0.0 	0.0 	0.0 	0.0 	0.0 	0.0 	0.0 	0.0 	0.0 	0.0 	
24 	0.52 	0.0 	0.1 	0.0 	0.0 	0.0 	0.0 	0.0 	0.0 	0.0 	0.0 	0.0 	0.0 	0.0 	0.0 	0.38 	0.0 	0.0 	0.0 	0.0 	
25 	0.0 	0.0 	0.0 	0.61 	0.0 	0.0 	0.0 	0.0 	0.07 	0.0 	0.0 	0.17 	0.0 	0.0 	0.0 	0.15 	0.0 	0.0 	0.0 	0.0 	
26 	0.0 	0.0 	0.0 	0.0 	0.0 	0.0 	0.0 	0.0 	0.0 	0.46 	0.19 	0.0 	0.0 	0.11 	0.24 	0.0 	0.0 	0.0 	0.0 	0.0 	
27 	0.0 	0.0 	0.0 	0.26 	0.0 	0.0 	0.0 	0.0 	0.18 	0.0 	0.0 	0.26 	0.0 	0.06 	0.0 	0.05 	0.12 	0.0 	0.06 	0.0 	
28 	0.08 	0.0 	0.0 	0.09 	0.0 	0.0 	0.05 	0.0 	0.11 	0.1 	0.0 	0.17 	0.0 	0.0 	0.0 	0.15 	0.0 	0.0 	0.0 	0.24 	
29 	0.0 	0.02 	0.63 	0.17 	0.0 	0.0 	0.0 	0.0 	0.03 	0.0 	0.01 	0.03 	0.01 	0.0 	0.01 	0.04 	0.0 	0.0 	0.0 	0.04 	
30 	0.02 	0.0 	0.0 	0.0 	0.0 	0.0 	0.0 	0.0 	0.0 	0.42 	0.21 	0.01 	0.01 	0.01 	0.21 	0.02 	0.02 	0.0 	0.0 	0.06 	
31 	0.06 	0.02 	0.0 	0.0 	0.02 	0.09 	0.01 	0.01 	0.01 	0.21 	0.16 	0.04 	0.08 	0.13 	0.0 	0.01 	0.03 	0.0 	0.01 	0.11 	
32 	0.06 	0.03 	0.14 	0.28 	0.0 	0.02 	0.2 	0.03 	0.0 	0.0 	0.02 	0.1 	0.0 	0.0 	0.0 	0.07 	0.05 	0.0 	0.0 	0.01 	
33 	0.05 	0.06 	0.02 	0.02 	0.0 	0.1 	0.04 	0.0 	0.01 	0.14 	0.19 	0.02 	0.07 	0.01 	0.0 	0.04 	0.12 	0.0 	0.01 	0.11 	
34 	0.03 	0.02 	0.0 	0.0 	0.0 	0.01 	0.01 	0.0 	0.0 	0.17 	0.28 	0.01 	0.11 	0.17 	0.02 	0.0 	0.0 	0.01 	0.06 	0.09 	
35 	0.02 	0.26 	0.05 	0.01 	0.0 	0.05 	0.05 	0.0 	0.02 	0.02 	0.0 	0.44 	0.0 	0.0 	0.0 	0.06 	0.02 	0.0 	0.01 	0.0 	
36 	0.08 	0.05 	0.08 	0.07 	0.01 	0.17 	0.14 	0.01 	0.03 	0.01 	0.06 	0.08 	0.0 	0.0 	0.01 	0.1 	0.08 	0.0 	0.0 	0.02 	
37 	0.11 	0.05 	0.0 	0.05 	0.01 	0.05 	0.1 	0.0 	0.04 	0.09 	0.2 	0.08 	0.0 	0.02 	0.0 	0.07 	0.03 	0.0 	0.03 	0.04 	
38 	0.02 	0.01 	0.0 	0.0 	0.0 	0.0 	0.02 	0.0 	0.0 	0.49 	0.14 	0.04 	0.0 	0.08 	0.0 	0.0 	0.0 	0.0 	0.0 	0.18 	
39 	0.27 	0.03 	0.03 	0.01 	0.02 	0.14 	0.04 	0.02 	0.01 	0.05 	0.02 	0.09 	0.0 	0.0 	0.0 	0.17 	0.04 	0.0 	0.01 	0.06 	
40 	0.11 	0.04 	0.02 	0.08 	0.02 	0.16 	0.19 	0.03 	0.0 	0.01 	0.01 	0.13 	0.0 	0.0 	0.0 	0.13 	0.07 	0.0 	0.0 	0.01 	
41 	0.4 	0.04 	0.02 	0.02 	0.01 	0.05 	0.15 	0.03 	0.0 	0.05 	0.06 	0.03 	0.0 	0.0 	0.0 	0.04 	0.02 	0.0 	0.01 	0.06 	
42 	0.03 	0.0 	0.0 	0.01 	0.0 	0.0 	0.01 	0.02 	0.0 	0.2 	0.56 	0.01 	0.03 	0.01 	0.0 	0.02 	0.0 	0.0 	0.01 	0.08 	
43 	0.21 	0.04 	0.03 	0.04 	0.0 	0.04 	0.11 	0.06 	0.06 	0.03 	0.02 	0.07 	0.0 	0.01 	0.02 	0.18 	0.04 	0.0 	0.01 	0.03 	
44 	0.14 	0.08 	0.02 	0.07 	0.0 	0.14 	0.11 	0.03 	0.0 	0.01 	0.05 	0.17 	0.01 	0.01 	0.01 	0.06 	0.02 	0.0 	0.0 	0.05 	
45 	0.11 	0.03 	0.01 	0.0 	0.0 	0.02 	0.03 	0.02 	0.01 	0.19 	0.26 	0.04 	0.02 	0.03 	0.01 	0.04 	0.03 	0.0 	0.0 	0.14 	
46 	0.1 	0.04 	0.07 	0.06 	0.0 	0.03 	0.07 	0.05 	0.01 	0.03 	0.11 	0.06 	0.01 	0.07 	0.04 	0.09 	0.06 	0.01 	0.04 	0.07 	
47 	0.1 	0.01 	0.09 	0.1 	0.01 	0.04 	0.13 	0.31 	0.0 	0.01 	0.02 	0.04 	0.0 	0.0 	0.03 	0.07 	0.02 	0.0 	0.0 	0.01 	
48 	0.08 	0.02 	0.03 	0.01 	0.01 	0.01 	0.03 	0.05 	0.01 	0.2 	0.25 	0.02 	0.02 	0.02 	0.03 	0.05 	0.03 	0.01 	0.01 	0.11 	
49 	0.06 	0.01 	0.01 	0.22 	0.01 	0.03 	0.13 	0.02 	0.01 	0.01 	0.11 	0.06 	0.01 	0.0 	0.18 	0.07 	0.07 	0.0 	0.0 	0.01 	
50 	0.14 	0.03 	0.03 	0.04 	0.01 	0.09 	0.07 	0.04 	0.02 	0.04 	0.1 	0.07 	0.0 	0.02 	0.1 	0.07 	0.02 	0.0 	0.01 	0.08 	
51 	0.08 	0.02 	0.03 	0.22 	0.0 	0.04 	0.23 	0.02 	0.0 	0.02 	0.06 	0.02 	0.0 	0.01 	0.04 	0.13 	0.05 	0.0 	0.0 	0.01 	
52 	0.12 	0.01 	0.05 	0.04 	0.01 	0.03 	0.09 	0.14 	0.0 	0.05 	0.18 	0.08 	0.01 	0.02 	0.02 	0.04 	0.04 	0.01 	0.0 	0.06 	
53 	0.06 	0.01 	0.03 	0.03 	0.01 	0.03 	0.06 	0.02 	0.0 	0.34 	0.15 	0.01 	0.01 	0.02 	0.03 	0.04 	0.03 	0.01 	0.03 	0.09 	
54 	0.11 	0.03 	0.07 	0.07 	0.0 	0.02 	0.08 	0.01 	0.01 	0.06 	0.12 	0.04 	0.01 	0.09 	0.06 	0.04 	0.08 	0.0 	0.06 	0.05 	
55 	0.07 	0.03 	0.04 	0.02 	0.0 	0.04 	0.14 	0.02 	0.01 	0.11 	0.02 	0.1 	0.01 	0.01 	0.28 	0.04 	0.01 	0.0 	0.01 	0.04 	
56 	0.15 	0.02 	0.05 	0.03 	0.01 	0.02 	0.04 	0.01 	0.01 	0.1 	0.11 	0.06 	0.01 	0.0 	0.02 	0.06 	0.14 	0.0 	0.0 	0.15 	
57 	0.01 	0.02 	0.01 	0.01 	0.0 	0.0 	0.0 	0.0 	0.0 	0.33 	0.29 	0.0 	0.03 	0.05 	0.02 	0.04 	0.0 	0.0 	0.0 	0.2 	
58 	0.02 	0.04 	0.0 	0.07 	0.0 	0.09 	0.6 	0.01 	0.0 	0.01 	0.0 	0.02 	0.01 	0.0 	0.01 	0.06 	0.04 	0.0 	0.0 	0.04 	
59 	0.04 	0.16 	0.04 	0.01 	0.0 	0.04 	0.04 	0.01 	0.03 	0.1 	0.01 	0.12 	0.0 	0.01 	0.09 	0.08 	0.09 	0.01 	0.07 	0.08 	
60 	0.06 	0.0 	0.01 	0.0 	0.0 	0.0 	0.05 	0.01 	0.0 	0.0 	0.0 	0.0 	0.0 	0.0 	0.65 	0.08 	0.1 	0.0 	0.0 	0.01 	
61 	0.05 	0.15 	0.04 	0.03 	0.0 	0.01 	0.0 	0.0 	0.0 	0.03 	0.0 	0.37 	0.0 	0.0 	0.23 	0.05 	0.01 	0.0 	0.0 	0.0 	
62 	0.04 	0.04 	0.15 	0.25 	0.0 	0.04 	0.05 	0.01 	0.03 	0.0 	0.03 	0.15 	0.0 	0.0 	0.02 	0.08 	0.08 	0.0 	0.0 	0.04 	
63 	0.14 	0.09 	0.04 	0.02 	0.0 	0.01 	0.11 	0.0 	0.01 	0.02 	0.01 	0.18 	0.02 	0.0 	0.16 	0.12 	0.02 	0.0 	0.0 	0.05 	
64 	0.09 	0.04 	0.06 	0.17 	0.0 	0.08 	0.23 	0.02 	0.0 	0.02 	0.01 	0.1 	0.01 	0.01 	0.01 	0.11 	0.02 	0.0 	0.0 	0.01 	
65 	0.0 	0.04 	0.03 	0.02 	0.0 	0.01 	0.0 	0.01 	0.36 	0.0 	0.13 	0.0 	0.1 	0.17 	0.02 	0.03 	0.0 	0.0 	0.05 	0.03 	
66 	0.15 	0.0 	0.0 	0.0 	0.0 	0.0 	0.0 	0.83 	0.0 	0.0 	0.0 	0.0 	0.0 	0.0 	0.0 	0.01 	0.0 	0.0 	0.01 	0.0 	
67 	0.02 	0.0 	0.0 	0.88 	0.0 	0.0 	0.0 	0.0 	0.06 	0.0 	0.0 	0.0 	0.0 	0.0 	0.0 	0.0 	0.01 	0.0 	0.03 	0.0 	
68 	0.01 	0.01 	0.0 	0.0 	0.0 	0.0 	0.0 	0.0 	0.0 	0.08 	0.22 	0.0 	0.02 	0.27 	0.0 	0.0 	0.0 	0.03 	0.28 	0.07 	
69 	0.47 	0.02 	0.03 	0.0 	0.0 	0.15 	0.0 	0.02 	0.0 	0.0 	0.02 	0.0 	0.0 	0.0 	0.0 	0.27 	0.01 	0.0 	0.02 	0.0 	
70 	0.11 	0.0 	0.01 	0.0 	0.08 	0.0 	0.0 	0.0 	0.0 	0.07 	0.14 	0.0 	0.0 	0.12 	0.0 	0.13 	0.31 	0.0 	0.0 	0.05 	
71 	0.05 	0.03 	0.48 	0.0 	0.0 	0.0 	0.0 	0.01 	0.0 	0.0 	0.05 	0.0 	0.0 	0.0 	0.25 	0.06 	0.05 	0.0 	0.0 	0.01 	
72 	0.14 	0.0 	0.01 	0.0 	0.05 	0.0 	0.0 	0.03 	0.0 	0.22 	0.19 	0.0 	0.06 	0.04 	0.0 	0.02 	0.04 	0.0 	0.0 	0.19 	
73 	0.56 	0.01 	0.0 	0.04 	0.0 	0.01 	0.01 	0.0 	0.02 	0.01 	0.0 	0.0 	0.0 	0.19 	0.11 	0.02 	0.0 	0.0 	0.0 	0.02 	
74 	0.02 	0.04 	0.01 	0.0 	0.0 	0.02 	0.05 	0.0 	0.0 	0.02 	0.23 	0.07 	0.35 	0.03 	0.0 	0.1 	0.02 	0.0 	0.0 	0.02 	
75 	0.25 	0.01 	0.0 	0.0 	0.0 	0.07 	0.01 	0.01 	0.0 	0.06 	0.3 	0.01 	0.04 	0.04 	0.01 	0.04 	0.01 	0.0 	0.02 	0.12 	
76 	0.02 	0.07 	0.01 	0.0 	0.0 	0.0 	0.0 	0.02 	0.0 	0.03 	0.31 	0.46 	0.01 	0.01 	0.0 	0.05 	0.0 	0.0 	0.0 	0.01 	
77 	0.35 	0.01 	0.0 	0.01 	0.0 	0.02 	0.07 	0.01 	0.0 	0.09 	0.03 	0.13 	0.01 	0.01 	0.01 	0.06 	0.08 	0.0 	0.0 	0.11 	
78 	0.08 	0.02 	0.01 	0.03 	0.01 	0.01 	0.03 	0.0 	0.01 	0.02 	0.23 	0.33 	0.03 	0.05 	0.0 	0.03 	0.04 	0.0 	0.02 	0.06 	
79 	0.01 	0.24 	0.01 	0.0 	0.0 	0.03 	0.02 	0.24 	0.02 	0.0 	0.04 	0.34 	0.0 	0.0 	0.03 	0.0 	0.02 	0.0 	0.0 	0.0 	
80 	0.07 	0.07 	0.01 	0.01 	0.01 	0.1 	0.04 	0.02 	0.0 	0.01 	0.07 	0.36 	0.1 	0.0 	0.03 	0.02 	0.07 	0.0 	0.0 	0.03 	
81 	0.2 	0.04 	0.37 	0.07 	0.0 	0.01 	0.0 	0.01 	0.0 	0.0 	0.03 	0.08 	0.0 	0.0 	0.06 	0.11 	0.01 	0.0 	0.0 	0.0 	
82 	0.0 	0.0 	0.0 	0.0 	0.0 	0.01 	0.0 	0.0 	0.0 	0.05 	0.03 	0.02 	0.0 	0.0 	0.85 	0.01 	0.03 	0.0 	0.0 	0.0 	
83 	0.06 	0.47 	0.05 	0.02 	0.0 	0.1 	0.03 	0.0 	0.01 	0.05 	0.03 	0.07 	0.04 	0.01 	0.02 	0.02 	0.0 	0.0 	0.0 	0.03 	
84 	0.1 	0.01 	0.02 	0.14 	0.0 	0.13 	0.3 	0.0 	0.0 	0.06 	0.04 	0.04 	0.04 	0.01 	0.0 	0.02 	0.01 	0.0 	0.0 	0.07 	
85 	0.02 	0.0 	0.0 	0.0 	0.0 	0.04 	0.0 	0.0 	0.0 	0.41 	0.38 	0.01 	0.0 	0.04 	0.0 	0.0 	0.0 	0.0 	0.0 	0.09 	
86 	0.86 	0.0 	0.04 	0.0 	0.0 	0.0 	0.0 	0.02 	0.0 	0.02 	0.0 	0.0 	0.0 	0.0 	0.0 	0.02 	0.02 	0.0 	0.0 	0.02 	
87 	0.08 	0.01 	0.03 	0.03 	0.0 	0.19 	0.33 	0.04 	0.0 	0.03 	0.02 	0.05 	0.01 	0.0 	0.0 	0.08 	0.05 	0.0 	0.0 	0.03 	
88 	0.09 	0.11 	0.02 	0.07 	0.0 	0.06 	0.25 	0.01 	0.01 	0.05 	0.06 	0.13 	0.01 	0.0 	0.0 	0.02 	0.06 	0.02 	0.0 	0.02 	
89 	0.01 	0.0 	0.0 	0.0 	0.0 	0.0 	0.01 	0.0 	0.0 	0.38 	0.39 	0.0 	0.0 	0.05 	0.0 	0.01 	0.02 	0.03 	0.0 	0.09 	
90 	0.33 	0.02 	0.0 	0.0 	0.03 	0.02 	0.03 	0.01 	0.0 	0.12 	0.05 	0.08 	0.01 	0.0 	0.0 	0.04 	0.03 	0.0 	0.01 	0.23 	
91 	0.16 	0.01 	0.07 	0.12 	0.0 	0.02 	0.28 	0.04 	0.0 	0.03 	0.02 	0.09 	0.0 	0.0 	0.01 	0.08 	0.03 	0.0 	0.0 	0.04 	
92 	0.21 	0.07 	0.07 	0.02 	0.0 	0.06 	0.08 	0.0 	0.09 	0.03 	0.03 	0.22 	0.0 	0.0 	0.0 	0.04 	0.03 	0.0 	0.02 	0.03 	
93 	0.01 	0.0 	0.01 	0.0 	0.01 	0.0 	0.0 	0.0 	0.0 	0.19 	0.57 	0.0 	0.03 	0.13 	0.0 	0.01 	0.0 	0.0 	0.0 	0.03 	
94 	0.07 	0.04 	0.05 	0.17 	0.0 	0.06 	0.11 	0.04 	0.0 	0.01 	0.05 	0.08 	0.0 	0.01 	0.18 	0.09 	0.02 	0.0 	0.0 	0.02 	
95 	0.13 	0.03 	0.06 	0.05 	0.04 	0.04 	0.09 	0.1 	0.03 	0.02 	0.11 	0.08 	0.0 	0.01 	0.04 	0.05 	0.08 	0.0 	0.0 	0.03 	
96 	0.04 	0.01 	0.09 	0.2 	0.02 	0.02 	0.06 	0.12 	0.04 	0.03 	0.03 	0.03 	0.0 	0.03 	0.06 	0.13 	0.06 	0.0 	0.01 	0.02 	
97 	0.06 	0.01 	0.03 	0.16 	0.0 	0.04 	0.16 	0.14 	0.0 	0.01 	0.01 	0.13 	0.0 	0.0 	0.09 	0.07 	0.07 	0.0 	0.01 	0.01 	
98 	0.04 	0.02 	0.0 	0.05 	0.03 	0.02 	0.05 	0.08 	0.0 	0.11 	0.17 	0.0 	0.01 	0.1 	0.0 	0.05 	0.02 	0.02 	0.14 	0.06 	
99 	0.08 	0.0 	0.0 	0.0 	0.02 	0.0 	0.01 	0.02 	0.0 	0.36 	0.06 	0.02 	0.01 	0.1 	0.0 	0.01 	0.02 	0.01 	0.01 	0.27 	
100 	0.15 	0.04 	0.01 	0.1 	0.0 	0.03 	0.3 	0.05 	0.0 	0.01 	0.01 	0.07 	0.0 	0.0 	0.0 	0.12 	0.07 	0.0 	0.01 	0.03 	
101 	0.07 	0.07 	0.03 	0.03 	0.0 	0.01 	0.18 	0.06 	0.01 	0.01 	0.0 	0.39 	0.0 	0.0 	0.02 	0.1 	0.03 	0.0 	0.0 	0.01 	
102 	0.11 	0.0 	0.0 	0.01 	0.01 	0.01 	0.0 	0.0 	0.0 	0.25 	0.06 	0.0 	0.02 	0.01 	0.03 	0.0 	0.05 	0.0 	0.01 	0.43 	
103 	0.01 	0.03 	0.01 	0.08 	0.01 	0.03 	0.49 	0.0 	0.0 	0.02 	0.0 	0.08 	0.0 	0.0 	0.0 	0.13 	0.05 	0.01 	0.01 	0.04 	
104 	0.3 	0.0 	0.02 	0.0 	0.01 	0.0 	0.0 	0.0 	0.0 	0.35 	0.01 	0.05 	0.0 	0.01 	0.01 	0.03 	0.04 	0.0 	0.0 	0.19 	
105 	0.55 	0.01 	0.03 	0.0 	0.01 	0.0 	0.03 	0.04 	0.0 	0.02 	0.03 	0.03 	0.04 	0.0 	0.01 	0.02 	0.06 	0.0 	0.0 	0.12 	
106 	0.01 	0.0 	0.04 	0.01 	0.0 	0.02 	0.0 	0.84 	0.0 	0.0 	0.0 	0.03 	0.0 	0.0 	0.04 	0.01 	0.0 	0.0 	0.0 	0.0 	
107 	0.02 	0.01 	0.01 	0.0 	0.0 	0.0 	0.0 	0.14 	0.0 	0.06 	0.02 	0.0 	0.0 	0.0 	0.72 	0.0 	0.0 	0.0 	0.0 	0.0 	
108 	0.0 	0.0 	0.0 	0.0 	0.0 	0.0 	0.0 	0.0 	0.0 	0.0 	0.0 	0.0 	0.0 	0.62 	0.0 	0.0 	0.04 	0.0 	0.35 	0.0 	
109 	0.0 	0.0 	0.0 	0.0 	0.01 	0.0 	0.0 	0.0 	0.0 	0.57 	0.23 	0.0 	0.0 	0.0 	0.0 	0.01 	0.0 	0.0 	0.0 	0.18 	
110 	0.0 	0.01 	0.97 	0.0 	0.0 	0.02 	0.0 	0.0 	0.0 	0.0 	0.0 	0.0 	0.0 	0.0 	0.0 	0.0 	0.0 	0.0 	0.0 	0.0 	
111 	0.05 	0.0 	0.0 	0.0 	0.0 	0.0 	0.0 	0.02 	0.0 	0.2 	0.12 	0.0 	0.01 	0.52 	0.0 	0.0 	0.0 	0.0 	0.0 	0.07 	
112 	0.01 	0.19 	0.02 	0.03 	0.0 	0.0 	0.01 	0.0 	0.06 	0.01 	0.0 	0.15 	0.0 	0.31 	0.0 	0.01 	0.12 	0.0 	0.05 	0.03 	
113 	0.03 	0.0 	0.0 	0.0 	0.01 	0.01 	0.0 	0.0 	0.0 	0.2 	0.53 	0.0 	0.03 	0.1 	0.01 	0.0 	0.0 	0.0 	0.01 	0.08 	
114 	0.05 	0.03 	0.22 	0.21 	0.0 	0.01 	0.03 	0.05 	0.02 	0.0 	0.02 	0.08 	0.0 	0.0 	0.02 	0.18 	0.05 	0.0 	0.0 	0.01 	
115 	0.09 	0.15 	0.06 	0.06 	0.0 	0.05 	0.08 	0.03 	0.02 	0.0 	0.02 	0.18 	0.0 	0.0 	0.14 	0.02 	0.05 	0.0 	0.04 	0.01 	
116 	0.15 	0.05 	0.06 	0.09 	0.0 	0.05 	0.14 	0.06 	0.01 	0.01 	0.02 	0.11 	0.0 	0.0 	0.06 	0.14 	0.03 	0.0 	0.0 	0.02 	
117 	0.19 	0.04 	0.01 	0.01 	0.01 	0.02 	0.14 	0.0 	0.01 	0.01 	0.05 	0.01 	0.0 	0.17 	0.0 	0.05 	0.02 	0.08 	0.13 	0.05 	
118 	0.04 	0.01 	0.01 	0.0 	0.01 	0.02 	0.0 	0.0 	0.01 	0.07 	0.38 	0.03 	0.01 	0.08 	0.0 	0.01 	0.02 	0.12 	0.08 	0.09 	
119 	0.21 	0.03 	0.03 	0.02 	0.01 	0.04 	0.03 	0.06 	0.01 	0.07 	0.04 	0.03 	0.03 	0.08 	0.01 	0.11 	0.12 	0.03 	0.02 	0.03 	
120 	0.11 	0.07 	0.08 	0.06 	0.0 	0.15 	0.11 	0.06 	0.05 	0.0 	0.0 	0.2 	0.0 	0.0 	0.0 	0.05 	0.01 	0.0 	0.01 	0.03 	
121 	0.1 	0.05 	0.06 	0.03 	0.01 	0.14 	0.11 	0.04 	0.01 	0.02 	0.14 	0.02 	0.01 	0.02 	0.02 	0.07 	0.11 	0.0 	0.02 	0.02 	
122 	0.06 	0.01 	0.0 	0.0 	0.0 	0.0 	0.01 	0.01 	0.0 	0.2 	0.19 	0.0 	0.0 	0.01 	0.01 	0.01 	0.13 	0.0 	0.0 	0.36 	
123 	0.03 	0.01 	0.05 	0.01 	0.0 	0.02 	0.03 	0.01 	0.01 	0.2 	0.33 	0.01 	0.02 	0.08 	0.0 	0.02 	0.02 	0.0 	0.0 	0.15 	
124 	0.13 	0.1 	0.03 	0.04 	0.0 	0.14 	0.09 	0.04 	0.02 	0.0 	0.01 	0.16 	0.0 	0.0 	0.08 	0.06 	0.09 	0.0 	0.0 	0.01 	
125 	0.18 	0.03 	0.07 	0.09 	0.0 	0.09 	0.17 	0.01 	0.0 	0.02 	0.02 	0.08 	0.04 	0.0 	0.0 	0.07 	0.09 	0.0 	0.01 	0.02 	
126 	0.06 	0.01 	0.0 	0.01 	0.0 	0.0 	0.0 	0.0 	0.0 	0.35 	0.06 	0.0 	0.04 	0.01 	0.0 	0.0 	0.0 	0.0 	0.01 	0.43 	
127 	0.05 	0.02 	0.09 	0.02 	0.0 	0.02 	0.04 	0.01 	0.01 	0.1 	0.46 	0.02 	0.0 	0.04 	0.0 	0.01 	0.04 	0.01 	0.01 	0.04 	
128 	0.14 	0.05 	0.05 	0.07 	0.0 	0.07 	0.19 	0.02 	0.01 	0.01 	0.05 	0.11 	0.01 	0.0 	0.0 	0.13 	0.09 	0.0 	0.01 	0.0 	
129 	0.16 	0.03 	0.02 	0.09 	0.0 	0.17 	0.21 	0.01 	0.02 	0.01 	0.08 	0.08 	0.02 	0.02 	0.0 	0.04 	0.0 	0.0 	0.02 	0.01 	
130 	0.04 	0.08 	0.01 	0.04 	0.0 	0.04 	0.03 	0.49 	0.0 	0.0 	0.0 	0.22 	0.0 	0.0 	0.03 	0.01 	0.0 	0.0 	0.0 	0.0 	
131 	0.08 	0.02 	0.01 	0.2 	0.01 	0.02 	0.39 	0.05 	0.01 	0.0 	0.01 	0.06 	0.0 	0.0 	0.02 	0.06 	0.05 	0.0 	0.0 	0.01 	
132 	0.12 	0.06 	0.12 	0.2 	0.0 	0.03 	0.06 	0.05 	0.05 	0.0 	0.0 	0.19 	0.0 	0.0 	0.0 	0.09 	0.03 	0.0 	0.01 	0.0 	
133 	0.0 	0.0 	0.0 	0.0 	0.0 	0.0 	0.0 	0.0 	0.0 	0.0 	0.01 	0.0 	0.0 	0.34 	0.0 	0.0 	0.0 	0.01 	0.64 	0.0 	
134 	0.05 	0.0 	0.0 	0.0 	0.0 	0.0 	0.0 	0.95 	0.0 	0.0 	0.0 	0.0 	0.0 	0.0 	0.0 	0.0 	0.0 	0.0 	0.0 	0.0 	
