	A 	R 	N 	D 	C 	Q 	E 	G 	H 	I 	L 	K 	M 	F 	P 	S 	T 	W 	Y 	V 	
1 	0.0 	0.0 	0.0 	0.0 	0.0 	0.0 	0.0 	0.0 	0.0 	0.0 	0.0 	0.0 	0.0 	0.48 	0.0 	0.0 	0.0 	0.52 	0.0 	0.0 	
2 	0.03 	0.04 	0.11 	0.43 	0.0 	0.0 	0.18 	0.1 	0.0 	0.03 	0.0 	0.0 	0.0 	0.0 	0.0 	0.04 	0.04 	0.0 	0.0 	0.0 	
3 	0.02 	0.18 	0.08 	0.02 	0.0 	0.02 	0.0 	0.02 	0.0 	0.03 	0.22 	0.07 	0.05 	0.0 	0.0 	0.23 	0.01 	0.0 	0.0 	0.05 	
4 	0.0 	0.0 	0.0 	0.0 	0.0 	0.0 	0.0 	0.0 	0.0 	0.04 	0.86 	0.0 	0.05 	0.03 	0.0 	0.0 	0.0 	0.0 	0.0 	0.02 	
5 	0.0 	0.0 	0.0 	0.02 	0.0 	0.02 	0.0 	0.0 	0.0 	0.0 	0.02 	0.0 	0.0 	0.0 	0.92 	0.02 	0.0 	0.0 	0.0 	0.0 	
6 	0.01 	0.03 	0.0 	0.23 	0.0 	0.05 	0.11 	0.0 	0.04 	0.02 	0.08 	0.05 	0.0 	0.04 	0.14 	0.11 	0.02 	0.0 	0.06 	0.02 	
7 	0.01 	0.02 	0.02 	0.1 	0.0 	0.02 	0.63 	0.01 	0.06 	0.0 	0.02 	0.0 	0.0 	0.0 	0.03 	0.04 	0.0 	0.0 	0.0 	0.01 	
8 	0.06 	0.0 	0.0 	0.0 	0.02 	0.0 	0.0 	0.0 	0.0 	0.19 	0.35 	0.0 	0.05 	0.0 	0.0 	0.01 	0.04 	0.0 	0.0 	0.29 	
9 	0.07 	0.0 	0.0 	0.0 	0.0 	0.0 	0.03 	0.0 	0.0 	0.1 	0.41 	0.03 	0.04 	0.02 	0.0 	0.09 	0.03 	0.06 	0.0 	0.13 	
10 	0.03 	0.03 	0.0 	0.02 	0.02 	0.05 	0.1 	0.0 	0.0 	0.07 	0.35 	0.02 	0.05 	0.12 	0.0 	0.03 	0.0 	0.0 	0.03 	0.09 	
11 	0.03 	0.13 	0.06 	0.0 	0.02 	0.15 	0.12 	0.02 	0.12 	0.02 	0.03 	0.17 	0.02 	0.01 	0.0 	0.04 	0.03 	0.0 	0.04 	0.0 	
12 	0.0 	0.0 	0.0 	0.0 	0.0 	0.0 	0.0 	0.0 	0.0 	0.73 	0.05 	0.0 	0.0 	0.0 	0.0 	0.0 	0.0 	0.0 	0.0 	0.21 	
13 	0.0 	0.0 	0.0 	0.0 	0.0 	0.0 	0.0 	0.0 	0.0 	0.0 	0.31 	0.0 	0.0 	0.69 	0.0 	0.0 	0.0 	0.0 	0.0 	0.0 	
14 	0.07 	0.1 	0.0 	0.0 	0.04 	0.07 	0.0 	0.02 	0.01 	0.0 	0.05 	0.01 	0.0 	0.0 	0.0 	0.53 	0.09 	0.0 	0.0 	0.01 	
15 	0.0 	0.11 	0.03 	0.0 	0.05 	0.02 	0.0 	0.0 	0.06 	0.0 	0.09 	0.0 	0.0 	0.2 	0.0 	0.03 	0.0 	0.0 	0.41 	0.0 	
16 	0.0 	0.0 	0.0 	0.0 	0.0 	0.0 	0.0 	0.0 	0.0 	0.0 	0.88 	0.0 	0.04 	0.0 	0.0 	0.0 	0.02 	0.0 	0.0 	0.06 	
17 	0.0 	0.0 	0.08 	0.31 	0.02 	0.0 	0.05 	0.07 	0.01 	0.0 	0.01 	0.02 	0.02 	0.0 	0.32 	0.07 	0.04 	0.0 	0.0 	0.0 	
18 	0.18 	0.02 	0.0 	0.01 	0.01 	0.05 	0.03 	0.01 	0.03 	0.05 	0.16 	0.0 	0.03 	0.02 	0.15 	0.0 	0.11 	0.0 	0.03 	0.1 	
19 	0.07 	0.17 	0.04 	0.02 	0.0 	0.08 	0.06 	0.01 	0.0 	0.03 	0.03 	0.2 	0.01 	0.01 	0.09 	0.02 	0.08 	0.0 	0.02 	0.05 	
20 	0.04 	0.0 	0.02 	0.41 	0.0 	0.03 	0.11 	0.01 	0.02 	0.0 	0.0 	0.0 	0.0 	0.02 	0.0 	0.28 	0.05 	0.0 	0.0 	0.0 	
21 	0.02 	0.11 	0.0 	0.0 	0.0 	0.0 	0.0 	0.0 	0.0 	0.03 	0.75 	0.0 	0.02 	0.02 	0.0 	0.0 	0.0 	0.0 	0.0 	0.04 	
22 	0.12 	0.03 	0.01 	0.0 	0.26 	0.0 	0.0 	0.06 	0.0 	0.08 	0.22 	0.01 	0.02 	0.04 	0.01 	0.01 	0.02 	0.0 	0.03 	0.07 	
23 	0.08 	0.4 	0.08 	0.0 	0.04 	0.03 	0.03 	0.0 	0.02 	0.04 	0.03 	0.08 	0.0 	0.0 	0.0 	0.11 	0.04 	0.0 	0.0 	0.01 	
24 	0.27 	0.0 	0.0 	0.0 	0.32 	0.0 	0.0 	0.0 	0.0 	0.04 	0.19 	0.0 	0.02 	0.05 	0.0 	0.03 	0.02 	0.02 	0.0 	0.05 	
25 	0.23 	0.05 	0.0 	0.0 	0.02 	0.03 	0.01 	0.08 	0.01 	0.0 	0.0 	0.09 	0.05 	0.0 	0.02 	0.39 	0.03 	0.0 	0.0 	0.0 	
26 	0.07 	0.17 	0.0 	0.0 	0.12 	0.23 	0.02 	0.03 	0.01 	0.0 	0.17 	0.0 	0.0 	0.0 	0.02 	0.11 	0.04 	0.0 	0.0 	0.0 	
27 	0.03 	0.0 	0.0 	0.0 	0.0 	0.0 	0.0 	0.0 	0.0 	0.03 	0.02 	0.0 	0.01 	0.0 	0.0 	0.01 	0.13 	0.0 	0.0 	0.76 	
28 	0.0 	0.0 	0.06 	0.0 	0.73 	0.0 	0.0 	0.0 	0.0 	0.0 	0.0 	0.0 	0.0 	0.0 	0.0 	0.18 	0.0 	0.0 	0.0 	0.0 	
29 	0.0 	0.41 	0.0 	0.0 	0.0 	0.01 	0.0 	0.0 	0.05 	0.0 	0.0 	0.36 	0.0 	0.0 	0.01 	0.06 	0.06 	0.01 	0.01 	0.0 	
30 	0.09 	0.29 	0.02 	0.03 	0.0 	0.04 	0.02 	0.02 	0.1 	0.0 	0.02 	0.09 	0.0 	0.0 	0.0 	0.11 	0.08 	0.0 	0.05 	0.02 	
31 	0.0 	0.0 	0.0 	0.0 	0.0 	0.0 	0.0 	0.0 	0.0 	0.0 	0.03 	0.0 	0.0 	0.18 	0.0 	0.0 	0.0 	0.8 	0.0 	0.0 	
32 	0.02 	0.28 	0.17 	0.0 	0.0 	0.06 	0.0 	0.0 	0.02 	0.0 	0.02 	0.09 	0.02 	0.04 	0.0 	0.06 	0.01 	0.0 	0.2 	0.0 	
33 	0.11 	0.16 	0.06 	0.1 	0.02 	0.08 	0.13 	0.01 	0.08 	0.03 	0.02 	0.05 	0.02 	0.01 	0.0 	0.03 	0.06 	0.0 	0.03 	0.02 	
34 	0.09 	0.0 	0.0 	0.0 	0.03 	0.0 	0.0 	0.0 	0.0 	0.19 	0.48 	0.0 	0.03 	0.05 	0.0 	0.0 	0.02 	0.05 	0.0 	0.07 	
35 	0.3 	0.02 	0.0 	0.0 	0.09 	0.0 	0.0 	0.04 	0.0 	0.12 	0.12 	0.0 	0.0 	0.08 	0.01 	0.08 	0.06 	0.0 	0.0 	0.07 	
36 	0.03 	0.08 	0.2 	0.15 	0.06 	0.03 	0.04 	0.02 	0.07 	0.0 	0.07 	0.03 	0.0 	0.02 	0.0 	0.15 	0.02 	0.01 	0.01 	0.02 	
37 	0.0 	0.03 	0.07 	0.6 	0.0 	0.01 	0.02 	0.02 	0.02 	0.03 	0.01 	0.0 	0.01 	0.0 	0.0 	0.1 	0.06 	0.0 	0.02 	0.0 	
38 	0.0 	0.02 	0.08 	0.17 	0.0 	0.0 	0.16 	0.11 	0.02 	0.0 	0.0 	0.09 	0.0 	0.01 	0.3 	0.05 	0.0 	0.0 	0.0 	0.0 	
39 	0.04 	0.16 	0.02 	0.08 	0.02 	0.03 	0.03 	0.03 	0.0 	0.03 	0.11 	0.05 	0.03 	0.05 	0.0 	0.18 	0.04 	0.03 	0.02 	0.06 	
40 	0.0 	0.02 	0.02 	0.0 	0.0 	0.0 	0.0 	0.0 	0.0 	0.1 	0.62 	0.0 	0.0 	0.13 	0.0 	0.01 	0.01 	0.0 	0.0 	0.09 	
41 	0.0 	0.0 	0.0 	0.0 	0.0 	0.0 	0.0 	0.0 	0.0 	0.0 	0.0 	0.0 	0.0 	0.0 	0.0 	0.0 	0.0 	1.0 	0.0 	0.0 	
