	A 	R 	N 	D 	C 	Q 	E 	G 	H 	I 	L 	K 	M 	F 	P 	S 	T 	W 	Y 	V 	
1 	0.24 	0.0 	0.01 	0.0 	0.0 	0.0 	0.0 	0.02 	0.0 	0.0 	0.0 	0.0 	0.0 	0.0 	0.01 	0.46 	0.26 	0.0 	0.0 	0.0 	
2 	0.25 	0.0 	0.02 	0.12 	0.0 	0.0 	0.06 	0.04 	0.0 	0.0 	0.0 	0.01 	0.0 	0.0 	0.01 	0.46 	0.02 	0.0 	0.0 	0.0 	
3 	0.03 	0.0 	0.0 	0.0 	0.0 	0.2 	0.0 	0.01 	0.68 	0.0 	0.0 	0.0 	0.0 	0.0 	0.02 	0.01 	0.0 	0.06 	0.0 	0.0 	
4 	0.0 	0.89 	0.01 	0.0 	0.0 	0.04 	0.04 	0.0 	0.0 	0.0 	0.01 	0.0 	0.0 	0.0 	0.0 	0.0 	0.0 	0.0 	0.0 	0.01 	
5 	0.03 	0.16 	0.02 	0.04 	0.0 	0.03 	0.02 	0.01 	0.01 	0.05 	0.08 	0.45 	0.03 	0.0 	0.0 	0.01 	0.03 	0.0 	0.0 	0.03 	
6 	0.73 	0.0 	0.01 	0.0 	0.02 	0.0 	0.0 	0.01 	0.04 	0.01 	0.05 	0.01 	0.04 	0.0 	0.0 	0.07 	0.0 	0.0 	0.0 	0.0 	
7 	0.0 	0.0 	0.0 	0.0 	0.0 	0.0 	0.0 	0.0 	0.0 	0.03 	0.46 	0.0 	0.4 	0.0 	0.0 	0.0 	0.06 	0.0 	0.0 	0.05 	
8 	0.01 	0.01 	0.0 	0.0 	0.0 	0.0 	0.0 	0.0 	0.01 	0.03 	0.63 	0.0 	0.06 	0.19 	0.0 	0.01 	0.0 	0.0 	0.03 	0.03 	
9 	0.12 	0.58 	0.02 	0.0 	0.01 	0.03 	0.0 	0.01 	0.0 	0.0 	0.01 	0.15 	0.01 	0.0 	0.0 	0.06 	0.0 	0.0 	0.0 	0.0 	
10 	0.04 	0.0 	0.73 	0.06 	0.0 	0.03 	0.01 	0.05 	0.0 	0.0 	0.0 	0.0 	0.0 	0.0 	0.0 	0.06 	0.02 	0.0 	0.0 	0.0 	
11 	0.0 	0.0 	0.0 	0.0 	0.0 	0.06 	0.0 	0.0 	0.0 	0.01 	0.57 	0.0 	0.34 	0.0 	0.01 	0.01 	0.0 	0.0 	0.0 	0.01 	
12 	0.38 	0.0 	0.0 	0.0 	0.02 	0.0 	0.0 	0.0 	0.0 	0.01 	0.06 	0.0 	0.03 	0.0 	0.0 	0.12 	0.15 	0.0 	0.0 	0.23 	
13 	0.09 	0.06 	0.05 	0.0 	0.04 	0.01 	0.0 	0.02 	0.0 	0.11 	0.0 	0.05 	0.0 	0.0 	0.0 	0.08 	0.42 	0.0 	0.0 	0.07 	
14 	0.2 	0.0 	0.01 	0.08 	0.01 	0.11 	0.1 	0.04 	0.0 	0.0 	0.0 	0.0 	0.0 	0.0 	0.0 	0.46 	0.0 	0.0 	0.0 	0.0 	
15 	0.0 	0.0 	0.0 	0.0 	0.0 	0.0 	0.0 	0.0 	0.0 	0.08 	0.85 	0.0 	0.0 	0.04 	0.0 	0.0 	0.0 	0.0 	0.0 	0.04 	
16 	0.0 	0.0 	0.0 	0.0 	0.0 	0.0 	0.0 	0.0 	0.0 	0.44 	0.2 	0.0 	0.0 	0.21 	0.0 	0.0 	0.01 	0.0 	0.0 	0.13 	
17 	0.01 	0.17 	0.02 	0.01 	0.0 	0.04 	0.24 	0.0 	0.01 	0.08 	0.08 	0.2 	0.02 	0.01 	0.0 	0.02 	0.04 	0.0 	0.0 	0.05 	
18 	0.01 	0.0 	0.13 	0.02 	0.0 	0.01 	0.06 	0.0 	0.6 	0.0 	0.0 	0.01 	0.0 	0.02 	0.01 	0.03 	0.0 	0.0 	0.1 	0.0 	
19 	0.0 	0.01 	0.02 	0.01 	0.0 	0.03 	0.52 	0.33 	0.01 	0.0 	0.0 	0.07 	0.0 	0.0 	0.0 	0.01 	0.0 	0.0 	0.0 	0.0 	
20 	0.03 	0.41 	0.0 	0.0 	0.0 	0.1 	0.01 	0.01 	0.02 	0.03 	0.02 	0.19 	0.01 	0.0 	0.0 	0.11 	0.03 	0.0 	0.0 	0.02 	
21 	0.0 	0.0 	0.0 	0.0 	0.0 	0.0 	0.0 	0.0 	0.0 	0.9 	0.03 	0.0 	0.01 	0.0 	0.0 	0.0 	0.0 	0.0 	0.0 	0.06 	
22 	0.0 	0.03 	0.02 	0.0 	0.0 	0.04 	0.27 	0.0 	0.01 	0.08 	0.0 	0.16 	0.02 	0.03 	0.0 	0.02 	0.19 	0.0 	0.0 	0.13 	
23 	0.05 	0.0 	0.0 	0.0 	0.0 	0.0 	0.0 	0.0 	0.0 	0.03 	0.0 	0.0 	0.0 	0.0 	0.0 	0.06 	0.85 	0.0 	0.0 	0.02 	
24 	0.0 	0.0 	0.0 	0.0 	0.0 	0.0 	0.0 	0.03 	0.0 	0.0 	0.0 	0.0 	0.0 	0.0 	0.02 	0.04 	0.91 	0.0 	0.0 	0.0 	
25 	0.0 	0.01 	0.0 	0.03 	0.0 	0.02 	0.24 	0.01 	0.02 	0.03 	0.31 	0.09 	0.0 	0.0 	0.0 	0.0 	0.06 	0.05 	0.0 	0.14 	
26 	0.43 	0.0 	0.0 	0.01 	0.0 	0.02 	0.03 	0.0 	0.0 	0.01 	0.0 	0.03 	0.0 	0.01 	0.27 	0.04 	0.11 	0.0 	0.02 	0.02 	
27 	0.0 	0.29 	0.0 	0.0 	0.0 	0.0 	0.0 	0.0 	0.0 	0.0 	0.0 	0.71 	0.0 	0.0 	0.0 	0.0 	0.0 	0.0 	0.0 	0.0 	
28 	0.89 	0.0 	0.0 	0.0 	0.02 	0.0 	0.0 	0.01 	0.0 	0.0 	0.04 	0.0 	0.0 	0.0 	0.0 	0.0 	0.0 	0.0 	0.0 	0.04 	
29 	0.01 	0.04 	0.0 	0.05 	0.0 	0.0 	0.0 	0.0 	0.0 	0.0 	0.0 	0.87 	0.01 	0.01 	0.0 	0.02 	0.0 	0.0 	0.0 	0.0 	
30 	0.19 	0.05 	0.01 	0.03 	0.0 	0.0 	0.63 	0.0 	0.0 	0.01 	0.01 	0.0 	0.0 	0.01 	0.0 	0.02 	0.02 	0.0 	0.0 	0.03 	
31 	0.06 	0.0 	0.0 	0.0 	0.0 	0.0 	0.0 	0.01 	0.0 	0.06 	0.54 	0.0 	0.05 	0.01 	0.0 	0.01 	0.04 	0.0 	0.0 	0.21 	
32 	0.01 	0.72 	0.01 	0.0 	0.01 	0.09 	0.0 	0.0 	0.0 	0.0 	0.0 	0.13 	0.0 	0.0 	0.0 	0.02 	0.01 	0.0 	0.0 	0.01 	
33 	0.02 	0.25 	0.02 	0.02 	0.0 	0.01 	0.03 	0.07 	0.0 	0.02 	0.0 	0.12 	0.0 	0.0 	0.23 	0.18 	0.01 	0.0 	0.0 	0.01 	
34 	0.01 	0.01 	0.0 	0.0 	0.0 	0.01 	0.05 	0.0 	0.07 	0.11 	0.07 	0.01 	0.01 	0.14 	0.0 	0.01 	0.04 	0.01 	0.26 	0.18 	
35 	0.41 	0.0 	0.0 	0.0 	0.01 	0.0 	0.0 	0.0 	0.0 	0.11 	0.03 	0.0 	0.02 	0.04 	0.0 	0.01 	0.02 	0.0 	0.0 	0.36 	
36 	0.0 	0.0 	0.0 	0.17 	0.0 	0.0 	0.83 	0.0 	0.0 	0.0 	0.0 	0.0 	0.0 	0.0 	0.0 	0.0 	0.0 	0.0 	0.0 	0.0 	
37 	0.0 	0.17 	0.0 	0.0 	0.0 	0.01 	0.01 	0.0 	0.04 	0.0 	0.0 	0.58 	0.0 	0.0 	0.15 	0.01 	0.0 	0.01 	0.0 	0.0 	
38 	0.01 	0.0 	0.0 	0.0 	0.01 	0.0 	0.0 	0.0 	0.0 	0.1 	0.59 	0.0 	0.25 	0.01 	0.0 	0.0 	0.0 	0.0 	0.0 	0.03 	
39 	0.0 	0.0 	0.0 	0.0 	0.0 	0.0 	0.0 	0.0 	0.0 	0.77 	0.03 	0.0 	0.03 	0.0 	0.0 	0.0 	0.02 	0.0 	0.0 	0.16 	
40 	0.02 	0.01 	0.01 	0.05 	0.0 	0.0 	0.02 	0.01 	0.01 	0.0 	0.0 	0.0 	0.0 	0.0 	0.0 	0.04 	0.85 	0.0 	0.0 	0.0 	
41 	0.01 	0.08 	0.0 	0.01 	0.0 	0.01 	0.02 	0.0 	0.01 	0.06 	0.51 	0.13 	0.01 	0.02 	0.0 	0.0 	0.01 	0.02 	0.05 	0.04 	
42 	0.64 	0.0 	0.01 	0.0 	0.01 	0.0 	0.0 	0.22 	0.0 	0.0 	0.0 	0.02 	0.0 	0.0 	0.0 	0.06 	0.03 	0.0 	0.0 	0.0 	
43 	0.01 	0.07 	0.0 	0.0 	0.0 	0.0 	0.01 	0.0 	0.0 	0.0 	0.02 	0.87 	0.0 	0.0 	0.0 	0.0 	0.01 	0.0 	0.0 	0.01 	
44 	0.01 	0.29 	0.06 	0.05 	0.0 	0.03 	0.1 	0.01 	0.01 	0.03 	0.04 	0.25 	0.0 	0.0 	0.0 	0.04 	0.03 	0.0 	0.0 	0.05 	
45 	0.07 	0.01 	0.12 	0.2 	0.0 	0.01 	0.01 	0.53 	0.0 	0.0 	0.0 	0.01 	0.0 	0.0 	0.03 	0.01 	0.0 	0.0 	0.0 	0.0 	
46 	0.01 	0.0 	0.05 	0.41 	0.0 	0.01 	0.03 	0.03 	0.0 	0.02 	0.01 	0.0 	0.0 	0.0 	0.01 	0.19 	0.22 	0.0 	0.01 	0.0 	
47 	0.0 	0.01 	0.0 	0.01 	0.0 	0.0 	0.0 	0.0 	0.0 	0.03 	0.58 	0.0 	0.0 	0.05 	0.02 	0.01 	0.08 	0.0 	0.0 	0.21 	
48 	0.33 	0.01 	0.11 	0.0 	0.01 	0.02 	0.0 	0.0 	0.42 	0.0 	0.01 	0.0 	0.0 	0.0 	0.01 	0.05 	0.02 	0.0 	0.01 	0.0 	
49 	0.4 	0.0 	0.2 	0.02 	0.0 	0.0 	0.04 	0.04 	0.03 	0.0 	0.04 	0.01 	0.0 	0.0 	0.0 	0.17 	0.03 	0.0 	0.0 	0.01 	
50 	0.0 	0.79 	0.03 	0.0 	0.0 	0.05 	0.01 	0.0 	0.06 	0.01 	0.0 	0.03 	0.01 	0.0 	0.0 	0.0 	0.02 	0.0 	0.0 	0.0 	
51 	0.04 	0.9 	0.02 	0.0 	0.0 	0.0 	0.0 	0.0 	0.0 	0.0 	0.0 	0.02 	0.0 	0.0 	0.0 	0.02 	0.0 	0.0 	0.0 	0.0 	
52 	0.05 	0.08 	0.03 	0.0 	0.0 	0.26 	0.08 	0.0 	0.01 	0.03 	0.29 	0.02 	0.05 	0.03 	0.0 	0.01 	0.0 	0.0 	0.02 	0.04 	
53 	0.46 	0.04 	0.0 	0.0 	0.01 	0.01 	0.0 	0.01 	0.0 	0.11 	0.07 	0.0 	0.0 	0.0 	0.0 	0.0 	0.0 	0.0 	0.0 	0.3 	
54 	0.12 	0.02 	0.03 	0.0 	0.0 	0.02 	0.01 	0.0 	0.01 	0.06 	0.24 	0.02 	0.1 	0.24 	0.0 	0.02 	0.01 	0.01 	0.05 	0.03 	
55 	0.3 	0.07 	0.04 	0.04 	0.0 	0.03 	0.02 	0.09 	0.0 	0.0 	0.0 	0.15 	0.0 	0.0 	0.0 	0.24 	0.02 	0.0 	0.0 	0.0 	
56 	0.05 	0.17 	0.02 	0.11 	0.0 	0.04 	0.08 	0.0 	0.04 	0.03 	0.03 	0.09 	0.0 	0.06 	0.0 	0.01 	0.04 	0.01 	0.16 	0.07 	
57 	0.01 	0.0 	0.0 	0.02 	0.0 	0.0 	0.0 	0.02 	0.0 	0.26 	0.46 	0.0 	0.04 	0.03 	0.0 	0.0 	0.04 	0.0 	0.0 	0.11 	
58 	0.03 	0.3 	0.03 	0.01 	0.0 	0.09 	0.03 	0.07 	0.04 	0.0 	0.02 	0.1 	0.02 	0.02 	0.04 	0.01 	0.07 	0.01 	0.11 	0.0 	
59 	0.0 	0.01 	0.16 	0.57 	0.0 	0.01 	0.1 	0.01 	0.01 	0.0 	0.0 	0.03 	0.01 	0.0 	0.0 	0.07 	0.02 	0.0 	0.0 	0.0 	
60 	0.04 	0.14 	0.05 	0.04 	0.0 	0.02 	0.1 	0.0 	0.03 	0.03 	0.01 	0.39 	0.0 	0.0 	0.02 	0.02 	0.04 	0.0 	0.0 	0.06 	
61 	0.08 	0.03 	0.03 	0.19 	0.0 	0.09 	0.22 	0.03 	0.0 	0.01 	0.01 	0.12 	0.0 	0.01 	0.01 	0.05 	0.09 	0.0 	0.02 	0.02 	
62 	0.27 	0.0 	0.01 	0.01 	0.0 	0.03 	0.0 	0.0 	0.01 	0.12 	0.21 	0.0 	0.03 	0.0 	0.01 	0.03 	0.04 	0.0 	0.0 	0.24 	
63 	0.04 	0.0 	0.0 	0.0 	0.0 	0.0 	0.0 	0.0 	0.0 	0.11 	0.14 	0.0 	0.02 	0.0 	0.0 	0.0 	0.06 	0.0 	0.01 	0.61 	
64 	0.08 	0.07 	0.07 	0.03 	0.0 	0.13 	0.02 	0.06 	0.15 	0.01 	0.0 	0.19 	0.0 	0.01 	0.04 	0.02 	0.09 	0.0 	0.01 	0.03 	
65 	0.05 	0.05 	0.02 	0.01 	0.0 	0.01 	0.04 	0.0 	0.03 	0.01 	0.01 	0.67 	0.01 	0.0 	0.0 	0.02 	0.04 	0.0 	0.02 	0.01 	
66 	0.0 	0.0 	0.0 	0.0 	0.0 	0.0 	0.0 	0.0 	0.0 	0.04 	0.9 	0.0 	0.0 	0.0 	0.0 	0.0 	0.0 	0.0 	0.0 	0.05 	
67 	0.0 	0.0 	0.0 	0.0 	0.01 	0.0 	0.0 	0.0 	0.0 	0.03 	0.03 	0.0 	0.03 	0.85 	0.0 	0.0 	0.01 	0.0 	0.01 	0.04 	
68 	0.09 	0.02 	0.14 	0.27 	0.0 	0.03 	0.12 	0.04 	0.0 	0.0 	0.0 	0.07 	0.0 	0.0 	0.0 	0.09 	0.13 	0.0 	0.0 	0.01 	
69 	0.02 	0.0 	0.02 	0.17 	0.0 	0.04 	0.42 	0.01 	0.0 	0.02 	0.0 	0.06 	0.0 	0.0 	0.0 	0.01 	0.07 	0.0 	0.0 	0.16 	
70 	0.07 	0.0 	0.0 	0.0 	0.0 	0.0 	0.0 	0.0 	0.0 	0.4 	0.37 	0.0 	0.0 	0.01 	0.0 	0.0 	0.01 	0.0 	0.01 	0.14 	
71 	0.56 	0.01 	0.0 	0.0 	0.0 	0.03 	0.0 	0.24 	0.0 	0.0 	0.0 	0.01 	0.0 	0.0 	0.04 	0.06 	0.0 	0.0 	0.01 	0.04 	
72 	0.04 	0.01 	0.01 	0.04 	0.0 	0.01 	0.08 	0.01 	0.0 	0.0 	0.01 	0.05 	0.0 	0.0 	0.64 	0.05 	0.03 	0.0 	0.0 	0.02 	
73 	0.02 	0.62 	0.01 	0.01 	0.01 	0.02 	0.01 	0.0 	0.02 	0.01 	0.04 	0.2 	0.0 	0.01 	0.0 	0.01 	0.01 	0.0 	0.0 	0.01 	
74 	0.0 	0.0 	0.0 	0.0 	0.01 	0.0 	0.0 	0.0 	0.0 	0.03 	0.02 	0.0 	0.02 	0.25 	0.0 	0.0 	0.0 	0.0 	0.63 	0.03 	
75 	0.3 	0.02 	0.02 	0.01 	0.0 	0.09 	0.11 	0.12 	0.0 	0.01 	0.03 	0.17 	0.0 	0.01 	0.0 	0.04 	0.03 	0.0 	0.01 	0.04 	
76 	0.04 	0.01 	0.09 	0.32 	0.0 	0.02 	0.23 	0.13 	0.0 	0.0 	0.0 	0.04 	0.0 	0.0 	0.0 	0.07 	0.05 	0.0 	0.0 	0.0 	
77 	0.0 	0.89 	0.0 	0.0 	0.01 	0.04 	0.0 	0.01 	0.0 	0.0 	0.0 	0.02 	0.0 	0.0 	0.0 	0.0 	0.01 	0.0 	0.0 	0.03 	
78 	0.03 	0.02 	0.35 	0.02 	0.0 	0.14 	0.04 	0.01 	0.01 	0.0 	0.01 	0.05 	0.0 	0.01 	0.25 	0.02 	0.04 	0.0 	0.0 	0.01 	
79 	0.0 	0.0 	0.0 	0.0 	0.01 	0.0 	0.0 	0.96 	0.0 	0.0 	0.0 	0.0 	0.0 	0.0 	0.0 	0.01 	0.0 	0.0 	0.0 	0.02 	
80 	0.0 	0.02 	0.01 	0.0 	0.0 	0.0 	0.0 	0.97 	0.0 	0.0 	0.0 	0.0 	0.0 	0.0 	0.0 	0.0 	0.0 	0.0 	0.0 	0.0 	
81 	0.0 	0.0 	0.0 	0.0 	0.0 	0.0 	0.0 	0.0 	0.0 	0.0 	0.0 	0.0 	0.0 	0.02 	0.0 	0.0 	0.0 	0.0 	0.98 	0.0 	
82 	0.0 	0.0 	0.0 	0.0 	0.01 	0.0 	0.0 	0.0 	0.0 	0.03 	0.06 	0.0 	0.01 	0.0 	0.0 	0.03 	0.82 	0.0 	0.0 	0.04 	
83 	0.01 	0.94 	0.0 	0.0 	0.0 	0.01 	0.0 	0.0 	0.0 	0.0 	0.0 	0.0 	0.0 	0.0 	0.0 	0.01 	0.01 	0.0 	0.0 	0.0 	
84 	0.0 	0.03 	0.0 	0.0 	0.0 	0.0 	0.0 	0.0 	0.0 	0.73 	0.02 	0.0 	0.06 	0.0 	0.0 	0.0 	0.01 	0.0 	0.0 	0.15 	
85 	0.0 	0.0 	0.0 	0.0 	0.0 	0.01 	0.0 	0.0 	0.0 	0.26 	0.39 	0.0 	0.07 	0.0 	0.0 	0.0 	0.05 	0.0 	0.08 	0.13 	
86 	0.0 	0.13 	0.0 	0.0 	0.0 	0.04 	0.0 	0.0 	0.01 	0.01 	0.0 	0.79 	0.0 	0.0 	0.0 	0.0 	0.01 	0.0 	0.0 	0.01 	
87 	0.02 	0.05 	0.03 	0.01 	0.08 	0.01 	0.01 	0.02 	0.0 	0.11 	0.3 	0.02 	0.04 	0.03 	0.01 	0.01 	0.13 	0.0 	0.02 	0.09 	
88 	0.19 	0.01 	0.0 	0.01 	0.01 	0.0 	0.01 	0.48 	0.0 	0.01 	0.01 	0.0 	0.01 	0.0 	0.07 	0.03 	0.1 	0.0 	0.0 	0.06 	
89 	0.02 	0.04 	0.1 	0.02 	0.0 	0.04 	0.07 	0.16 	0.01 	0.01 	0.05 	0.02 	0.01 	0.1 	0.23 	0.02 	0.04 	0.0 	0.01 	0.03 	
90 	0.04 	0.15 	0.06 	0.02 	0.01 	0.03 	0.03 	0.03 	0.01 	0.04 	0.06 	0.05 	0.02 	0.18 	0.1 	0.04 	0.03 	0.01 	0.05 	0.04 	
91 	0.0 	0.95 	0.01 	0.0 	0.0 	0.01 	0.0 	0.0 	0.0 	0.01 	0.0 	0.02 	0.0 	0.0 	0.0 	0.01 	0.0 	0.0 	0.0 	0.0 	
92 	0.07 	0.32 	0.01 	0.01 	0.0 	0.06 	0.02 	0.0 	0.02 	0.02 	0.07 	0.17 	0.0 	0.01 	0.05 	0.04 	0.02 	0.0 	0.08 	0.03 	
93 	0.0 	0.0 	0.01 	0.0 	0.0 	0.02 	0.0 	0.91 	0.0 	0.0 	0.0 	0.0 	0.0 	0.0 	0.0 	0.03 	0.02 	0.0 	0.0 	0.0 	
94 	0.0 	0.0 	0.0 	1.0 	0.0 	0.0 	0.0 	0.0 	0.0 	0.0 	0.0 	0.0 	0.0 	0.0 	0.0 	0.0 	0.0 	0.0 	0.0 	0.0 	
95 	0.23 	0.04 	0.37 	0.01 	0.05 	0.01 	0.0 	0.17 	0.0 	0.0 	0.01 	0.03 	0.02 	0.0 	0.0 	0.07 	0.0 	0.0 	0.0 	0.0 	
96 	0.88 	0.0 	0.0 	0.0 	0.0 	0.0 	0.0 	0.02 	0.0 	0.0 	0.0 	0.0 	0.0 	0.0 	0.0 	0.04 	0.04 	0.0 	0.0 	0.01 	
97 	0.03 	0.01 	0.0 	0.02 	0.0 	0.03 	0.26 	0.0 	0.0 	0.0 	0.01 	0.09 	0.01 	0.0 	0.49 	0.02 	0.02 	0.0 	0.0 	0.0 	
98 	0.01 	0.01 	0.0 	0.0 	0.0 	0.03 	0.01 	0.0 	0.0 	0.03 	0.07 	0.03 	0.73 	0.0 	0.0 	0.0 	0.02 	0.0 	0.0 	0.06 	
99 	0.74 	0.0 	0.0 	0.0 	0.05 	0.0 	0.0 	0.02 	0.0 	0.0 	0.0 	0.0 	0.0 	0.0 	0.0 	0.06 	0.01 	0.0 	0.0 	0.12 	
100 	0.0 	0.01 	0.0 	0.0 	0.0 	0.02 	0.0 	0.0 	0.0 	0.41 	0.12 	0.01 	0.02 	0.07 	0.0 	0.0 	0.01 	0.0 	0.11 	0.22 	
101 	0.0 	0.0 	0.0 	0.0 	0.0 	0.0 	0.0 	0.0 	0.0 	0.7 	0.17 	0.0 	0.01 	0.0 	0.0 	0.0 	0.0 	0.0 	0.0 	0.12 	
102 	0.01 	0.0 	0.0 	0.0 	0.0 	0.05 	0.88 	0.0 	0.0 	0.0 	0.0 	0.04 	0.0 	0.0 	0.0 	0.02 	0.01 	0.0 	0.0 	0.0 	
103 	0.0 	0.0 	0.0 	0.0 	0.01 	0.0 	0.0 	0.0 	0.0 	0.01 	0.75 	0.0 	0.01 	0.21 	0.0 	0.0 	0.0 	0.01 	0.01 	0.0 	
104 	0.0 	0.0 	0.0 	0.0 	0.0 	0.0 	0.0 	0.0 	0.0 	0.07 	0.04 	0.0 	0.01 	0.0 	0.0 	0.0 	0.05 	0.0 	0.0 	0.81 	
105 	0.0 	0.0 	0.05 	0.68 	0.0 	0.0 	0.21 	0.0 	0.0 	0.0 	0.0 	0.06 	0.0 	0.0 	0.0 	0.0 	0.0 	0.0 	0.0 	0.0 	
