	A 	R 	N 	D 	C 	Q 	E 	G 	H 	I 	L 	K 	M 	F 	P 	S 	T 	W 	Y 	V 	
1 	0.0 	0.0 	0.0 	0.0 	0.0 	0.0 	0.0 	0.0 	0.0 	0.0 	0.03 	0.0 	0.97 	0.0 	0.0 	0.0 	0.0 	0.0 	0.0 	0.0 	
2 	0.0 	0.03 	0.0 	0.0 	0.0 	0.0 	0.0 	0.0 	0.0 	0.2 	0.66 	0.06 	0.0 	0.05 	0.0 	0.0 	0.0 	0.0 	0.0 	0.0 	
3 	0.02 	0.11 	0.0 	0.02 	0.03 	0.05 	0.1 	0.01 	0.0 	0.07 	0.02 	0.06 	0.01 	0.0 	0.0 	0.02 	0.29 	0.0 	0.04 	0.15 	
4 	0.07 	0.0 	0.0 	0.0 	0.0 	0.0 	0.0 	0.0 	0.0 	0.29 	0.36 	0.0 	0.0 	0.14 	0.0 	0.03 	0.0 	0.0 	0.07 	0.05 	
5 	0.0 	0.01 	0.09 	0.11 	0.0 	0.0 	0.05 	0.0 	0.07 	0.0 	0.0 	0.0 	0.0 	0.03 	0.0 	0.07 	0.5 	0.0 	0.07 	0.0 	
6 	0.0 	0.18 	0.02 	0.0 	0.0 	0.32 	0.16 	0.0 	0.0 	0.0 	0.0 	0.24 	0.0 	0.0 	0.0 	0.02 	0.05 	0.0 	0.0 	0.0 	
7 	0.0 	0.55 	0.0 	0.0 	0.0 	0.0 	0.0 	0.0 	0.02 	0.06 	0.21 	0.07 	0.0 	0.02 	0.0 	0.0 	0.0 	0.0 	0.0 	0.08 	
8 	0.03 	0.0 	0.0 	0.0 	0.05 	0.0 	0.04 	0.0 	0.0 	0.3 	0.39 	0.02 	0.0 	0.0 	0.0 	0.02 	0.02 	0.0 	0.04 	0.07 	
9 	0.09 	0.03 	0.04 	0.11 	0.0 	0.0 	0.16 	0.02 	0.07 	0.0 	0.0 	0.04 	0.0 	0.0 	0.2 	0.06 	0.17 	0.0 	0.0 	0.0 	
10 	0.11 	0.01 	0.0 	0.03 	0.02 	0.11 	0.09 	0.01 	0.05 	0.05 	0.04 	0.02 	0.0 	0.0 	0.22 	0.09 	0.12 	0.0 	0.0 	0.02 	
11 	0.11 	0.02 	0.06 	0.07 	0.0 	0.1 	0.03 	0.08 	0.14 	0.0 	0.02 	0.04 	0.0 	0.0 	0.18 	0.09 	0.02 	0.0 	0.0 	0.04 	
12 	0.14 	0.03 	0.02 	0.24 	0.0 	0.03 	0.13 	0.1 	0.06 	0.0 	0.0 	0.01 	0.0 	0.0 	0.12 	0.07 	0.03 	0.0 	0.0 	0.02 	
13 	0.24 	0.04 	0.06 	0.0 	0.0 	0.13 	0.06 	0.14 	0.02 	0.0 	0.02 	0.05 	0.0 	0.0 	0.08 	0.03 	0.11 	0.0 	0.0 	0.03 	
14 	0.19 	0.09 	0.03 	0.01 	0.0 	0.0 	0.0 	0.0 	0.0 	0.12 	0.1 	0.0 	0.0 	0.0 	0.06 	0.0 	0.16 	0.05 	0.0 	0.18 	
15 	0.26 	0.0 	0.01 	0.15 	0.0 	0.04 	0.03 	0.0 	0.01 	0.02 	0.07 	0.0 	0.0 	0.17 	0.0 	0.05 	0.14 	0.0 	0.02 	0.03 	
16 	0.18 	0.0 	0.0 	0.26 	0.0 	0.0 	0.12 	0.06 	0.01 	0.0 	0.2 	0.01 	0.0 	0.04 	0.01 	0.05 	0.03 	0.0 	0.0 	0.01 	
17 	0.0 	0.06 	0.03 	0.0 	0.0 	0.06 	0.11 	0.0 	0.02 	0.0 	0.06 	0.12 	0.0 	0.01 	0.0 	0.12 	0.37 	0.0 	0.03 	0.01 	
18 	0.0 	0.0 	0.0 	0.0 	0.0 	0.0 	0.0 	0.0 	0.0 	0.11 	0.53 	0.0 	0.03 	0.0 	0.0 	0.0 	0.0 	0.0 	0.0 	0.33 	
19 	0.04 	0.0 	0.0 	0.0 	0.05 	0.0 	0.15 	0.0 	0.04 	0.04 	0.04 	0.04 	0.0 	0.01 	0.05 	0.05 	0.3 	0.0 	0.0 	0.2 	
20 	0.0 	0.0 	0.0 	0.0 	0.0 	0.0 	0.0 	0.0 	0.0 	0.01 	0.92 	0.0 	0.03 	0.02 	0.0 	0.0 	0.0 	0.0 	0.0 	0.02 	
21 	0.04 	0.02 	0.03 	0.21 	0.0 	0.0 	0.05 	0.0 	0.0 	0.0 	0.0 	0.0 	0.0 	0.0 	0.26 	0.05 	0.3 	0.0 	0.0 	0.04 	
22 	0.09 	0.0 	0.0 	0.02 	0.0 	0.07 	0.0 	0.0 	0.12 	0.05 	0.06 	0.0 	0.05 	0.23 	0.0 	0.12 	0.0 	0.05 	0.11 	0.03 	
23 	0.03 	0.05 	0.0 	0.51 	0.0 	0.03 	0.26 	0.06 	0.02 	0.0 	0.01 	0.0 	0.0 	0.0 	0.0 	0.0 	0.02 	0.0 	0.0 	0.01 	
24 	0.12 	0.01 	0.0 	0.08 	0.0 	0.11 	0.32 	0.0 	0.0 	0.02 	0.1 	0.03 	0.01 	0.0 	0.0 	0.04 	0.08 	0.0 	0.01 	0.07 	
25 	0.05 	0.87 	0.0 	0.0 	0.0 	0.0 	0.0 	0.0 	0.0 	0.0 	0.05 	0.0 	0.03 	0.0 	0.0 	0.0 	0.0 	0.0 	0.0 	0.0 	
26 	0.0 	0.07 	0.02 	0.02 	0.04 	0.18 	0.05 	0.0 	0.11 	0.09 	0.0 	0.1 	0.0 	0.0 	0.0 	0.09 	0.14 	0.0 	0.03 	0.07 	
27 	0.01 	0.24 	0.02 	0.0 	0.0 	0.05 	0.0 	0.0 	0.0 	0.04 	0.05 	0.55 	0.0 	0.0 	0.0 	0.0 	0.0 	0.0 	0.0 	0.04 	
28 	0.02 	0.18 	0.03 	0.0 	0.0 	0.0 	0.0 	0.05 	0.0 	0.0 	0.05 	0.0 	0.0 	0.02 	0.01 	0.6 	0.0 	0.0 	0.0 	0.04 	
29 	0.0 	0.9 	0.0 	0.0 	0.0 	0.0 	0.0 	0.0 	0.0 	0.05 	0.0 	0.0 	0.0 	0.0 	0.0 	0.03 	0.0 	0.0 	0.0 	0.0 	
30 	0.02 	0.04 	0.0 	0.0 	0.08 	0.07 	0.0 	0.08 	0.06 	0.04 	0.37 	0.04 	0.02 	0.12 	0.0 	0.0 	0.01 	0.0 	0.02 	0.03 	
31 	0.1 	0.54 	0.0 	0.03 	0.0 	0.0 	0.01 	0.0 	0.02 	0.0 	0.04 	0.24 	0.0 	0.0 	0.0 	0.03 	0.0 	0.0 	0.0 	0.0 	
32 	0.22 	0.08 	0.0 	0.0 	0.07 	0.0 	0.02 	0.0 	0.0 	0.01 	0.14 	0.07 	0.05 	0.04 	0.0 	0.03 	0.04 	0.0 	0.0 	0.23 	
33 	0.07 	0.02 	0.0 	0.03 	0.01 	0.04 	0.1 	0.0 	0.06 	0.0 	0.06 	0.04 	0.05 	0.05 	0.01 	0.04 	0.31 	0.0 	0.0 	0.11 	
34 	0.03 	0.0 	0.0 	0.05 	0.0 	0.0 	0.0 	0.05 	0.0 	0.01 	0.39 	0.0 	0.02 	0.01 	0.0 	0.14 	0.3 	0.0 	0.0 	0.0 	
35 	0.09 	0.0 	0.03 	0.33 	0.0 	0.01 	0.15 	0.01 	0.0 	0.0 	0.01 	0.0 	0.0 	0.0 	0.06 	0.14 	0.14 	0.0 	0.0 	0.02 	
36 	0.06 	0.05 	0.11 	0.22 	0.1 	0.08 	0.07 	0.04 	0.06 	0.0 	0.02 	0.02 	0.0 	0.0 	0.0 	0.14 	0.05 	0.0 	0.0 	0.0 	
37 	0.0 	0.0 	0.05 	0.04 	0.0 	0.0 	0.0 	0.9 	0.0 	0.0 	0.0 	0.0 	0.0 	0.0 	0.0 	0.0 	0.0 	0.0 	0.0 	0.0 	
38 	0.03 	0.19 	0.0 	0.04 	0.0 	0.1 	0.23 	0.0 	0.01 	0.01 	0.14 	0.09 	0.0 	0.02 	0.0 	0.06 	0.05 	0.0 	0.0 	0.03 	
39 	0.03 	0.0 	0.02 	0.28 	0.0 	0.04 	0.45 	0.01 	0.0 	0.0 	0.0 	0.01 	0.04 	0.0 	0.01 	0.06 	0.01 	0.0 	0.0 	0.05 	
40 	0.18 	0.0 	0.0 	0.0 	0.0 	0.0 	0.0 	0.0 	0.0 	0.11 	0.34 	0.0 	0.0 	0.05 	0.0 	0.0 	0.0 	0.0 	0.0 	0.31 	
41 	0.11 	0.02 	0.02 	0.0 	0.02 	0.02 	0.0 	0.59 	0.02 	0.04 	0.08 	0.0 	0.04 	0.03 	0.0 	0.0 	0.0 	0.0 	0.02 	0.0 	
42 	0.04 	0.0 	0.0 	0.0 	0.0 	0.0 	0.0 	0.0 	0.0 	0.18 	0.54 	0.0 	0.01 	0.05 	0.0 	0.0 	0.0 	0.03 	0.0 	0.14 	
43 	0.04 	0.11 	0.0 	0.14 	0.0 	0.08 	0.0 	0.0 	0.01 	0.0 	0.07 	0.02 	0.04 	0.35 	0.0 	0.07 	0.0 	0.0 	0.0 	0.06 	
44 	0.0 	0.0 	0.0 	0.0 	0.0 	0.0 	0.0 	0.0 	0.0 	0.06 	0.88 	0.0 	0.0 	0.0 	0.0 	0.0 	0.02 	0.0 	0.0 	0.04 	
45 	0.01 	0.0 	0.02 	0.12 	0.0 	0.01 	0.27 	0.0 	0.0 	0.0 	0.0 	0.04 	0.0 	0.0 	0.5 	0.01 	0.01 	0.0 	0.0 	0.02 	
46 	0.03 	0.79 	0.0 	0.02 	0.0 	0.03 	0.03 	0.0 	0.05 	0.0 	0.0 	0.0 	0.0 	0.0 	0.0 	0.02 	0.02 	0.0 	0.0 	0.0 	
47 	0.06 	0.0 	0.06 	0.02 	0.0 	0.0 	0.04 	0.7 	0.03 	0.0 	0.0 	0.0 	0.0 	0.0 	0.05 	0.0 	0.04 	0.0 	0.0 	0.0 	
48 	0.03 	0.0 	0.02 	0.01 	0.0 	0.07 	0.01 	0.12 	0.11 	0.02 	0.06 	0.03 	0.0 	0.0 	0.05 	0.05 	0.31 	0.0 	0.02 	0.12 	
49 	0.07 	0.01 	0.0 	0.03 	0.0 	0.0 	0.02 	0.0 	0.01 	0.15 	0.16 	0.06 	0.0 	0.0 	0.13 	0.0 	0.04 	0.0 	0.0 	0.31 	
50 	0.0 	0.0 	0.0 	0.0 	0.0 	0.0 	0.0 	0.0 	0.0 	0.0 	0.91 	0.0 	0.01 	0.04 	0.0 	0.0 	0.0 	0.0 	0.0 	0.04 	
51 	0.15 	0.47 	0.08 	0.02 	0.0 	0.1 	0.0 	0.0 	0.04 	0.0 	0.06 	0.04 	0.0 	0.0 	0.0 	0.0 	0.0 	0.0 	0.01 	0.04 	
52 	0.02 	0.0 	0.05 	0.43 	0.0 	0.0 	0.08 	0.21 	0.07 	0.0 	0.0 	0.0 	0.0 	0.0 	0.06 	0.04 	0.0 	0.0 	0.0 	0.05 	
53 	0.0 	0.02 	0.02 	0.0 	0.0 	0.0 	0.0 	0.93 	0.03 	0.0 	0.0 	0.0 	0.0 	0.0 	0.0 	0.0 	0.0 	0.0 	0.0 	0.0 	
54 	0.0 	0.0 	0.0 	0.75 	0.0 	0.05 	0.16 	0.0 	0.0 	0.0 	0.0 	0.0 	0.0 	0.0 	0.0 	0.05 	0.0 	0.0 	0.0 	0.0 	
55 	0.05 	0.05 	0.0 	0.0 	0.04 	0.02 	0.0 	0.02 	0.0 	0.26 	0.16 	0.02 	0.01 	0.09 	0.0 	0.0 	0.0 	0.0 	0.02 	0.26 	
56 	0.0 	0.0 	0.0 	0.0 	0.0 	0.0 	0.0 	0.0 	0.0 	0.04 	0.93 	0.0 	0.0 	0.0 	0.0 	0.0 	0.0 	0.0 	0.0 	0.03 	
57 	0.12 	0.07 	0.0 	0.0 	0.02 	0.1 	0.08 	0.01 	0.02 	0.01 	0.09 	0.08 	0.03 	0.0 	0.0 	0.11 	0.03 	0.0 	0.0 	0.22 	
58 	0.3 	0.04 	0.03 	0.1 	0.04 	0.0 	0.01 	0.06 	0.0 	0.02 	0.07 	0.0 	0.0 	0.0 	0.0 	0.1 	0.17 	0.05 	0.0 	0.02 	
59 	0.06 	0.02 	0.08 	0.32 	0.0 	0.02 	0.39 	0.01 	0.0 	0.0 	0.0 	0.03 	0.0 	0.0 	0.0 	0.01 	0.01 	0.0 	0.0 	0.02 	
60 	0.03 	0.0 	0.04 	0.57 	0.06 	0.04 	0.17 	0.0 	0.0 	0.0 	0.0 	0.02 	0.0 	0.0 	0.0 	0.02 	0.05 	0.0 	0.0 	0.0 	
61 	0.04 	0.0 	0.04 	0.0 	0.0 	0.0 	0.04 	0.74 	0.03 	0.0 	0.0 	0.06 	0.0 	0.0 	0.0 	0.05 	0.0 	0.0 	0.0 	0.0 	
62 	0.09 	0.04 	0.11 	0.04 	0.01 	0.01 	0.04 	0.05 	0.01 	0.02 	0.05 	0.05 	0.02 	0.03 	0.02 	0.13 	0.19 	0.0 	0.01 	0.09 	
63 	0.09 	0.17 	0.11 	0.05 	0.0 	0.05 	0.15 	0.01 	0.02 	0.06 	0.05 	0.03 	0.0 	0.07 	0.01 	0.03 	0.01 	0.0 	0.02 	0.08 	
64 	0.0 	0.02 	0.0 	0.0 	0.0 	0.0 	0.0 	0.0 	0.0 	0.19 	0.25 	0.0 	0.04 	0.09 	0.0 	0.03 	0.0 	0.0 	0.08 	0.26 	
65 	0.1 	0.0 	0.0 	0.0 	0.0 	0.0 	0.0 	0.0 	0.0 	0.25 	0.04 	0.0 	0.0 	0.01 	0.0 	0.0 	0.02 	0.0 	0.0 	0.57 	
66 	0.0 	0.28 	0.0 	0.0 	0.0 	0.12 	0.27 	0.0 	0.0 	0.0 	0.04 	0.08 	0.04 	0.0 	0.0 	0.04 	0.05 	0.0 	0.0 	0.06 	
67 	0.0 	0.0 	0.0 	0.0 	0.0 	0.0 	0.0 	0.0 	0.0 	0.4 	0.0 	0.0 	0.0 	0.0 	0.0 	0.0 	0.0 	0.0 	0.0 	0.6 	
68 	0.08 	0.04 	0.0 	0.05 	0.04 	0.03 	0.03 	0.0 	0.03 	0.18 	0.1 	0.03 	0.0 	0.01 	0.0 	0.05 	0.07 	0.0 	0.0 	0.26 	
69 	0.92 	0.0 	0.0 	0.0 	0.0 	0.0 	0.0 	0.03 	0.0 	0.0 	0.0 	0.0 	0.0 	0.0 	0.0 	0.0 	0.0 	0.0 	0.0 	0.05 	
70 	0.98 	0.0 	0.0 	0.0 	0.0 	0.0 	0.0 	0.0 	0.0 	0.0 	0.0 	0.0 	0.0 	0.0 	0.0 	0.02 	0.0 	0.0 	0.0 	0.0 	
