	A 	R 	N 	D 	C 	Q 	E 	G 	H 	I 	L 	K 	M 	F 	P 	S 	T 	W 	Y 	V 	
1 	0.0 	0.0 	0.0 	0.0 	0.0 	0.0 	0.0 	0.0 	0.0 	0.0 	0.0 	0.0 	0.0 	0.0 	0.0 	0.2 	0.8 	0.0 	0.0 	0.0 	
2 	0.0 	0.0 	0.0 	0.0 	0.0 	0.0 	0.0 	0.0 	0.0 	0.0 	0.0 	0.0 	0.0 	0.0 	0.0 	0.3 	0.54 	0.0 	0.16 	0.0 	
3 	0.0 	0.0 	0.0 	0.1 	0.0 	0.0 	0.0 	0.0 	0.0 	0.0 	0.17 	0.0 	0.0 	0.07 	0.34 	0.0 	0.0 	0.0 	0.0 	0.31 	
4 	0.0 	0.05 	0.05 	0.0 	0.0 	0.3 	0.0 	0.0 	0.18 	0.0 	0.0 	0.31 	0.0 	0.0 	0.0 	0.04 	0.0 	0.0 	0.09 	0.0 	
5 	0.39 	0.0 	0.02 	0.0 	0.0 	0.0 	0.05 	0.06 	0.0 	0.0 	0.0 	0.0 	0.0 	0.0 	0.28 	0.19 	0.0 	0.0 	0.0 	0.0 	
6 	0.05 	0.0 	0.0 	0.09 	0.0 	0.23 	0.0 	0.02 	0.0 	0.0 	0.0 	0.05 	0.0 	0.02 	0.25 	0.04 	0.21 	0.0 	0.0 	0.03 	
7 	0.07 	0.04 	0.05 	0.0 	0.0 	0.0 	0.0 	0.04 	0.02 	0.02 	0.0 	0.0 	0.01 	0.1 	0.02 	0.0 	0.24 	0.0 	0.04 	0.33 	
8 	0.0 	0.0 	0.0 	0.0 	0.02 	0.0 	0.0 	0.0 	0.0 	0.08 	0.55 	0.0 	0.06 	0.04 	0.0 	0.09 	0.03 	0.1 	0.02 	0.02 	
9 	0.0 	0.01 	0.0 	0.0 	0.0 	0.0 	0.0 	0.0 	0.0 	0.0 	0.04 	0.0 	0.0 	0.0 	0.0 	0.02 	0.93 	0.0 	0.0 	0.0 	
10 	0.01 	0.08 	0.06 	0.0 	0.0 	0.0 	0.0 	0.04 	0.0 	0.0 	0.0 	0.0 	0.02 	0.0 	0.0 	0.03 	0.77 	0.0 	0.0 	0.0 	
11 	0.15 	0.02 	0.3 	0.18 	0.0 	0.06 	0.02 	0.07 	0.0 	0.0 	0.03 	0.0 	0.03 	0.0 	0.0 	0.12 	0.01 	0.0 	0.0 	0.01 	
12 	0.15 	0.0 	0.24 	0.0 	0.0 	0.17 	0.01 	0.04 	0.01 	0.0 	0.0 	0.0 	0.0 	0.12 	0.0 	0.15 	0.05 	0.01 	0.01 	0.04 	
13 	0.0 	0.0 	0.0 	0.0 	0.0 	0.0 	0.0 	1.0 	0.0 	0.0 	0.0 	0.0 	0.0 	0.0 	0.0 	0.0 	0.0 	0.0 	0.0 	0.0 	
14 	0.42 	0.01 	0.07 	0.01 	0.11 	0.03 	0.0 	0.08 	0.04 	0.01 	0.02 	0.0 	0.0 	0.02 	0.01 	0.01 	0.03 	0.0 	0.0 	0.12 	
15 	0.1 	0.05 	0.01 	0.0 	0.0 	0.0 	0.0 	0.0 	0.0 	0.01 	0.0 	0.03 	0.0 	0.0 	0.76 	0.01 	0.0 	0.0 	0.0 	0.01 	
16 	0.08 	0.0 	0.0 	0.0 	0.0 	0.01 	0.0 	0.0 	0.0 	0.26 	0.05 	0.0 	0.0 	0.02 	0.0 	0.0 	0.0 	0.01 	0.02 	0.54 	
17 	0.14 	0.0 	0.02 	0.03 	0.0 	0.01 	0.01 	0.16 	0.01 	0.0 	0.03 	0.0 	0.07 	0.03 	0.05 	0.15 	0.04 	0.11 	0.04 	0.09 	
18 	0.0 	0.0 	0.2 	0.42 	0.0 	0.0 	0.15 	0.02 	0.05 	0.01 	0.0 	0.08 	0.0 	0.0 	0.0 	0.05 	0.01 	0.0 	0.0 	0.0 	
19 	0.02 	0.04 	0.4 	0.17 	0.0 	0.0 	0.01 	0.0 	0.0 	0.0 	0.0 	0.09 	0.0 	0.0 	0.12 	0.07 	0.06 	0.0 	0.0 	0.0 	
20 	0.06 	0.02 	0.14 	0.06 	0.0 	0.33 	0.13 	0.0 	0.0 	0.01 	0.05 	0.01 	0.01 	0.05 	0.0 	0.0 	0.05 	0.0 	0.06 	0.02 	
21 	0.1 	0.0 	0.41 	0.02 	0.01 	0.04 	0.02 	0.08 	0.04 	0.0 	0.0 	0.0 	0.0 	0.02 	0.02 	0.21 	0.03 	0.0 	0.0 	0.01 	
22 	0.07 	0.0 	0.0 	0.0 	0.0 	0.0 	0.0 	0.02 	0.0 	0.02 	0.01 	0.0 	0.0 	0.0 	0.02 	0.63 	0.12 	0.03 	0.0 	0.09 	
23 	0.02 	0.03 	0.0 	0.0 	0.0 	0.15 	0.01 	0.0 	0.0 	0.05 	0.52 	0.0 	0.14 	0.0 	0.02 	0.05 	0.0 	0.0 	0.0 	0.01 	
24 	0.02 	0.12 	0.0 	0.0 	0.0 	0.01 	0.0 	0.05 	0.0 	0.0 	0.0 	0.09 	0.0 	0.0 	0.0 	0.09 	0.6 	0.0 	0.02 	0.0 	
25 	0.47 	0.0 	0.0 	0.07 	0.0 	0.0 	0.0 	0.0 	0.02 	0.07 	0.0 	0.0 	0.0 	0.0 	0.0 	0.02 	0.01 	0.0 	0.0 	0.33 	
26 	0.04 	0.02 	0.0 	0.0 	0.0 	0.03 	0.0 	0.84 	0.0 	0.0 	0.0 	0.0 	0.0 	0.0 	0.03 	0.03 	0.02 	0.0 	0.0 	0.01 	
27 	0.05 	0.03 	0.07 	0.07 	0.0 	0.04 	0.11 	0.01 	0.0 	0.01 	0.04 	0.02 	0.0 	0.07 	0.29 	0.16 	0.03 	0.0 	0.0 	0.02 	
28 	0.13 	0.59 	0.05 	0.04 	0.0 	0.01 	0.03 	0.03 	0.05 	0.02 	0.0 	0.03 	0.0 	0.0 	0.0 	0.0 	0.0 	0.0 	0.01 	0.01 	
29 	0.09 	0.0 	0.0 	0.0 	0.0 	0.0 	0.0 	0.89 	0.0 	0.0 	0.0 	0.0 	0.0 	0.0 	0.0 	0.0 	0.0 	0.0 	0.0 	0.0 	
30 	0.09 	0.0 	0.0 	0.0 	0.0 	0.0 	0.0 	0.01 	0.0 	0.0 	0.0 	0.0 	0.0 	0.0 	0.74 	0.05 	0.11 	0.0 	0.0 	0.0 	
31 	0.02 	0.0 	0.0 	0.0 	0.0 	0.01 	0.0 	0.07 	0.0 	0.19 	0.28 	0.0 	0.04 	0.0 	0.0 	0.04 	0.21 	0.0 	0.01 	0.12 	
32 	0.01 	0.0 	0.0 	0.0 	0.0 	0.0 	0.0 	0.0 	0.0 	0.01 	0.78 	0.0 	0.02 	0.0 	0.0 	0.0 	0.02 	0.0 	0.0 	0.13 	
33 	0.01 	0.0 	0.0 	0.0 	0.0 	0.0 	0.02 	0.0 	0.0 	0.05 	0.66 	0.0 	0.09 	0.0 	0.0 	0.0 	0.08 	0.0 	0.0 	0.07 	
34 	0.0 	0.02 	0.04 	0.01 	0.0 	0.5 	0.34 	0.0 	0.02 	0.0 	0.0 	0.0 	0.0 	0.0 	0.07 	0.01 	0.0 	0.0 	0.0 	0.0 	
35 	0.0 	0.0 	0.03 	0.96 	0.0 	0.0 	0.0 	0.0 	0.0 	0.0 	0.0 	0.0 	0.0 	0.0 	0.0 	0.01 	0.0 	0.0 	0.0 	0.0 	
36 	0.01 	0.0 	0.0 	0.0 	0.0 	0.09 	0.0 	0.0 	0.02 	0.13 	0.06 	0.0 	0.0 	0.21 	0.03 	0.02 	0.04 	0.01 	0.22 	0.17 	
37 	0.0 	0.03 	0.06 	0.01 	0.0 	0.07 	0.0 	0.02 	0.29 	0.1 	0.05 	0.02 	0.0 	0.01 	0.0 	0.06 	0.01 	0.07 	0.07 	0.15 	
38 	0.03 	0.0 	0.0 	0.0 	0.01 	0.0 	0.06 	0.0 	0.0 	0.0 	0.55 	0.0 	0.02 	0.28 	0.0 	0.0 	0.03 	0.0 	0.02 	0.0 	
39 	0.0 	0.17 	0.02 	0.0 	0.0 	0.0 	0.0 	0.0 	0.0 	0.22 	0.3 	0.0 	0.01 	0.0 	0.0 	0.07 	0.07 	0.06 	0.0 	0.06 	
40 	0.07 	0.0 	0.0 	0.23 	0.0 	0.1 	0.6 	0.0 	0.0 	0.0 	0.0 	0.0 	0.0 	0.0 	0.0 	0.0 	0.0 	0.0 	0.0 	0.0 	
41 	0.04 	0.02 	0.02 	0.0 	0.0 	0.04 	0.12 	0.0 	0.0 	0.13 	0.02 	0.52 	0.0 	0.0 	0.0 	0.04 	0.02 	0.0 	0.0 	0.02 	
42 	0.0 	0.0 	0.0 	0.0 	0.0 	0.0 	0.07 	0.0 	0.02 	0.24 	0.48 	0.0 	0.11 	0.01 	0.0 	0.0 	0.0 	0.0 	0.0 	0.08 	
43 	0.43 	0.0 	0.0 	0.0 	0.0 	0.16 	0.0 	0.07 	0.02 	0.0 	0.0 	0.0 	0.01 	0.11 	0.0 	0.15 	0.06 	0.0 	0.0 	0.0 	
44 	0.04 	0.2 	0.09 	0.03 	0.0 	0.03 	0.0 	0.0 	0.5 	0.0 	0.0 	0.0 	0.0 	0.0 	0.0 	0.02 	0.09 	0.0 	0.0 	0.0 	
45 	0.0 	0.0 	0.0 	0.0 	0.0 	0.03 	0.0 	0.0 	0.0 	0.02 	0.0 	0.0 	0.0 	0.95 	0.0 	0.0 	0.0 	0.0 	0.0 	0.0 	
46 	0.04 	0.0 	0.19 	0.63 	0.0 	0.0 	0.0 	0.07 	0.0 	0.0 	0.0 	0.0 	0.0 	0.0 	0.0 	0.0 	0.06 	0.0 	0.0 	0.02 	
47 	0.01 	0.75 	0.0 	0.0 	0.0 	0.0 	0.0 	0.0 	0.19 	0.0 	0.01 	0.0 	0.0 	0.0 	0.0 	0.0 	0.0 	0.0 	0.0 	0.0 	
48 	0.0 	0.0 	0.0 	0.0 	0.0 	0.0 	0.86 	0.0 	0.0 	0.0 	0.06 	0.0 	0.02 	0.0 	0.0 	0.0 	0.0 	0.0 	0.0 	0.07 	
49 	0.0 	0.65 	0.11 	0.0 	0.0 	0.0 	0.06 	0.0 	0.0 	0.0 	0.0 	0.09 	0.0 	0.0 	0.0 	0.0 	0.0 	0.0 	0.0 	0.09 	
50 	0.06 	0.0 	0.0 	0.0 	0.0 	0.0 	0.0 	0.0 	0.0 	0.74 	0.0 	0.0 	0.0 	0.0 	0.0 	0.0 	0.0 	0.0 	0.0 	0.2 	
51 	0.0 	0.0 	0.0 	0.0 	0.0 	0.0 	0.0 	0.07 	0.0 	0.0 	0.0 	0.0 	0.0 	0.0 	0.87 	0.0 	0.0 	0.0 	0.0 	0.06 	
52 	0.0 	0.0 	0.0 	0.0 	0.0 	0.08 	0.92 	0.0 	0.0 	0.0 	0.0 	0.0 	0.0 	0.0 	0.0 	0.0 	0.0 	0.0 	0.0 	0.0 	
53 	0.0 	1.0 	0.0 	0.0 	0.0 	0.0 	0.0 	0.0 	0.0 	0.0 	0.0 	0.0 	0.0 	0.0 	0.0 	0.0 	0.0 	0.0 	0.0 	0.0 	
54 	0.27 	0.14 	0.01 	0.0 	0.0 	0.0 	0.0 	0.05 	0.0 	0.03 	0.0 	0.0 	0.0 	0.0 	0.0 	0.0 	0.01 	0.0 	0.0 	0.49 	
55 	0.05 	0.0 	0.04 	0.0 	0.0 	0.0 	0.0 	0.0 	0.0 	0.0 	0.04 	0.0 	0.08 	0.0 	0.02 	0.0 	0.1 	0.0 	0.0 	0.66 	
56 	0.0 	0.0 	0.0 	0.0 	0.0 	0.0 	0.0 	0.0 	1.0 	0.0 	0.0 	0.0 	0.0 	0.0 	0.0 	0.0 	0.0 	0.0 	0.0 	0.0 	
57 	0.84 	0.01 	0.0 	0.0 	0.0 	0.0 	0.0 	0.0 	0.0 	0.04 	0.0 	0.0 	0.0 	0.0 	0.0 	0.0 	0.1 	0.0 	0.0 	0.0 	
58 	0.05 	0.42 	0.0 	0.05 	0.0 	0.0 	0.0 	0.0 	0.01 	0.0 	0.01 	0.41 	0.0 	0.0 	0.0 	0.0 	0.0 	0.0 	0.0 	0.05 	
59 	0.05 	0.0 	0.0 	0.0 	0.0 	0.0 	0.0 	0.95 	0.0 	0.0 	0.0 	0.0 	0.0 	0.0 	0.0 	0.0 	0.0 	0.0 	0.0 	0.0 	
60 	0.38 	0.0 	0.0 	0.0 	0.0 	0.0 	0.0 	0.03 	0.0 	0.06 	0.0 	0.0 	0.01 	0.01 	0.0 	0.17 	0.3 	0.02 	0.01 	0.01 	
61 	0.08 	0.0 	0.0 	0.0 	0.09 	0.0 	0.0 	0.62 	0.0 	0.05 	0.04 	0.0 	0.0 	0.0 	0.0 	0.12 	0.01 	0.0 	0.0 	0.0 	
62 	0.78 	0.0 	0.0 	0.0 	0.02 	0.0 	0.0 	0.05 	0.0 	0.0 	0.0 	0.0 	0.0 	0.0 	0.0 	0.0 	0.0 	0.0 	0.04 	0.12 	
63 	0.0 	0.06 	0.0 	0.0 	0.0 	0.0 	0.0 	0.01 	0.23 	0.05 	0.0 	0.17 	0.0 	0.24 	0.0 	0.0 	0.0 	0.0 	0.21 	0.04 	
64 	0.05 	0.0 	0.0 	0.0 	0.0 	0.0 	0.0 	0.93 	0.0 	0.0 	0.02 	0.0 	0.0 	0.0 	0.0 	0.0 	0.0 	0.0 	0.0 	0.0 	
65 	0.04 	0.0 	0.1 	0.0 	0.0 	0.0 	0.21 	0.0 	0.01 	0.01 	0.0 	0.02 	0.0 	0.13 	0.0 	0.01 	0.25 	0.0 	0.15 	0.06 	
66 	0.0 	0.0 	0.0 	0.0 	0.0 	0.0 	0.0 	0.0 	0.0 	0.06 	0.06 	0.0 	0.0 	0.88 	0.0 	0.0 	0.0 	0.0 	0.0 	0.0 	
67 	0.0 	0.01 	0.0 	0.0 	0.0 	0.03 	0.44 	0.0 	0.0 	0.0 	0.04 	0.05 	0.0 	0.0 	0.0 	0.0 	0.3 	0.0 	0.0 	0.13 	
68 	0.18 	0.0 	0.0 	0.0 	0.02 	0.0 	0.0 	0.0 	0.0 	0.07 	0.04 	0.0 	0.0 	0.0 	0.01 	0.11 	0.02 	0.0 	0.0 	0.55 	
69 	0.0 	0.04 	0.0 	0.0 	0.0 	0.0 	0.0 	0.0 	0.0 	0.0 	0.09 	0.03 	0.0 	0.0 	0.0 	0.05 	0.58 	0.0 	0.16 	0.05 	
70 	0.12 	0.06 	0.09 	0.11 	0.0 	0.0 	0.1 	0.12 	0.28 	0.0 	0.0 	0.06 	0.0 	0.0 	0.0 	0.01 	0.04 	0.0 	0.0 	0.0 	
71 	0.0 	0.0 	0.01 	0.8 	0.0 	0.0 	0.04 	0.0 	0.0 	0.0 	0.0 	0.0 	0.0 	0.0 	0.01 	0.13 	0.0 	0.0 	0.0 	0.0 	
72 	0.1 	0.0 	0.0 	0.01 	0.0 	0.0 	0.01 	0.01 	0.02 	0.4 	0.11 	0.01 	0.04 	0.04 	0.01 	0.01 	0.01 	0.12 	0.01 	0.12 	
73 	0.02 	0.0 	0.0 	0.0 	0.0 	0.0 	0.01 	0.0 	0.0 	0.0 	0.0 	0.06 	0.0 	0.0 	0.1 	0.47 	0.29 	0.0 	0.0 	0.04 	
74 	0.07 	0.05 	0.11 	0.28 	0.0 	0.05 	0.06 	0.02 	0.06 	0.0 	0.0 	0.21 	0.04 	0.0 	0.01 	0.01 	0.05 	0.0 	0.0 	0.0 	
75 	0.0 	0.05 	0.0 	0.0 	0.0 	0.0 	0.0 	0.0 	0.0 	0.17 	0.26 	0.0 	0.0 	0.07 	0.0 	0.04 	0.0 	0.01 	0.3 	0.09 	
76 	0.04 	0.0 	0.0 	0.0 	0.15 	0.0 	0.0 	0.0 	0.0 	0.0 	0.05 	0.0 	0.0 	0.0 	0.1 	0.13 	0.53 	0.0 	0.0 	0.0 	
77 	0.22 	0.17 	0.07 	0.02 	0.11 	0.0 	0.05 	0.0 	0.01 	0.01 	0.0 	0.18 	0.02 	0.0 	0.0 	0.11 	0.0 	0.0 	0.03 	0.0 	
78 	0.73 	0.0 	0.0 	0.0 	0.0 	0.0 	0.0 	0.0 	0.1 	0.07 	0.0 	0.0 	0.0 	0.0 	0.0 	0.05 	0.0 	0.0 	0.0 	0.05 	
79 	0.08 	0.0 	0.0 	0.03 	0.0 	0.0 	0.05 	0.06 	0.0 	0.0 	0.01 	0.22 	0.08 	0.27 	0.11 	0.07 	0.01 	0.0 	0.0 	0.0 	
80 	0.0 	0.0 	0.0 	0.0 	0.01 	0.0 	0.0 	0.0 	0.04 	0.09 	0.53 	0.0 	0.02 	0.19 	0.02 	0.0 	0.0 	0.0 	0.0 	0.1 	
81 	0.02 	0.11 	0.04 	0.0 	0.0 	0.06 	0.0 	0.0 	0.0 	0.0 	0.23 	0.0 	0.0 	0.41 	0.0 	0.09 	0.01 	0.0 	0.02 	0.0 	
82 	0.28 	0.03 	0.0 	0.1 	0.0 	0.11 	0.14 	0.08 	0.0 	0.0 	0.0 	0.05 	0.0 	0.0 	0.0 	0.1 	0.12 	0.0 	0.0 	0.0 	
83 	0.12 	0.0 	0.02 	0.02 	0.0 	0.01 	0.13 	0.01 	0.0 	0.08 	0.01 	0.05 	0.0 	0.0 	0.23 	0.02 	0.01 	0.0 	0.0 	0.28 	
84 	0.0 	0.0 	0.01 	0.04 	0.0 	0.0 	0.0 	0.87 	0.0 	0.0 	0.0 	0.01 	0.0 	0.0 	0.05 	0.02 	0.01 	0.0 	0.0 	0.0 	
85 	0.03 	0.06 	0.0 	0.0 	0.0 	0.04 	0.03 	0.0 	0.0 	0.0 	0.0 	0.62 	0.0 	0.0 	0.0 	0.05 	0.03 	0.0 	0.02 	0.11 	
86 	0.0 	0.12 	0.0 	0.0 	0.0 	0.26 	0.07 	0.0 	0.0 	0.02 	0.0 	0.28 	0.0 	0.03 	0.0 	0.04 	0.1 	0.0 	0.0 	0.07 	
87 	0.0 	0.0 	0.0 	0.0 	0.02 	0.0 	0.0 	0.0 	0.0 	0.08 	0.0 	0.0 	0.0 	0.05 	0.0 	0.0 	0.71 	0.0 	0.09 	0.04 	
88 	0.04 	0.02 	0.0 	0.07 	0.0 	0.02 	0.12 	0.0 	0.0 	0.0 	0.0 	0.01 	0.0 	0.0 	0.65 	0.01 	0.05 	0.0 	0.0 	0.0 	
89 	0.15 	0.0 	0.0 	0.0 	0.08 	0.0 	0.03 	0.02 	0.0 	0.09 	0.08 	0.0 	0.1 	0.04 	0.0 	0.0 	0.03 	0.0 	0.0 	0.38 	
90 	0.03 	0.07 	0.0 	0.0 	0.0 	0.0 	0.0 	0.0 	0.0 	0.17 	0.09 	0.0 	0.07 	0.39 	0.0 	0.0 	0.0 	0.0 	0.05 	0.12 	
91 	0.2 	0.0 	0.0 	0.0 	0.05 	0.0 	0.0 	0.06 	0.0 	0.13 	0.12 	0.0 	0.0 	0.06 	0.0 	0.0 	0.1 	0.0 	0.0 	0.28 	
92 	0.06 	0.94 	0.0 	0.0 	0.0 	0.0 	0.0 	0.0 	0.0 	0.0 	0.0 	0.0 	0.0 	0.0 	0.0 	0.0 	0.0 	0.0 	0.0 	0.0 	
93 	0.0 	0.0 	0.0 	0.0 	0.0 	0.0 	0.0 	0.0 	0.12 	0.02 	0.05 	0.0 	0.0 	0.81 	0.0 	0.0 	0.0 	0.0 	0.0 	0.0 	
94 	0.17 	0.0 	0.0 	0.0 	0.0 	0.0 	0.0 	0.0 	0.0 	0.0 	0.0 	0.0 	0.0 	0.0 	0.0 	0.81 	0.02 	0.0 	0.0 	0.0 	
95 	0.01 	0.0 	0.22 	0.0 	0.0 	0.02 	0.0 	0.0 	0.0 	0.0 	0.04 	0.0 	0.0 	0.0 	0.0 	0.02 	0.7 	0.0 	0.0 	0.0 	
96 	0.04 	0.0 	0.0 	0.0 	0.0 	0.0 	0.0 	0.09 	0.0 	0.06 	0.07 	0.0 	0.0 	0.0 	0.0 	0.0 	0.08 	0.0 	0.0 	0.67 	
97 	0.42 	0.0 	0.01 	0.0 	0.0 	0.04 	0.0 	0.17 	0.0 	0.08 	0.01 	0.0 	0.0 	0.0 	0.0 	0.07 	0.02 	0.0 	0.0 	0.14 	
98 	0.01 	0.01 	0.01 	0.02 	0.0 	0.0 	0.01 	0.63 	0.17 	0.01 	0.09 	0.01 	0.0 	0.0 	0.01 	0.01 	0.01 	0.0 	0.0 	0.01 	
99 	0.08 	0.03 	0.09 	0.01 	0.0 	0.0 	0.45 	0.13 	0.0 	0.01 	0.01 	0.01 	0.0 	0.02 	0.04 	0.1 	0.01 	0.0 	0.0 	0.01 	
100 	0.12 	0.41 	0.03 	0.0 	0.0 	0.03 	0.0 	0.0 	0.0 	0.0 	0.06 	0.19 	0.0 	0.0 	0.08 	0.05 	0.01 	0.0 	0.0 	0.0 	
101 	0.01 	0.0 	0.0 	0.0 	0.0 	0.05 	0.02 	0.65 	0.06 	0.0 	0.0 	0.14 	0.0 	0.0 	0.0 	0.0 	0.0 	0.0 	0.07 	0.0 	
102 	0.14 	0.0 	0.0 	0.06 	0.0 	0.05 	0.0 	0.02 	0.0 	0.05 	0.0 	0.0 	0.0 	0.0 	0.07 	0.56 	0.01 	0.0 	0.02 	0.0 	
103 	0.44 	0.05 	0.0 	0.12 	0.0 	0.0 	0.0 	0.02 	0.0 	0.0 	0.01 	0.0 	0.0 	0.01 	0.25 	0.07 	0.0 	0.0 	0.0 	0.02 	
104 	0.0 	0.0 	0.0 	0.69 	0.0 	0.0 	0.25 	0.0 	0.0 	0.0 	0.01 	0.0 	0.0 	0.0 	0.0 	0.0 	0.0 	0.0 	0.0 	0.0 	
105 	0.27 	0.0 	0.0 	0.0 	0.0 	0.0 	0.0 	0.1 	0.01 	0.0 	0.03 	0.0 	0.0 	0.0 	0.0 	0.05 	0.52 	0.0 	0.0 	0.0 	
106 	0.17 	0.01 	0.0 	0.0 	0.0 	0.01 	0.11 	0.07 	0.0 	0.03 	0.19 	0.05 	0.02 	0.0 	0.0 	0.0 	0.0 	0.01 	0.06 	0.27 	
107 	0.07 	0.67 	0.0 	0.0 	0.0 	0.02 	0.0 	0.0 	0.0 	0.06 	0.0 	0.04 	0.0 	0.0 	0.09 	0.01 	0.05 	0.0 	0.0 	0.0 	
108 	0.0 	0.05 	0.1 	0.81 	0.0 	0.0 	0.0 	0.04 	0.0 	0.0 	0.0 	0.0 	0.0 	0.0 	0.0 	0.0 	0.0 	0.0 	0.0 	0.0 	
109 	0.14 	0.0 	0.0 	0.0 	0.0 	0.0 	0.0 	0.06 	0.0 	0.16 	0.05 	0.0 	0.0 	0.0 	0.3 	0.0 	0.02 	0.0 	0.0 	0.27 	
110 	0.0 	0.73 	0.0 	0.06 	0.0 	0.0 	0.0 	0.0 	0.13 	0.0 	0.0 	0.08 	0.0 	0.0 	0.0 	0.0 	0.0 	0.0 	0.0 	0.0 	
111 	0.04 	0.0 	0.0 	0.0 	0.0 	0.0 	0.0 	0.91 	0.0 	0.0 	0.0 	0.0 	0.0 	0.0 	0.0 	0.05 	0.0 	0.0 	0.0 	0.0 	
112 	0.0 	0.0 	0.0 	0.0 	0.0 	0.0 	0.0 	0.0 	0.02 	0.0 	0.06 	0.0 	0.15 	0.71 	0.0 	0.05 	0.0 	0.01 	0.0 	0.02 	
113 	0.84 	0.0 	0.0 	0.0 	0.0 	0.0 	0.0 	0.06 	0.0 	0.0 	0.0 	0.0 	0.0 	0.0 	0.0 	0.1 	0.0 	0.0 	0.0 	0.0 	
114 	0.04 	0.0 	0.0 	0.0 	0.02 	0.0 	0.0 	0.0 	0.0 	0.2 	0.18 	0.0 	0.02 	0.04 	0.0 	0.0 	0.2 	0.0 	0.0 	0.31 	
115 	0.0 	0.15 	0.0 	0.0 	0.0 	0.04 	0.0 	0.0 	0.0 	0.0 	0.0 	0.81 	0.0 	0.0 	0.0 	0.0 	0.0 	0.0 	0.0 	0.0 	
116 	0.0 	0.0 	0.0 	0.0 	0.0 	0.0 	0.0 	0.0 	0.01 	0.06 	0.08 	0.0 	0.02 	0.82 	0.0 	0.0 	0.0 	0.0 	0.01 	0.0 	
117 	0.1 	0.0 	0.0 	0.02 	0.0 	0.04 	0.0 	0.0 	0.0 	0.0 	0.0 	0.0 	0.0 	0.07 	0.0 	0.0 	0.09 	0.0 	0.65 	0.0 	
118 	0.0 	0.0 	0.01 	0.05 	0.0 	0.0 	0.0 	0.05 	0.0 	0.0 	0.09 	0.0 	0.0 	0.0 	0.0 	0.05 	0.7 	0.0 	0.0 	0.04 	
119 	0.06 	0.11 	0.0 	0.17 	0.0 	0.02 	0.36 	0.01 	0.0 	0.0 	0.0 	0.04 	0.0 	0.0 	0.08 	0.07 	0.0 	0.0 	0.0 	0.05 	
120 	0.09 	0.0 	0.04 	0.21 	0.0 	0.06 	0.54 	0.01 	0.0 	0.0 	0.0 	0.0 	0.0 	0.0 	0.0 	0.0 	0.0 	0.02 	0.0 	0.0 	
121 	0.04 	0.0 	0.04 	0.0 	0.0 	0.0 	0.0 	0.92 	0.0 	0.0 	0.0 	0.0 	0.0 	0.0 	0.0 	0.0 	0.0 	0.0 	0.0 	0.0 	
122 	0.0 	0.09 	0.71 	0.02 	0.0 	0.0 	0.02 	0.0 	0.0 	0.02 	0.04 	0.0 	0.0 	0.0 	0.05 	0.04 	0.0 	0.0 	0.0 	0.01 	
123 	0.0 	0.0 	0.0 	0.0 	0.0 	0.04 	0.0 	0.0 	0.06 	0.0 	0.15 	0.0 	0.0 	0.23 	0.0 	0.0 	0.04 	0.37 	0.11 	0.0 	
124 	0.0 	0.0 	0.04 	0.92 	0.0 	0.0 	0.04 	0.0 	0.0 	0.0 	0.0 	0.0 	0.0 	0.0 	0.0 	0.0 	0.0 	0.0 	0.0 	0.0 	
125 	0.0 	0.0 	0.0 	0.0 	0.0 	0.0 	0.0 	0.0 	0.0 	0.18 	0.52 	0.0 	0.07 	0.06 	0.0 	0.0 	0.0 	0.12 	0.0 	0.05 	
126 	0.04 	0.0 	0.0 	0.0 	0.0 	0.0 	0.0 	0.0 	0.0 	0.0 	0.03 	0.0 	0.0 	0.0 	0.0 	0.04 	0.01 	0.0 	0.0 	0.88 	
127 	0.04 	0.0 	0.0 	0.0 	0.05 	0.0 	0.0 	0.63 	0.0 	0.0 	0.13 	0.0 	0.05 	0.05 	0.0 	0.02 	0.0 	0.0 	0.03 	0.0 	
128 	0.05 	0.0 	0.76 	0.0 	0.0 	0.04 	0.0 	0.0 	0.0 	0.03 	0.12 	0.0 	0.0 	0.0 	0.0 	0.0 	0.0 	0.0 	0.0 	0.0 	
129 	0.0 	0.0 	0.8 	0.05 	0.0 	0.0 	0.0 	0.0 	0.0 	0.0 	0.0 	0.0 	0.0 	0.0 	0.0 	0.02 	0.14 	0.0 	0.0 	0.0 	
130 	0.04 	0.0 	0.0 	0.0 	0.0 	0.0 	0.0 	0.1 	0.0 	0.13 	0.05 	0.05 	0.03 	0.17 	0.0 	0.04 	0.36 	0.0 	0.0 	0.02 	
131 	0.02 	0.04 	0.0 	0.0 	0.0 	0.0 	0.1 	0.0 	0.0 	0.0 	0.0 	0.01 	0.0 	0.0 	0.83 	0.0 	0.0 	0.0 	0.0 	0.0 	
132 	0.05 	0.0 	0.0 	0.0 	0.0 	0.0 	0.0 	0.0 	0.0 	0.14 	0.04 	0.0 	0.02 	0.04 	0.02 	0.0 	0.03 	0.0 	0.02 	0.65 	
133 	0.0 	0.0 	0.05 	0.0 	0.0 	0.0 	0.0 	0.0 	0.0 	0.0 	0.04 	0.0 	0.0 	0.87 	0.0 	0.04 	0.0 	0.0 	0.0 	0.0 	
134 	0.0 	0.0 	0.0 	0.0 	0.0 	0.0 	0.0 	0.09 	0.0 	0.05 	0.0 	0.0 	0.0 	0.78 	0.02 	0.0 	0.0 	0.0 	0.02 	0.04 	
135 	0.0 	0.0 	0.01 	0.0 	0.0 	0.0 	0.0 	0.0 	0.0 	0.6 	0.11 	0.0 	0.0 	0.13 	0.0 	0.04 	0.0 	0.0 	0.0 	0.09 	
136 	0.04 	0.57 	0.01 	0.0 	0.0 	0.14 	0.0 	0.0 	0.0 	0.04 	0.0 	0.01 	0.0 	0.0 	0.06 	0.04 	0.0 	0.08 	0.0 	0.0 	
137 	0.0 	0.0 	0.1 	0.73 	0.0 	0.0 	0.0 	0.0 	0.0 	0.0 	0.0 	0.0 	0.0 	0.04 	0.0 	0.04 	0.09 	0.0 	0.0 	0.0 	
138 	0.32 	0.0 	0.0 	0.04 	0.0 	0.0 	0.0 	0.11 	0.0 	0.0 	0.01 	0.0 	0.0 	0.0 	0.35 	0.08 	0.05 	0.0 	0.0 	0.03 	
139 	0.06 	0.06 	0.0 	0.0 	0.0 	0.0 	0.08 	0.0 	0.01 	0.32 	0.15 	0.04 	0.08 	0.0 	0.05 	0.1 	0.01 	0.0 	0.02 	0.02 	
140 	0.0 	0.01 	0.0 	0.05 	0.0 	0.04 	0.0 	0.08 	0.01 	0.03 	0.18 	0.51 	0.0 	0.01 	0.0 	0.08 	0.0 	0.0 	0.0 	0.0 	
141 	0.0 	0.0 	0.0 	0.0 	0.0 	0.0 	0.03 	0.0 	0.0 	0.0 	0.05 	0.0 	0.0 	0.82 	0.0 	0.01 	0.0 	0.0 	0.09 	0.0 	
142 	0.05 	0.0 	0.0 	0.0 	0.0 	0.0 	0.05 	0.0 	0.05 	0.05 	0.0 	0.0 	0.0 	0.0 	0.69 	0.0 	0.02 	0.0 	0.04 	0.06 	
143 	0.04 	0.05 	0.02 	0.6 	0.0 	0.05 	0.04 	0.0 	0.04 	0.0 	0.01 	0.0 	0.0 	0.0 	0.0 	0.1 	0.03 	0.0 	0.0 	0.02 	
144 	0.0 	0.0 	0.04 	0.0 	0.0 	0.0 	0.0 	0.0 	0.0 	0.04 	0.28 	0.0 	0.13 	0.42 	0.0 	0.0 	0.01 	0.0 	0.0 	0.07 	
145 	0.0 	0.0 	0.07 	0.0 	0.0 	0.0 	0.0 	0.0 	0.0 	0.4 	0.08 	0.0 	0.1 	0.05 	0.0 	0.0 	0.02 	0.0 	0.0 	0.27 	
146 	0.09 	0.05 	0.0 	0.0 	0.0 	0.0 	0.0 	0.05 	0.66 	0.0 	0.04 	0.06 	0.0 	0.0 	0.05 	0.0 	0.0 	0.0 	0.0 	0.0 	
147 	0.49 	0.0 	0.0 	0.0 	0.0 	0.0 	0.05 	0.0 	0.0 	0.01 	0.0 	0.04 	0.0 	0.0 	0.0 	0.22 	0.13 	0.0 	0.0 	0.06 	
148 	0.05 	0.0 	0.0 	0.0 	0.0 	0.33 	0.05 	0.01 	0.0 	0.06 	0.12 	0.0 	0.04 	0.12 	0.0 	0.0 	0.02 	0.0 	0.0 	0.18 	
149 	0.09 	0.14 	0.0 	0.0 	0.0 	0.02 	0.05 	0.0 	0.0 	0.0 	0.0 	0.65 	0.0 	0.0 	0.0 	0.0 	0.0 	0.0 	0.0 	0.0 	
150 	0.0 	0.39 	0.05 	0.0 	0.0 	0.0 	0.0 	0.05 	0.0 	0.0 	0.0 	0.02 	0.01 	0.0 	0.44 	0.0 	0.0 	0.0 	0.0 	0.0 	
151 	0.0 	0.02 	0.27 	0.33 	0.0 	0.05 	0.08 	0.04 	0.03 	0.0 	0.02 	0.01 	0.02 	0.0 	0.0 	0.11 	0.0 	0.0 	0.0 	0.0 	
152 	0.11 	0.0 	0.0 	0.0 	0.0 	0.0 	0.0 	0.02 	0.0 	0.0 	0.04 	0.0 	0.0 	0.0 	0.79 	0.0 	0.0 	0.0 	0.0 	0.0 	
153 	0.13 	0.23 	0.02 	0.11 	0.0 	0.16 	0.01 	0.0 	0.07 	0.0 	0.0 	0.13 	0.0 	0.01 	0.0 	0.0 	0.1 	0.0 	0.01 	0.03 	
154 	0.0 	0.02 	0.11 	0.0 	0.0 	0.01 	0.05 	0.05 	0.0 	0.0 	0.0 	0.0 	0.0 	0.12 	0.0 	0.16 	0.47 	0.01 	0.0 	0.0 	
155 	0.05 	0.0 	0.29 	0.01 	0.0 	0.0 	0.23 	0.09 	0.29 	0.0 	0.0 	0.0 	0.0 	0.0 	0.04 	0.0 	0.0 	0.0 	0.0 	0.0 	
156 	0.05 	0.02 	0.0 	0.0 	0.02 	0.05 	0.0 	0.0 	0.0 	0.19 	0.35 	0.04 	0.1 	0.01 	0.05 	0.01 	0.0 	0.0 	0.06 	0.06 	
157 	0.06 	0.16 	0.0 	0.02 	0.0 	0.23 	0.0 	0.0 	0.01 	0.0 	0.05 	0.16 	0.0 	0.0 	0.25 	0.01 	0.0 	0.0 	0.0 	0.05 	
158 	0.07 	0.0 	0.12 	0.31 	0.0 	0.11 	0.12 	0.0 	0.0 	0.0 	0.09 	0.0 	0.0 	0.0 	0.0 	0.14 	0.0 	0.0 	0.05 	0.0 	
159 	0.34 	0.0 	0.07 	0.03 	0.0 	0.02 	0.05 	0.03 	0.05 	0.0 	0.0 	0.05 	0.01 	0.0 	0.29 	0.01 	0.02 	0.0 	0.03 	0.0 	
160 	0.02 	0.0 	0.26 	0.18 	0.0 	0.05 	0.06 	0.0 	0.0 	0.0 	0.05 	0.03 	0.0 	0.05 	0.0 	0.04 	0.14 	0.11 	0.0 	0.0 	
161 	0.13 	0.22 	0.12 	0.0 	0.0 	0.0 	0.01 	0.01 	0.0 	0.07 	0.01 	0.05 	0.18 	0.01 	0.06 	0.06 	0.06 	0.0 	0.01 	0.01 	
162 	0.17 	0.02 	0.07 	0.0 	0.0 	0.02 	0.01 	0.01 	0.0 	0.14 	0.01 	0.02 	0.03 	0.19 	0.0 	0.01 	0.03 	0.02 	0.12 	0.13 	
163 	0.01 	0.0 	0.0 	0.0 	0.0 	0.0 	0.05 	0.01 	0.0 	0.0 	0.08 	0.05 	0.01 	0.09 	0.0 	0.04 	0.01 	0.55 	0.06 	0.02 	
164 	0.05 	0.0 	0.0 	0.75 	0.0 	0.0 	0.04 	0.01 	0.0 	0.0 	0.01 	0.0 	0.0 	0.0 	0.0 	0.05 	0.01 	0.0 	0.05 	0.01 	
165 	0.0 	0.0 	0.04 	0.0 	0.0 	0.0 	0.0 	0.0 	0.04 	0.0 	0.09 	0.0 	0.05 	0.62 	0.0 	0.01 	0.0 	0.03 	0.1 	0.0 	
166 	0.0 	0.04 	0.0 	0.0 	0.03 	0.01 	0.0 	0.0 	0.0 	0.02 	0.22 	0.05 	0.01 	0.28 	0.0 	0.0 	0.0 	0.19 	0.0 	0.13 	
167 	0.11 	0.0 	0.0 	0.0 	0.02 	0.0 	0.09 	0.03 	0.0 	0.0 	0.04 	0.0 	0.01 	0.01 	0.0 	0.38 	0.21 	0.0 	0.07 	0.04 	
168 	0.04 	0.04 	0.17 	0.02 	0.0 	0.07 	0.01 	0.03 	0.17 	0.0 	0.22 	0.06 	0.0 	0.01 	0.0 	0.09 	0.05 	0.0 	0.01 	0.0 	
169 	0.0 	0.13 	0.17 	0.0 	0.01 	0.08 	0.01 	0.05 	0.13 	0.0 	0.19 	0.01 	0.0 	0.01 	0.0 	0.08 	0.04 	0.0 	0.04 	0.05 	
170 	0.01 	0.0 	0.0 	0.01 	0.0 	0.03 	0.01 	0.04 	0.04 	0.0 	0.0 	0.0 	0.0 	0.0 	0.76 	0.02 	0.01 	0.0 	0.0 	0.05 	
171 	0.01 	0.05 	0.0 	0.04 	0.0 	0.0 	0.76 	0.01 	0.0 	0.0 	0.01 	0.01 	0.0 	0.0 	0.0 	0.06 	0.02 	0.0 	0.0 	0.01 	
172 	0.26 	0.0 	0.04 	0.05 	0.0 	0.0 	0.0 	0.02 	0.0 	0.0 	0.04 	0.0 	0.0 	0.0 	0.0 	0.54 	0.05 	0.0 	0.0 	0.0 	
173 	0.05 	0.0 	0.0 	0.0 	0.0 	0.0 	0.0 	0.0 	0.0 	0.08 	0.67 	0.04 	0.02 	0.0 	0.0 	0.0 	0.12 	0.0 	0.0 	0.02 	
174 	0.08 	0.06 	0.02 	0.0 	0.0 	0.0 	0.0 	0.04 	0.67 	0.0 	0.02 	0.0 	0.0 	0.0 	0.05 	0.01 	0.02 	0.0 	0.01 	0.0 	
175 	0.06 	0.05 	0.01 	0.0 	0.0 	0.41 	0.0 	0.0 	0.0 	0.0 	0.02 	0.0 	0.23 	0.02 	0.0 	0.04 	0.1 	0.0 	0.0 	0.05 	
176 	0.07 	0.0 	0.0 	0.0 	0.0 	0.0 	0.0 	0.04 	0.0 	0.09 	0.2 	0.0 	0.0 	0.13 	0.0 	0.0 	0.02 	0.01 	0.05 	0.37 	
177 	0.12 	0.0 	0.0 	0.0 	0.01 	0.0 	0.0 	0.0 	0.0 	0.0 	0.15 	0.0 	0.15 	0.04 	0.04 	0.15 	0.29 	0.0 	0.0 	0.01 	
178 	0.0 	0.0 	0.0 	0.0 	0.0 	0.04 	0.0 	0.05 	0.0 	0.16 	0.11 	0.0 	0.0 	0.27 	0.0 	0.0 	0.02 	0.21 	0.06 	0.07 	
179 	0.09 	0.0 	0.0 	0.02 	0.0 	0.05 	0.05 	0.0 	0.0 	0.04 	0.5 	0.0 	0.02 	0.12 	0.0 	0.0 	0.01 	0.0 	0.0 	0.08 	
180 	0.13 	0.09 	0.0 	0.0 	0.0 	0.0 	0.0 	0.0 	0.02 	0.0 	0.01 	0.0 	0.27 	0.31 	0.0 	0.04 	0.0 	0.0 	0.09 	0.0 	
181 	0.06 	0.0 	0.0 	0.11 	0.0 	0.05 	0.04 	0.05 	0.0 	0.0 	0.05 	0.0 	0.0 	0.0 	0.0 	0.57 	0.04 	0.0 	0.0 	0.0 	
182 	0.09 	0.0 	0.09 	0.59 	0.0 	0.0 	0.04 	0.06 	0.0 	0.0 	0.05 	0.02 	0.0 	0.0 	0.03 	0.0 	0.0 	0.0 	0.0 	0.0 	
183 	0.0 	0.51 	0.1 	0.0 	0.0 	0.0 	0.03 	0.04 	0.03 	0.02 	0.06 	0.0 	0.0 	0.06 	0.0 	0.05 	0.0 	0.01 	0.0 	0.07 	
184 	0.07 	0.09 	0.05 	0.0 	0.01 	0.0 	0.0 	0.65 	0.0 	0.0 	0.0 	0.0 	0.0 	0.05 	0.05 	0.01 	0.0 	0.0 	0.0 	0.0 	
185 	0.1 	0.01 	0.0 	0.0 	0.0 	0.0 	0.0 	0.0 	0.0 	0.4 	0.12 	0.0 	0.01 	0.0 	0.04 	0.04 	0.22 	0.0 	0.0 	0.03 	
186 	0.09 	0.0 	0.0 	0.0 	0.0 	0.0 	0.0 	0.0 	0.0 	0.0 	0.0 	0.0 	0.08 	0.0 	0.84 	0.0 	0.0 	0.0 	0.0 	0.0 	
187 	0.27 	0.13 	0.0 	0.17 	0.0 	0.07 	0.0 	0.0 	0.0 	0.03 	0.02 	0.09 	0.0 	0.08 	0.0 	0.0 	0.08 	0.0 	0.01 	0.06 	
188 	0.08 	0.05 	0.06 	0.15 	0.0 	0.0 	0.0 	0.09 	0.0 	0.0 	0.0 	0.0 	0.0 	0.0 	0.0 	0.44 	0.12 	0.0 	0.0 	0.0 	
189 	0.0 	0.0 	0.0 	0.0 	0.0 	0.0 	0.0 	0.0 	0.07 	0.0 	0.05 	0.0 	0.01 	0.2 	0.01 	0.0 	0.0 	0.08 	0.58 	0.01 	
190 	0.15 	0.69 	0.0 	0.0 	0.01 	0.02 	0.0 	0.0 	0.0 	0.0 	0.0 	0.0 	0.01 	0.0 	0.0 	0.03 	0.05 	0.05 	0.0 	0.0 	
191 	0.0 	0.0 	0.1 	0.0 	0.0 	0.01 	0.09 	0.0 	0.47 	0.0 	0.0 	0.01 	0.05 	0.04 	0.0 	0.1 	0.12 	0.0 	0.0 	0.0 	
192 	0.02 	0.0 	0.0 	0.0 	0.0 	0.06 	0.0 	0.0 	0.0 	0.03 	0.14 	0.0 	0.61 	0.0 	0.0 	0.0 	0.12 	0.0 	0.0 	0.03 	
193 	0.0 	0.01 	0.2 	0.17 	0.0 	0.06 	0.17 	0.0 	0.12 	0.0 	0.0 	0.0 	0.0 	0.0 	0.0 	0.12 	0.0 	0.0 	0.1 	0.05 	
194 	0.03 	0.0 	0.0 	0.0 	0.0 	0.0 	0.0 	0.66 	0.0 	0.02 	0.0 	0.0 	0.0 	0.0 	0.08 	0.03 	0.0 	0.0 	0.18 	0.0 	
195 	0.0 	0.0 	0.05 	0.0 	0.0 	0.0 	0.0 	0.0 	0.09 	0.0 	0.0 	0.0 	0.0 	0.4 	0.0 	0.07 	0.0 	0.01 	0.38 	0.0 	
196 	0.02 	0.0 	0.0 	0.0 	0.0 	0.0 	0.0 	0.64 	0.0 	0.0 	0.02 	0.04 	0.01 	0.0 	0.0 	0.18 	0.05 	0.0 	0.0 	0.02 	
197 	0.02 	0.0 	0.0 	0.0 	0.0 	0.1 	0.0 	0.11 	0.03 	0.04 	0.09 	0.0 	0.0 	0.0 	0.0 	0.29 	0.0 	0.0 	0.0 	0.3 	
198 	0.0 	0.04 	0.11 	0.0 	0.0 	0.01 	0.0 	0.0 	0.71 	0.0 	0.05 	0.0 	0.0 	0.0 	0.0 	0.0 	0.0 	0.0 	0.0 	0.05 	
199 	0.28 	0.0 	0.0 	0.0 	0.05 	0.0 	0.0 	0.0 	0.0 	0.0 	0.0 	0.0 	0.0 	0.0 	0.0 	0.09 	0.58 	0.0 	0.0 	0.0 	
200 	0.0 	0.0 	0.0 	0.0 	0.0 	0.0 	0.0 	0.0 	0.0 	0.0 	0.01 	0.0 	0.06 	0.43 	0.0 	0.0 	0.0 	0.0 	0.5 	0.0 	
201 	0.01 	0.19 	0.0 	0.0 	0.0 	0.03 	0.05 	0.05 	0.0 	0.02 	0.01 	0.37 	0.01 	0.0 	0.05 	0.13 	0.08 	0.0 	0.0 	0.0 	
202 	0.0 	0.0 	0.0 	0.0 	0.0 	0.0 	0.0 	0.0 	0.0 	0.0 	0.38 	0.0 	0.06 	0.27 	0.0 	0.0 	0.0 	0.29 	0.0 	0.0 	
203 	0.0 	0.0 	0.01 	0.0 	0.0 	0.0 	0.0 	0.0 	0.0 	0.3 	0.01 	0.05 	0.0 	0.0 	0.0 	0.02 	0.05 	0.03 	0.05 	0.45 	
204 	0.16 	0.0 	0.56 	0.05 	0.0 	0.0 	0.0 	0.0 	0.0 	0.0 	0.0 	0.02 	0.08 	0.0 	0.0 	0.03 	0.08 	0.0 	0.0 	0.0 	
205 	0.23 	0.04 	0.01 	0.14 	0.0 	0.07 	0.08 	0.01 	0.0 	0.0 	0.0 	0.25 	0.0 	0.0 	0.08 	0.08 	0.0 	0.0 	0.0 	0.0 	
206 	0.13 	0.03 	0.09 	0.3 	0.0 	0.07 	0.12 	0.0 	0.0 	0.0 	0.0 	0.17 	0.0 	0.0 	0.0 	0.03 	0.04 	0.0 	0.0 	0.0 	
207 	0.0 	0.0 	0.08 	0.01 	0.0 	0.0 	0.0 	0.85 	0.0 	0.0 	0.0 	0.05 	0.0 	0.0 	0.0 	0.0 	0.0 	0.0 	0.0 	0.0 	
208 	0.01 	0.01 	0.07 	0.03 	0.0 	0.05 	0.27 	0.0 	0.0 	0.0 	0.0 	0.36 	0.0 	0.0 	0.0 	0.17 	0.03 	0.0 	0.0 	0.01 	
209 	0.23 	0.14 	0.0 	0.02 	0.0 	0.04 	0.0 	0.02 	0.0 	0.0 	0.0 	0.01 	0.0 	0.08 	0.04 	0.15 	0.06 	0.05 	0.01 	0.16 	
210 	0.0 	0.2 	0.03 	0.0 	0.0 	0.01 	0.0 	0.0 	0.17 	0.03 	0.01 	0.12 	0.0 	0.14 	0.0 	0.01 	0.1 	0.0 	0.08 	0.12 	
211 	0.05 	0.0 	0.0 	0.0 	0.04 	0.03 	0.0 	0.0 	0.0 	0.0 	0.12 	0.0 	0.0 	0.13 	0.0 	0.0 	0.0 	0.16 	0.45 	0.02 	
212 	0.05 	0.0 	0.0 	0.0 	0.18 	0.0 	0.0 	0.0 	0.0 	0.0 	0.0 	0.0 	0.0 	0.0 	0.0 	0.05 	0.0 	0.0 	0.0 	0.71 	
213 	0.0 	0.25 	0.0 	0.0 	0.0 	0.05 	0.0 	0.0 	0.08 	0.0 	0.0 	0.59 	0.0 	0.0 	0.0 	0.04 	0.0 	0.0 	0.0 	0.0 	
214 	0.0 	0.0 	0.03 	0.0 	0.0 	0.0 	0.0 	0.0 	0.0 	0.03 	0.04 	0.0 	0.0 	0.53 	0.0 	0.0 	0.02 	0.1 	0.21 	0.05 	
215 	0.0 	0.12 	0.0 	0.0 	0.0 	0.05 	0.0 	0.0 	0.65 	0.0 	0.0 	0.0 	0.0 	0.06 	0.02 	0.05 	0.0 	0.04 	0.02 	0.0 	
216 	0.0 	0.0 	0.0 	0.0 	0.0 	0.0 	0.0 	0.0 	0.01 	0.06 	0.19 	0.0 	0.0 	0.25 	0.0 	0.0 	0.0 	0.34 	0.08 	0.06 	
217 	0.04 	0.08 	0.05 	0.0 	0.0 	0.03 	0.02 	0.0 	0.0 	0.06 	0.02 	0.51 	0.0 	0.0 	0.0 	0.04 	0.02 	0.0 	0.0 	0.14 	
218 	0.05 	0.0 	0.0 	0.0 	0.01 	0.0 	0.05 	0.0 	0.0 	0.0 	0.0 	0.0 	0.0 	0.0 	0.45 	0.2 	0.24 	0.0 	0.0 	0.0 	
219 	0.01 	0.01 	0.12 	0.19 	0.0 	0.18 	0.07 	0.0 	0.01 	0.0 	0.1 	0.1 	0.02 	0.0 	0.0 	0.0 	0.16 	0.0 	0.0 	0.02 	
220 	0.06 	0.04 	0.0 	0.14 	0.11 	0.54 	0.0 	0.02 	0.0 	0.0 	0.05 	0.0 	0.0 	0.0 	0.0 	0.02 	0.03 	0.0 	0.0 	0.0 	
221 	0.04 	0.0 	0.05 	0.0 	0.0 	0.0 	0.05 	0.82 	0.0 	0.0 	0.0 	0.0 	0.0 	0.0 	0.0 	0.05 	0.0 	0.0 	0.0 	0.0 	
222 	0.0 	0.01 	0.0 	0.0 	0.0 	0.05 	0.08 	0.0 	0.02 	0.26 	0.06 	0.03 	0.0 	0.05 	0.08 	0.06 	0.07 	0.0 	0.0 	0.23 	
223 	0.11 	0.04 	0.03 	0.0 	0.02 	0.02 	0.17 	0.05 	0.08 	0.04 	0.0 	0.36 	0.0 	0.0 	0.0 	0.01 	0.0 	0.0 	0.0 	0.06 	
224 	0.05 	0.09 	0.33 	0.03 	0.08 	0.0 	0.0 	0.06 	0.01 	0.0 	0.0 	0.0 	0.0 	0.04 	0.0 	0.22 	0.03 	0.0 	0.04 	0.0 	
225 	0.02 	0.0 	0.0 	0.0 	0.0 	0.0 	0.06 	0.05 	0.0 	0.01 	0.67 	0.0 	0.05 	0.06 	0.0 	0.06 	0.0 	0.01 	0.03 	0.01 	
226 	0.01 	0.02 	0.01 	0.03 	0.0 	0.03 	0.0 	0.03 	0.0 	0.05 	0.13 	0.01 	0.03 	0.0 	0.02 	0.13 	0.34 	0.0 	0.0 	0.16 	
227 	0.06 	0.01 	0.08 	0.18 	0.0 	0.04 	0.12 	0.05 	0.0 	0.01 	0.05 	0.0 	0.02 	0.0 	0.11 	0.0 	0.01 	0.18 	0.0 	0.08 	
228 	0.08 	0.0 	0.04 	0.29 	0.0 	0.02 	0.35 	0.04 	0.01 	0.0 	0.0 	0.07 	0.01 	0.0 	0.0 	0.09 	0.01 	0.0 	0.0 	0.0 	
229 	0.01 	0.01 	0.0 	0.19 	0.0 	0.06 	0.66 	0.0 	0.0 	0.0 	0.01 	0.03 	0.0 	0.0 	0.0 	0.02 	0.01 	0.0 	0.0 	0.01 	
230 	0.77 	0.0 	0.0 	0.0 	0.01 	0.05 	0.0 	0.02 	0.0 	0.0 	0.0 	0.0 	0.0 	0.0 	0.0 	0.05 	0.03 	0.0 	0.0 	0.04 	
231 	0.21 	0.11 	0.03 	0.03 	0.0 	0.11 	0.1 	0.05 	0.0 	0.08 	0.03 	0.04 	0.02 	0.0 	0.0 	0.01 	0.06 	0.03 	0.0 	0.09 	
232 	0.07 	0.14 	0.01 	0.04 	0.0 	0.11 	0.21 	0.01 	0.0 	0.03 	0.02 	0.27 	0.0 	0.0 	0.01 	0.02 	0.02 	0.0 	0.0 	0.02 	
233 	0.03 	0.0 	0.01 	0.0 	0.0 	0.0 	0.02 	0.01 	0.0 	0.28 	0.27 	0.02 	0.03 	0.04 	0.0 	0.01 	0.01 	0.0 	0.0 	0.24 	
234 	0.27 	0.01 	0.03 	0.04 	0.01 	0.11 	0.06 	0.19 	0.0 	0.08 	0.01 	0.0 	0.01 	0.0 	0.04 	0.08 	0.01 	0.0 	0.0 	0.03 	
235 	0.19 	0.0 	0.0 	0.01 	0.0 	0.02 	0.04 	0.5 	0.01 	0.02 	0.0 	0.06 	0.01 	0.0 	0.08 	0.05 	0.0 	0.0 	0.0 	0.0 	
236 	0.09 	0.18 	0.06 	0.03 	0.0 	0.04 	0.16 	0.0 	0.0 	0.0 	0.01 	0.23 	0.0 	0.0 	0.0 	0.08 	0.08 	0.0 	0.01 	0.02 	
237 	0.0 	0.0 	0.21 	0.49 	0.01 	0.0 	0.07 	0.08 	0.02 	0.0 	0.0 	0.0 	0.0 	0.0 	0.09 	0.0 	0.02 	0.0 	0.0 	0.0 	
238 	0.07 	0.1 	0.0 	0.05 	0.01 	0.0 	0.03 	0.0 	0.11 	0.0 	0.0 	0.05 	0.0 	0.05 	0.42 	0.03 	0.01 	0.0 	0.02 	0.04 	
239 	0.0 	0.0 	0.14 	0.54 	0.0 	0.0 	0.1 	0.08 	0.0 	0.0 	0.0 	0.0 	0.0 	0.0 	0.0 	0.12 	0.01 	0.0 	0.0 	0.0 	
240 	0.0 	0.0 	0.0 	0.0 	0.0 	0.0 	0.0 	0.03 	0.21 	0.0 	0.0 	0.0 	0.0 	0.25 	0.0 	0.14 	0.0 	0.0 	0.38 	0.0 	
241 	0.28 	0.0 	0.04 	0.0 	0.01 	0.03 	0.0 	0.03 	0.17 	0.0 	0.26 	0.0 	0.03 	0.04 	0.0 	0.07 	0.01 	0.0 	0.01 	0.03 	
242 	0.03 	0.34 	0.0 	0.0 	0.0 	0.18 	0.04 	0.0 	0.0 	0.04 	0.01 	0.0 	0.0 	0.0 	0.0 	0.04 	0.3 	0.0 	0.0 	0.01 	
243 	0.0 	0.34 	0.09 	0.08 	0.0 	0.2 	0.11 	0.0 	0.0 	0.0 	0.0 	0.14 	0.01 	0.0 	0.0 	0.0 	0.03 	0.0 	0.0 	0.0 	
244 	0.05 	0.01 	0.03 	0.63 	0.0 	0.0 	0.15 	0.0 	0.0 	0.0 	0.04 	0.06 	0.0 	0.0 	0.0 	0.03 	0.01 	0.0 	0.0 	0.0 	
245 	0.0 	0.0 	0.04 	0.0 	0.0 	0.0 	0.0 	0.0 	0.0 	0.0 	0.79 	0.0 	0.06 	0.06 	0.0 	0.0 	0.0 	0.0 	0.05 	0.0 	
246 	0.04 	0.05 	0.0 	0.0 	0.0 	0.0 	0.0 	0.0 	0.02 	0.04 	0.0 	0.0 	0.01 	0.3 	0.0 	0.0 	0.06 	0.1 	0.29 	0.07 	
247 	0.05 	0.0 	0.09 	0.22 	0.0 	0.13 	0.42 	0.01 	0.0 	0.0 	0.0 	0.02 	0.0 	0.0 	0.0 	0.02 	0.03 	0.0 	0.01 	0.0 	
248 	0.45 	0.19 	0.02 	0.04 	0.0 	0.03 	0.0 	0.0 	0.05 	0.0 	0.0 	0.0 	0.0 	0.0 	0.0 	0.21 	0.02 	0.0 	0.0 	0.0 	
249 	0.0 	0.0 	0.0 	0.0 	0.0 	0.0 	0.04 	0.0 	0.0 	0.68 	0.22 	0.0 	0.02 	0.0 	0.0 	0.0 	0.04 	0.0 	0.0 	0.0 	
250 	0.22 	0.01 	0.02 	0.02 	0.0 	0.17 	0.42 	0.01 	0.0 	0.0 	0.0 	0.02 	0.0 	0.0 	0.02 	0.01 	0.09 	0.0 	0.0 	0.0 	
251 	0.21 	0.2 	0.19 	0.13 	0.0 	0.02 	0.0 	0.01 	0.0 	0.0 	0.03 	0.13 	0.0 	0.0 	0.0 	0.05 	0.03 	0.0 	0.0 	0.0 	
252 	0.05 	0.01 	0.0 	0.0 	0.01 	0.02 	0.0 	0.81 	0.0 	0.0 	0.03 	0.02 	0.0 	0.0 	0.0 	0.04 	0.0 	0.0 	0.0 	0.0 	
253 	0.07 	0.07 	0.26 	0.28 	0.0 	0.01 	0.07 	0.02 	0.02 	0.0 	0.0 	0.03 	0.0 	0.0 	0.13 	0.0 	0.03 	0.0 	0.0 	0.01 	
254 	0.01 	0.05 	0.0 	0.0 	0.01 	0.0 	0.01 	0.01 	0.03 	0.05 	0.0 	0.02 	0.0 	0.22 	0.0 	0.0 	0.0 	0.0 	0.43 	0.17 	
255 	0.01 	0.01 	0.01 	0.01 	0.0 	0.01 	0.01 	0.04 	0.0 	0.01 	0.01 	0.01 	0.0 	0.01 	0.79 	0.01 	0.01 	0.0 	0.0 	0.06 	
256 	0.06 	0.08 	0.05 	0.03 	0.0 	0.02 	0.26 	0.0 	0.0 	0.0 	0.04 	0.22 	0.0 	0.0 	0.0 	0.15 	0.06 	0.0 	0.0 	0.01 	
257 	0.0 	0.0 	0.0 	0.0 	0.0 	0.0 	0.03 	0.0 	0.0 	0.0 	0.0 	0.0 	0.0 	0.1 	0.0 	0.0 	0.0 	0.73 	0.13 	0.0 	
258 	0.0 	0.07 	0.02 	0.24 	0.0 	0.0 	0.2 	0.0 	0.0 	0.0 	0.0 	0.18 	0.0 	0.0 	0.0 	0.0 	0.24 	0.0 	0.0 	0.05 	
259 	0.06 	0.0 	0.0 	0.0 	0.04 	0.0 	0.0 	0.0 	0.0 	0.0 	0.53 	0.0 	0.07 	0.19 	0.0 	0.0 	0.01 	0.0 	0.0 	0.11 	
260 	0.07 	0.09 	0.05 	0.0 	0.02 	0.15 	0.04 	0.09 	0.02 	0.0 	0.0 	0.03 	0.01 	0.11 	0.0 	0.02 	0.0 	0.04 	0.28 	0.0 	
261 	0.11 	0.0 	0.0 	0.0 	0.0 	0.0 	0.0 	0.0 	0.0 	0.42 	0.01 	0.0 	0.01 	0.02 	0.0 	0.04 	0.0 	0.0 	0.0 	0.39 	
262 	0.0 	0.0 	0.0 	0.0 	0.0 	0.94 	0.0 	0.0 	0.0 	0.0 	0.0 	0.01 	0.0 	0.0 	0.0 	0.0 	0.04 	0.0 	0.0 	0.0 	
263 	0.03 	0.0 	0.0 	0.0 	0.0 	0.0 	0.0 	0.0 	0.0 	0.27 	0.17 	0.0 	0.01 	0.05 	0.0 	0.03 	0.11 	0.0 	0.0 	0.34 	
264 	0.09 	0.05 	0.05 	0.0 	0.0 	0.0 	0.0 	0.04 	0.0 	0.17 	0.07 	0.0 	0.44 	0.01 	0.0 	0.0 	0.0 	0.0 	0.0 	0.08 	
265 	0.02 	0.0 	0.01 	0.34 	0.0 	0.04 	0.02 	0.04 	0.0 	0.0 	0.0 	0.02 	0.0 	0.0 	0.14 	0.16 	0.21 	0.0 	0.0 	0.0 	
266 	0.01 	0.0 	0.0 	0.06 	0.0 	0.01 	0.26 	0.0 	0.0 	0.05 	0.03 	0.0 	0.0 	0.13 	0.4 	0.0 	0.0 	0.0 	0.03 	0.01 	
267 	0.12 	0.01 	0.04 	0.14 	0.0 	0.01 	0.36 	0.05 	0.0 	0.0 	0.02 	0.09 	0.0 	0.0 	0.0 	0.05 	0.09 	0.0 	0.0 	0.02 	
268 	0.01 	0.0 	0.04 	0.54 	0.0 	0.13 	0.13 	0.0 	0.05 	0.0 	0.01 	0.03 	0.0 	0.01 	0.0 	0.05 	0.0 	0.0 	0.0 	0.0 	
269 	0.45 	0.0 	0.0 	0.04 	0.0 	0.06 	0.13 	0.02 	0.01 	0.01 	0.05 	0.0 	0.02 	0.04 	0.0 	0.05 	0.05 	0.0 	0.0 	0.08 	
270 	0.17 	0.02 	0.02 	0.14 	0.0 	0.02 	0.2 	0.0 	0.01 	0.0 	0.08 	0.08 	0.0 	0.03 	0.09 	0.04 	0.1 	0.0 	0.0 	0.0 	
271 	0.03 	0.13 	0.1 	0.08 	0.0 	0.01 	0.03 	0.01 	0.01 	0.05 	0.01 	0.31 	0.0 	0.0 	0.0 	0.04 	0.16 	0.0 	0.0 	0.01 	
272 	0.03 	0.01 	0.01 	0.06 	0.0 	0.02 	0.04 	0.01 	0.04 	0.05 	0.16 	0.01 	0.0 	0.29 	0.01 	0.01 	0.03 	0.02 	0.15 	0.04 	
273 	0.03 	0.14 	0.01 	0.32 	0.0 	0.01 	0.05 	0.11 	0.03 	0.01 	0.02 	0.05 	0.0 	0.01 	0.17 	0.02 	0.01 	0.0 	0.01 	0.01 	
274 	0.02 	0.01 	0.01 	0.04 	0.0 	0.02 	0.02 	0.02 	0.0 	0.04 	0.02 	0.01 	0.01 	0.58 	0.01 	0.02 	0.01 	0.02 	0.11 	0.01 	
275 	0.02 	0.01 	0.41 	0.3 	0.0 	0.01 	0.02 	0.02 	0.03 	0.01 	0.02 	0.01 	0.01 	0.01 	0.01 	0.07 	0.01 	0.0 	0.01 	0.01 	
276 	0.01 	0.01 	0.01 	0.01 	0.0 	0.01 	0.05 	0.03 	0.0 	0.22 	0.1 	0.01 	0.0 	0.01 	0.38 	0.05 	0.01 	0.0 	0.01 	0.07 	
277 	0.01 	0.01 	0.07 	0.0 	0.0 	0.0 	0.01 	0.01 	0.0 	0.0 	0.38 	0.0 	0.0 	0.35 	0.0 	0.04 	0.01 	0.0 	0.01 	0.09 	
278 	0.0 	0.0 	0.09 	0.79 	0.0 	0.0 	0.03 	0.0 	0.05 	0.04 	0.0 	0.0 	0.0 	0.0 	0.0 	0.0 	0.0 	0.0 	0.0 	0.0 	
279 	0.15 	0.0 	0.0 	0.02 	0.05 	0.0 	0.0 	0.0 	0.0 	0.02 	0.22 	0.0 	0.02 	0.0 	0.29 	0.0 	0.01 	0.0 	0.0 	0.22 	
280 	0.0 	0.0 	0.0 	0.0 	0.0 	0.0 	0.0 	0.05 	0.0 	0.0 	0.0 	0.0 	0.0 	0.0 	0.0 	0.1 	0.85 	0.0 	0.0 	0.0 	
281 	0.0 	0.0 	0.05 	0.0 	0.0 	0.0 	0.0 	0.0 	0.0 	0.1 	0.0 	0.77 	0.0 	0.0 	0.0 	0.04 	0.0 	0.0 	0.0 	0.05 	
282 	0.08 	0.0 	0.0 	0.01 	0.0 	0.0 	0.05 	0.0 	0.08 	0.21 	0.1 	0.0 	0.0 	0.01 	0.0 	0.03 	0.13 	0.0 	0.0 	0.29 	
283 	0.0 	0.0 	0.0 	0.0 	0.0 	0.0 	0.0 	0.0 	0.0 	0.07 	0.01 	0.0 	0.0 	0.02 	0.0 	0.03 	0.0 	0.78 	0.0 	0.08 	
284 	0.01 	0.01 	0.08 	0.1 	0.0 	0.0 	0.01 	0.01 	0.0 	0.01 	0.01 	0.01 	0.0 	0.02 	0.56 	0.07 	0.01 	0.0 	0.05 	0.04 	
285 	0.01 	0.06 	0.01 	0.01 	0.0 	0.05 	0.27 	0.01 	0.2 	0.01 	0.08 	0.1 	0.0 	0.02 	0.05 	0.01 	0.01 	0.0 	0.02 	0.04 	
286 	0.04 	0.04 	0.05 	0.16 	0.0 	0.05 	0.24 	0.14 	0.0 	0.0 	0.03 	0.16 	0.0 	0.0 	0.0 	0.07 	0.0 	0.0 	0.0 	0.0 	
287 	0.05 	0.0 	0.03 	0.28 	0.0 	0.03 	0.09 	0.01 	0.0 	0.07 	0.12 	0.01 	0.0 	0.04 	0.0 	0.08 	0.14 	0.0 	0.01 	0.05 	
288 	0.01 	0.04 	0.0 	0.0 	0.0 	0.0 	0.0 	0.0 	0.05 	0.04 	0.06 	0.0 	0.0 	0.13 	0.0 	0.0 	0.1 	0.0 	0.33 	0.25 	
289 	0.0 	0.0 	0.0 	0.0 	0.0 	0.08 	0.0 	0.0 	0.0 	0.0 	0.0 	0.0 	0.0 	0.0 	0.92 	0.0 	0.0 	0.0 	0.0 	0.0 	
290 	0.0 	0.01 	0.0 	0.01 	0.0 	0.05 	0.04 	0.0 	0.0 	0.05 	0.47 	0.04 	0.01 	0.01 	0.03 	0.0 	0.02 	0.11 	0.03 	0.11 	
291 	0.0 	0.2 	0.0 	0.0 	0.0 	0.1 	0.06 	0.0 	0.0 	0.28 	0.05 	0.06 	0.04 	0.05 	0.0 	0.0 	0.06 	0.0 	0.0 	0.1 	
292 	0.06 	0.04 	0.0 	0.12 	0.01 	0.01 	0.12 	0.0 	0.04 	0.02 	0.01 	0.14 	0.0 	0.0 	0.27 	0.0 	0.08 	0.0 	0.01 	0.07 	
293 	0.0 	0.0 	0.0 	0.04 	0.0 	0.03 	0.0 	0.0 	0.0 	0.16 	0.13 	0.0 	0.0 	0.12 	0.0 	0.0 	0.0 	0.0 	0.0 	0.52 	
294 	0.2 	0.0 	0.0 	0.0 	0.0 	0.0 	0.0 	0.8 	0.0 	0.0 	0.0 	0.0 	0.0 	0.0 	0.0 	0.0 	0.0 	0.0 	0.0 	0.0 	
295 	0.05 	0.22 	0.0 	0.0 	0.0 	0.03 	0.13 	0.0 	0.0 	0.01 	0.0 	0.33 	0.02 	0.01 	0.0 	0.0 	0.17 	0.0 	0.01 	0.03 	
296 	0.0 	0.0 	0.0 	0.0 	0.0 	0.0 	0.0 	0.0 	0.0 	0.14 	0.4 	0.0 	0.26 	0.1 	0.0 	0.0 	0.0 	0.01 	0.0 	0.1 	
297 	0.0 	0.0 	0.0 	0.0 	0.0 	0.01 	0.15 	0.0 	0.0 	0.01 	0.04 	0.01 	0.0 	0.0 	0.0 	0.05 	0.36 	0.0 	0.0 	0.37 	
298 	0.0 	0.0 	0.0 	0.0 	0.0 	0.0 	0.0 	0.0 	0.0 	0.15 	0.82 	0.0 	0.0 	0.03 	0.0 	0.0 	0.0 	0.0 	0.0 	0.0 	
299 	0.0 	0.0 	0.74 	0.07 	0.0 	0.0 	0.0 	0.0 	0.0 	0.0 	0.0 	0.03 	0.0 	0.0 	0.0 	0.0 	0.12 	0.0 	0.0 	0.0 	
300 	0.06 	0.54 	0.0 	0.01 	0.0 	0.06 	0.06 	0.05 	0.0 	0.0 	0.0 	0.18 	0.0 	0.0 	0.0 	0.0 	0.0 	0.0 	0.0 	0.0 	
301 	0.05 	0.0 	0.73 	0.06 	0.0 	0.0 	0.0 	0.03 	0.0 	0.01 	0.01 	0.0 	0.01 	0.0 	0.05 	0.0 	0.01 	0.0 	0.0 	0.02 	
302 	0.01 	0.0 	0.0 	0.05 	0.0 	0.01 	0.0 	0.0 	0.0 	0.14 	0.0 	0.0 	0.0 	0.0 	0.58 	0.1 	0.0 	0.0 	0.0 	0.12 	
303 	0.0 	0.02 	0.0 	0.31 	0.0 	0.07 	0.22 	0.0 	0.0 	0.0 	0.06 	0.07 	0.01 	0.0 	0.1 	0.0 	0.1 	0.0 	0.0 	0.03 	
304 	0.0 	0.0 	0.74 	0.04 	0.0 	0.1 	0.07 	0.0 	0.0 	0.0 	0.0 	0.02 	0.04 	0.0 	0.0 	0.0 	0.0 	0.0 	0.0 	0.0 	
305 	0.0 	0.05 	0.01 	0.0 	0.0 	0.0 	0.0 	0.0 	0.01 	0.02 	0.04 	0.0 	0.05 	0.28 	0.05 	0.0 	0.05 	0.01 	0.42 	0.03 	
306 	0.0 	0.0 	0.0 	0.0 	0.0 	0.0 	0.05 	0.05 	0.01 	0.0 	0.0 	0.0 	0.0 	0.84 	0.0 	0.0 	0.0 	0.0 	0.06 	0.0 	
307 	0.56 	0.0 	0.07 	0.0 	0.0 	0.11 	0.03 	0.0 	0.05 	0.0 	0.03 	0.0 	0.01 	0.0 	0.02 	0.05 	0.07 	0.0 	0.0 	0.0 	
308 	0.05 	0.0 	0.0 	0.08 	0.0 	0.03 	0.74 	0.05 	0.0 	0.0 	0.0 	0.0 	0.0 	0.0 	0.0 	0.05 	0.0 	0.0 	0.0 	0.0 	
309 	0.05 	0.0 	0.12 	0.0 	0.05 	0.02 	0.0 	0.05 	0.0 	0.1 	0.0 	0.0 	0.0 	0.0 	0.0 	0.0 	0.19 	0.0 	0.0 	0.39 	
310 	0.05 	0.0 	0.0 	0.05 	0.0 	0.01 	0.81 	0.0 	0.0 	0.04 	0.0 	0.0 	0.0 	0.0 	0.0 	0.0 	0.0 	0.0 	0.0 	0.0 	
311 	0.0 	0.0 	0.02 	0.0 	0.02 	0.7 	0.01 	0.08 	0.0 	0.05 	0.0 	0.03 	0.02 	0.0 	0.0 	0.03 	0.0 	0.0 	0.0 	0.0 	
312 	0.25 	0.0 	0.0 	0.0 	0.0 	0.0 	0.0 	0.0 	0.0 	0.16 	0.26 	0.0 	0.01 	0.0 	0.0 	0.08 	0.0 	0.0 	0.0 	0.24 	
313 	0.71 	0.0 	0.05 	0.0 	0.0 	0.0 	0.0 	0.04 	0.0 	0.01 	0.0 	0.0 	0.07 	0.05 	0.0 	0.02 	0.02 	0.0 	0.0 	0.05 	
314 	0.0 	0.0 	0.0 	0.0 	0.0 	0.0 	0.0 	0.0 	0.0 	0.0 	0.0 	0.0 	0.07 	0.84 	0.0 	0.0 	0.0 	0.0 	0.1 	0.0 	
315 	0.11 	0.0 	0.11 	0.19 	0.11 	0.09 	0.0 	0.04 	0.04 	0.0 	0.0 	0.0 	0.01 	0.0 	0.0 	0.26 	0.02 	0.0 	0.0 	0.0 	
316 	0.0 	0.0 	0.0 	0.0 	0.0 	0.0 	0.0 	0.0 	0.0 	0.0 	0.0 	0.0 	0.01 	0.0 	0.86 	0.01 	0.06 	0.0 	0.0 	0.07 	
317 	0.22 	0.0 	0.01 	0.0 	0.0 	0.01 	0.0 	0.27 	0.01 	0.0 	0.05 	0.0 	0.06 	0.0 	0.0 	0.31 	0.07 	0.0 	0.0 	0.0 	
318 	0.05 	0.06 	0.4 	0.0 	0.0 	0.0 	0.0 	0.0 	0.29 	0.05 	0.04 	0.0 	0.01 	0.0 	0.0 	0.0 	0.01 	0.0 	0.0 	0.09 	
319 	0.05 	0.0 	0.0 	0.0 	0.0 	0.0 	0.0 	0.0 	0.0 	0.24 	0.26 	0.0 	0.08 	0.02 	0.0 	0.0 	0.13 	0.0 	0.0 	0.22 	
320 	0.0 	0.0 	0.0 	0.0 	0.0 	0.0 	0.0 	0.0 	0.0 	0.06 	0.0 	0.0 	0.0 	0.0 	0.05 	0.11 	0.06 	0.0 	0.0 	0.72 	
321 	0.0 	0.09 	0.01 	0.13 	0.0 	0.0 	0.01 	0.0 	0.02 	0.0 	0.0 	0.05 	0.0 	0.0 	0.69 	0.0 	0.0 	0.0 	0.0 	0.0 	
322 	0.0 	0.0 	0.0 	0.0 	0.0 	0.0 	0.0 	0.97 	0.01 	0.0 	0.0 	0.0 	0.0 	0.0 	0.0 	0.0 	0.0 	0.0 	0.02 	0.0 	
323 	0.05 	0.0 	0.0 	0.0 	0.0 	0.01 	0.0 	0.0 	0.0 	0.6 	0.06 	0.0 	0.05 	0.0 	0.0 	0.0 	0.0 	0.02 	0.0 	0.2 	
324 	0.02 	0.0 	0.01 	0.29 	0.0 	0.0 	0.34 	0.13 	0.03 	0.0 	0.04 	0.02 	0.0 	0.0 	0.0 	0.02 	0.0 	0.0 	0.1 	0.0 	
325 	0.07 	0.0 	0.0 	0.0 	0.0 	0.0 	0.05 	0.0 	0.0 	0.01 	0.05 	0.0 	0.0 	0.32 	0.35 	0.0 	0.0 	0.0 	0.14 	0.01 	
326 	0.0 	0.0 	0.0 	0.0 	0.0 	0.0 	0.0 	0.0 	0.0 	0.0 	0.0 	0.0 	0.0 	0.0 	0.0 	0.73 	0.21 	0.0 	0.0 	0.05 	
327 	0.03 	0.0 	0.16 	0.25 	0.0 	0.0 	0.28 	0.0 	0.0 	0.0 	0.0 	0.0 	0.0 	0.0 	0.28 	0.0 	0.0 	0.0 	0.0 	0.0 	
328 	0.0 	0.0 	0.0 	1.0 	0.0 	0.0 	0.0 	0.0 	0.0 	0.0 	0.0 	0.0 	0.0 	0.0 	0.0 	0.0 	0.0 	0.0 	0.0 	0.0 	
329 	0.0 	0.1 	0.0 	0.0 	0.0 	0.0 	0.0 	0.0 	0.0 	0.0 	0.0 	0.37 	0.0 	0.0 	0.51 	0.02 	0.0 	0.0 	0.0 	0.0 	
330 	0.0 	0.0 	0.0 	0.0 	0.0 	0.0 	0.0 	0.0 	0.0 	0.08 	0.4 	0.0 	0.32 	0.0 	0.0 	0.0 	0.0 	0.0 	0.0 	0.2 	
331 	0.0 	0.0 	0.0 	0.0 	0.0 	0.0 	0.0 	0.0 	0.0 	0.08 	0.92 	0.0 	0.0 	0.01 	0.0 	0.0 	0.0 	0.0 	0.0 	0.0 	
332 	0.0 	0.06 	0.0 	0.0 	0.0 	0.92 	0.0 	0.0 	0.01 	0.0 	0.01 	0.0 	0.0 	0.0 	0.0 	0.0 	0.0 	0.0 	0.0 	0.0 	
333 	0.18 	0.0 	0.0 	0.0 	0.02 	0.0 	0.0 	0.48 	0.0 	0.0 	0.01 	0.0 	0.0 	0.12 	0.0 	0.03 	0.12 	0.0 	0.0 	0.01 	
334 	0.0 	1.0 	0.0 	0.0 	0.0 	0.0 	0.0 	0.0 	0.0 	0.0 	0.0 	0.0 	0.0 	0.0 	0.0 	0.0 	0.0 	0.0 	0.0 	0.0 	
335 	0.06 	0.0 	0.07 	0.0 	0.0 	0.03 	0.0 	0.0 	0.0 	0.16 	0.42 	0.0 	0.05 	0.0 	0.0 	0.08 	0.07 	0.0 	0.0 	0.06 	
336 	0.0 	0.0 	0.0 	0.0 	0.0 	0.0 	0.0 	0.07 	0.0 	0.0 	0.07 	0.0 	0.0 	0.8 	0.0 	0.0 	0.0 	0.0 	0.06 	0.0 	
337 	0.3 	0.0 	0.04 	0.0 	0.0 	0.0 	0.0 	0.05 	0.0 	0.0 	0.0 	0.0 	0.0 	0.0 	0.03 	0.47 	0.0 	0.0 	0.0 	0.11 	
338 	0.0 	0.0 	0.0 	0.0 	0.0 	0.0 	0.0 	0.0 	0.0 	0.0 	0.0 	0.0 	0.0 	0.0 	0.0 	0.0 	0.0 	0.0 	1.0 	0.0 	
339 	0.3 	0.0 	0.0 	0.0 	0.0 	0.02 	0.0 	0.11 	0.04 	0.04 	0.11 	0.03 	0.0 	0.03 	0.14 	0.13 	0.04 	0.0 	0.0 	0.0 	
340 	0.09 	0.0 	0.0 	0.91 	0.0 	0.0 	0.0 	0.0 	0.0 	0.0 	0.0 	0.0 	0.0 	0.0 	0.0 	0.0 	0.0 	0.0 	0.0 	0.0 	
341 	0.29 	0.0 	0.0 	0.0 	0.0 	0.0 	0.0 	0.0 	0.0 	0.0 	0.0 	0.0 	0.0 	0.0 	0.0 	0.12 	0.58 	0.0 	0.0 	0.0 	
342 	0.02 	0.0 	0.0 	0.0 	0.0 	0.59 	0.03 	0.0 	0.27 	0.0 	0.0 	0.0 	0.0 	0.0 	0.0 	0.0 	0.0 	0.0 	0.0 	0.09 	
343 	0.0 	0.52 	0.0 	0.0 	0.0 	0.0 	0.02 	0.0 	0.0 	0.05 	0.25 	0.1 	0.03 	0.02 	0.0 	0.0 	0.0 	0.0 	0.01 	0.0 	
344 	0.0 	0.0 	0.07 	0.0 	0.0 	0.0 	0.0 	0.0 	0.29 	0.02 	0.1 	0.01 	0.0 	0.0 	0.0 	0.14 	0.01 	0.0 	0.33 	0.0 	
345 	0.0 	0.91 	0.0 	0.0 	0.0 	0.0 	0.09 	0.0 	0.0 	0.0 	0.0 	0.0 	0.0 	0.0 	0.0 	0.0 	0.0 	0.0 	0.0 	0.0 	
346 	0.0 	0.0 	0.03 	0.0 	0.0 	0.0 	0.0 	0.0 	0.06 	0.03 	0.71 	0.0 	0.0 	0.0 	0.0 	0.0 	0.09 	0.0 	0.0 	0.08 	
347 	0.0 	0.0 	0.0 	0.0 	0.0 	0.0 	0.0 	0.91 	0.0 	0.0 	0.0 	0.0 	0.0 	0.0 	0.0 	0.0 	0.09 	0.0 	0.0 	0.0 	
348 	0.24 	0.02 	0.0 	0.0 	0.0 	0.0 	0.0 	0.0 	0.0 	0.04 	0.0 	0.0 	0.0 	0.0 	0.4 	0.0 	0.05 	0.0 	0.0 	0.24 	
349 	0.0 	0.0 	0.7 	0.11 	0.0 	0.02 	0.0 	0.0 	0.04 	0.02 	0.0 	0.0 	0.0 	0.0 	0.0 	0.09 	0.02 	0.0 	0.0 	0.0 	
350 	0.01 	0.0 	0.02 	0.0 	0.0 	0.0 	0.0 	0.03 	0.17 	0.02 	0.06 	0.0 	0.0 	0.22 	0.02 	0.01 	0.0 	0.02 	0.39 	0.02 	
351 	0.01 	0.02 	0.04 	0.01 	0.0 	0.08 	0.16 	0.07 	0.09 	0.02 	0.26 	0.0 	0.02 	0.02 	0.01 	0.11 	0.03 	0.04 	0.0 	0.03 	
352 	0.02 	0.0 	0.02 	0.08 	0.0 	0.51 	0.07 	0.02 	0.06 	0.0 	0.05 	0.11 	0.02 	0.0 	0.0 	0.03 	0.0 	0.0 	0.0 	0.0 	
353 	0.05 	0.0 	0.0 	0.0 	0.0 	0.05 	0.0 	0.0 	0.0 	0.35 	0.49 	0.0 	0.0 	0.0 	0.02 	0.0 	0.0 	0.0 	0.0 	0.0 	
354 	0.06 	0.0 	0.0 	0.0 	0.0 	0.0 	0.0 	0.03 	0.0 	0.0 	0.0 	0.0 	0.0 	0.0 	0.87 	0.0 	0.0 	0.0 	0.0 	0.0 	
355 	0.08 	0.0 	0.0 	0.0 	0.0 	0.0 	0.0 	0.0 	0.0 	0.19 	0.03 	0.0 	0.0 	0.03 	0.01 	0.05 	0.0 	0.0 	0.0 	0.58 	
356 	0.01 	0.05 	0.77 	0.0 	0.07 	0.0 	0.0 	0.01 	0.0 	0.0 	0.01 	0.0 	0.0 	0.0 	0.05 	0.01 	0.0 	0.0 	0.0 	0.0 	
357 	0.24 	0.47 	0.0 	0.0 	0.09 	0.1 	0.0 	0.0 	0.0 	0.0 	0.0 	0.02 	0.0 	0.0 	0.0 	0.04 	0.0 	0.0 	0.0 	0.0 	
358 	0.03 	0.0 	0.0 	0.0 	0.02 	0.0 	0.0 	0.0 	0.0 	0.0 	0.0 	0.05 	0.0 	0.0 	0.8 	0.0 	0.07 	0.0 	0.0 	0.0 	
359 	0.0 	0.23 	0.0 	0.0 	0.0 	0.0 	0.05 	0.0 	0.02 	0.0 	0.03 	0.37 	0.01 	0.0 	0.02 	0.05 	0.01 	0.01 	0.1 	0.08 	
360 	0.18 	0.04 	0.04 	0.0 	0.35 	0.0 	0.0 	0.06 	0.0 	0.01 	0.0 	0.1 	0.01 	0.0 	0.0 	0.09 	0.06 	0.01 	0.0 	0.06 	
361 	0.2 	0.03 	0.0 	0.0 	0.0 	0.01 	0.03 	0.04 	0.02 	0.0 	0.02 	0.03 	0.0 	0.0 	0.4 	0.05 	0.11 	0.0 	0.0 	0.06 	
362 	0.06 	0.01 	0.01 	0.0 	0.03 	0.0 	0.02 	0.0 	0.13 	0.08 	0.03 	0.0 	0.01 	0.2 	0.0 	0.0 	0.0 	0.0 	0.03 	0.4 	
363 	0.11 	0.01 	0.13 	0.01 	0.04 	0.02 	0.03 	0.01 	0.41 	0.0 	0.08 	0.04 	0.01 	0.02 	0.0 	0.02 	0.02 	0.0 	0.0 	0.0 	
364 	0.02 	0.01 	0.59 	0.0 	0.0 	0.0 	0.0 	0.02 	0.03 	0.0 	0.01 	0.0 	0.0 	0.0 	0.12 	0.08 	0.06 	0.0 	0.02 	0.01 	
365 	0.02 	0.0 	0.36 	0.07 	0.0 	0.02 	0.0 	0.02 	0.06 	0.01 	0.03 	0.0 	0.0 	0.12 	0.01 	0.02 	0.05 	0.0 	0.18 	0.01 	
366 	0.04 	0.0 	0.19 	0.0 	0.0 	0.34 	0.01 	0.01 	0.21 	0.04 	0.04 	0.0 	0.02 	0.0 	0.0 	0.07 	0.0 	0.0 	0.01 	0.0 	
367 	0.0 	0.61 	0.0 	0.0 	0.0 	0.06 	0.07 	0.0 	0.1 	0.0 	0.0 	0.02 	0.0 	0.02 	0.0 	0.02 	0.0 	0.0 	0.07 	0.01 	
368 	0.01 	0.0 	0.01 	0.82 	0.0 	0.0 	0.08 	0.01 	0.0 	0.0 	0.02 	0.0 	0.0 	0.0 	0.02 	0.0 	0.0 	0.0 	0.0 	0.0 	
369 	0.02 	0.0 	0.0 	0.0 	0.0 	0.0 	0.0 	0.94 	0.0 	0.0 	0.0 	0.0 	0.0 	0.0 	0.0 	0.0 	0.0 	0.0 	0.0 	0.0 	
370 	0.32 	0.0 	0.0 	0.0 	0.01 	0.15 	0.0 	0.01 	0.02 	0.02 	0.05 	0.0 	0.02 	0.13 	0.12 	0.07 	0.02 	0.0 	0.05 	0.0 	
371 	0.04 	0.02 	0.0 	0.01 	0.0 	0.02 	0.01 	0.16 	0.05 	0.01 	0.04 	0.02 	0.57 	0.01 	0.01 	0.03 	0.01 	0.0 	0.0 	0.01 	
372 	0.1 	0.25 	0.26 	0.0 	0.06 	0.11 	0.04 	0.0 	0.0 	0.0 	0.01 	0.02 	0.01 	0.0 	0.02 	0.02 	0.06 	0.02 	0.01 	0.0 	
373 	0.07 	0.0 	0.02 	0.01 	0.0 	0.05 	0.0 	0.0 	0.05 	0.02 	0.02 	0.0 	0.15 	0.24 	0.0 	0.01 	0.03 	0.0 	0.12 	0.19 	
374 	0.03 	0.04 	0.13 	0.26 	0.0 	0.02 	0.03 	0.1 	0.0 	0.05 	0.01 	0.04 	0.12 	0.05 	0.0 	0.0 	0.07 	0.01 	0.02 	0.02 	
375 	0.01 	0.03 	0.27 	0.1 	0.0 	0.05 	0.04 	0.06 	0.18 	0.17 	0.01 	0.0 	0.0 	0.0 	0.01 	0.03 	0.0 	0.0 	0.01 	0.01 	
376 	0.02 	0.16 	0.09 	0.01 	0.0 	0.16 	0.0 	0.01 	0.04 	0.0 	0.1 	0.02 	0.0 	0.04 	0.08 	0.04 	0.08 	0.0 	0.05 	0.07 	
377 	0.01 	0.03 	0.02 	0.17 	0.0 	0.1 	0.0 	0.33 	0.01 	0.0 	0.05 	0.09 	0.0 	0.0 	0.04 	0.0 	0.1 	0.0 	0.0 	0.02 	
378 	0.01 	0.01 	0.11 	0.1 	0.0 	0.03 	0.15 	0.32 	0.03 	0.0 	0.01 	0.0 	0.0 	0.0 	0.07 	0.14 	0.0 	0.0 	0.0 	0.0 	
379 	0.12 	0.08 	0.05 	0.04 	0.0 	0.02 	0.18 	0.11 	0.03 	0.01 	0.04 	0.01 	0.01 	0.05 	0.06 	0.03 	0.09 	0.0 	0.01 	0.06 	
380 	0.17 	0.0 	0.01 	0.01 	0.0 	0.01 	0.0 	0.0 	0.02 	0.05 	0.09 	0.02 	0.0 	0.0 	0.23 	0.04 	0.04 	0.03 	0.0 	0.27 	
381 	0.08 	0.0 	0.45 	0.09 	0.0 	0.0 	0.02 	0.03 	0.07 	0.0 	0.01 	0.0 	0.0 	0.0 	0.03 	0.08 	0.05 	0.0 	0.0 	0.07 	
382 	0.0 	0.0 	0.02 	0.02 	0.0 	0.0 	0.0 	0.0 	0.0 	0.06 	0.0 	0.0 	0.0 	0.04 	0.0 	0.0 	0.0 	0.04 	0.79 	0.0 	
383 	0.09 	0.0 	0.0 	0.0 	0.0 	0.04 	0.25 	0.0 	0.02 	0.0 	0.04 	0.0 	0.0 	0.21 	0.0 	0.05 	0.04 	0.03 	0.14 	0.07 	
384 	0.06 	0.0 	0.0 	0.0 	0.0 	0.01 	0.0 	0.0 	0.0 	0.0 	0.0 	0.05 	0.0 	0.0 	0.8 	0.03 	0.04 	0.0 	0.0 	0.0 	
385 	0.0 	0.0 	0.56 	0.0 	0.0 	0.07 	0.03 	0.0 	0.0 	0.0 	0.0 	0.02 	0.0 	0.0 	0.0 	0.28 	0.01 	0.0 	0.0 	0.01 	
386 	0.07 	0.2 	0.04 	0.02 	0.0 	0.01 	0.06 	0.0 	0.0 	0.01 	0.01 	0.03 	0.0 	0.0 	0.0 	0.45 	0.04 	0.0 	0.01 	0.04 	
387 	0.02 	0.0 	0.03 	0.02 	0.0 	0.04 	0.01 	0.0 	0.03 	0.06 	0.1 	0.07 	0.04 	0.32 	0.0 	0.05 	0.0 	0.05 	0.14 	0.02 	
388 	0.04 	0.01 	0.08 	0.23 	0.0 	0.01 	0.06 	0.24 	0.0 	0.0 	0.02 	0.02 	0.0 	0.0 	0.02 	0.2 	0.0 	0.0 	0.02 	0.01 	
389 	0.17 	0.02 	0.11 	0.09 	0.01 	0.01 	0.05 	0.11 	0.0 	0.01 	0.01 	0.05 	0.02 	0.01 	0.22 	0.02 	0.03 	0.0 	0.02 	0.03 	
390 	0.18 	0.0 	0.04 	0.0 	0.04 	0.04 	0.03 	0.16 	0.0 	0.01 	0.07 	0.05 	0.0 	0.01 	0.04 	0.11 	0.04 	0.0 	0.01 	0.15 	
391 	0.07 	0.19 	0.0 	0.04 	0.0 	0.0 	0.01 	0.02 	0.0 	0.03 	0.02 	0.06 	0.0 	0.05 	0.24 	0.01 	0.03 	0.13 	0.07 	0.02 	
392 	0.08 	0.03 	0.02 	0.03 	0.02 	0.07 	0.1 	0.0 	0.11 	0.06 	0.0 	0.14 	0.0 	0.0 	0.17 	0.08 	0.02 	0.0 	0.0 	0.09 	
393 	0.24 	0.01 	0.01 	0.07 	0.0 	0.17 	0.25 	0.0 	0.02 	0.0 	0.03 	0.07 	0.02 	0.0 	0.02 	0.03 	0.02 	0.0 	0.01 	0.02 	
394 	0.07 	0.03 	0.02 	0.07 	0.0 	0.27 	0.24 	0.01 	0.0 	0.0 	0.01 	0.02 	0.0 	0.02 	0.06 	0.04 	0.05 	0.0 	0.0 	0.08 	
395 	0.07 	0.09 	0.04 	0.05 	0.0 	0.14 	0.0 	0.03 	0.02 	0.0 	0.03 	0.15 	0.0 	0.0 	0.23 	0.03 	0.1 	0.0 	0.01 	0.01 	
396 	0.07 	0.05 	0.01 	0.12 	0.01 	0.09 	0.07 	0.08 	0.03 	0.06 	0.02 	0.03 	0.01 	0.08 	0.03 	0.08 	0.02 	0.0 	0.08 	0.05 	
397 	0.15 	0.0 	0.0 	0.01 	0.0 	0.04 	0.01 	0.02 	0.01 	0.0 	0.0 	0.03 	0.0 	0.15 	0.35 	0.02 	0.05 	0.0 	0.07 	0.06 	
398 	0.16 	0.06 	0.0 	0.01 	0.0 	0.03 	0.06 	0.06 	0.01 	0.14 	0.09 	0.18 	0.01 	0.0 	0.03 	0.04 	0.06 	0.0 	0.0 	0.05 	
399 	0.15 	0.02 	0.0 	0.04 	0.0 	0.06 	0.26 	0.04 	0.03 	0.01 	0.02 	0.04 	0.0 	0.08 	0.13 	0.03 	0.02 	0.01 	0.02 	0.02 	
400 	0.11 	0.03 	0.1 	0.07 	0.0 	0.06 	0.03 	0.02 	0.09 	0.0 	0.01 	0.01 	0.0 	0.01 	0.27 	0.1 	0.01 	0.0 	0.03 	0.04 	
401 	0.18 	0.05 	0.01 	0.03 	0.03 	0.05 	0.1 	0.13 	0.04 	0.01 	0.02 	0.06 	0.0 	0.0 	0.16 	0.03 	0.08 	0.0 	0.02 	0.01 	
402 	0.03 	0.05 	0.01 	0.02 	0.02 	0.06 	0.07 	0.03 	0.03 	0.02 	0.13 	0.01 	0.01 	0.19 	0.02 	0.02 	0.06 	0.08 	0.06 	0.08 	
403 	0.05 	0.06 	0.07 	0.05 	0.01 	0.08 	0.07 	0.04 	0.04 	0.03 	0.07 	0.1 	0.01 	0.03 	0.17 	0.03 	0.03 	0.02 	0.02 	0.04 	
404 	0.06 	0.01 	0.01 	0.01 	0.02 	0.04 	0.05 	0.02 	0.01 	0.1 	0.17 	0.01 	0.0 	0.06 	0.02 	0.09 	0.1 	0.02 	0.01 	0.21 	
405 	0.12 	0.07 	0.08 	0.12 	0.0 	0.08 	0.14 	0.02 	0.01 	0.01 	0.01 	0.01 	0.0 	0.0 	0.01 	0.18 	0.08 	0.0 	0.01 	0.04 	
406 	0.09 	0.01 	0.01 	0.01 	0.01 	0.05 	0.03 	0.47 	0.05 	0.03 	0.01 	0.02 	0.0 	0.01 	0.06 	0.04 	0.02 	0.01 	0.0 	0.07 	
407 	0.1 	0.06 	0.02 	0.17 	0.04 	0.05 	0.03 	0.02 	0.04 	0.03 	0.08 	0.04 	0.0 	0.0 	0.03 	0.06 	0.12 	0.0 	0.03 	0.08 	
408 	0.15 	0.09 	0.02 	0.01 	0.0 	0.01 	0.01 	0.08 	0.0 	0.04 	0.07 	0.04 	0.01 	0.06 	0.02 	0.08 	0.13 	0.0 	0.02 	0.15 	
409 	0.09 	0.02 	0.03 	0.07 	0.0 	0.05 	0.05 	0.19 	0.01 	0.03 	0.01 	0.04 	0.0 	0.02 	0.02 	0.11 	0.11 	0.0 	0.01 	0.14 	
410 	0.1 	0.34 	0.05 	0.02 	0.01 	0.04 	0.01 	0.03 	0.08 	0.01 	0.02 	0.1 	0.0 	0.0 	0.02 	0.05 	0.02 	0.0 	0.05 	0.03 	
411 	0.1 	0.16 	0.01 	0.02 	0.0 	0.04 	0.13 	0.02 	0.03 	0.01 	0.03 	0.01 	0.0 	0.06 	0.02 	0.07 	0.02 	0.11 	0.12 	0.02 	
412 	0.12 	0.08 	0.09 	0.07 	0.01 	0.05 	0.14 	0.06 	0.02 	0.0 	0.04 	0.04 	0.01 	0.0 	0.01 	0.06 	0.03 	0.03 	0.09 	0.02 	
413 	0.03 	0.02 	0.06 	0.05 	0.01 	0.08 	0.01 	0.07 	0.09 	0.03 	0.01 	0.15 	0.02 	0.05 	0.01 	0.18 	0.03 	0.04 	0.05 	0.02 	
414 	0.1 	0.09 	0.02 	0.09 	0.1 	0.06 	0.04 	0.07 	0.01 	0.01 	0.08 	0.05 	0.01 	0.02 	0.12 	0.01 	0.02 	0.03 	0.01 	0.05 	
415 	0.08 	0.07 	0.03 	0.01 	0.01 	0.02 	0.02 	0.02 	0.03 	0.07 	0.05 	0.04 	0.01 	0.03 	0.03 	0.06 	0.09 	0.01 	0.06 	0.24 	
416 	0.03 	0.2 	0.09 	0.02 	0.0 	0.06 	0.1 	0.03 	0.07 	0.21 	0.02 	0.03 	0.0 	0.02 	0.02 	0.03 	0.02 	0.0 	0.01 	0.03 	
417 	0.14 	0.03 	0.0 	0.1 	0.0 	0.02 	0.23 	0.06 	0.03 	0.03 	0.01 	0.05 	0.0 	0.0 	0.05 	0.09 	0.04 	0.01 	0.01 	0.1 	
418 	0.0 	0.05 	0.17 	0.25 	0.0 	0.0 	0.05 	0.03 	0.0 	0.0 	0.01 	0.18 	0.0 	0.11 	0.03 	0.03 	0.07 	0.0 	0.0 	0.01 	
419 	0.04 	0.0 	0.1 	0.36 	0.0 	0.02 	0.3 	0.01 	0.0 	0.0 	0.0 	0.01 	0.0 	0.0 	0.11 	0.03 	0.02 	0.0 	0.01 	0.0 	
420 	0.1 	0.03 	0.23 	0.4 	0.0 	0.02 	0.01 	0.0 	0.02 	0.0 	0.02 	0.0 	0.0 	0.0 	0.01 	0.03 	0.01 	0.0 	0.12 	0.02 	
421 	0.01 	0.0 	0.29 	0.28 	0.0 	0.0 	0.02 	0.0 	0.11 	0.0 	0.0 	0.09 	0.0 	0.01 	0.01 	0.03 	0.0 	0.0 	0.14 	0.02 	
422 	0.0 	0.0 	0.0 	0.0 	0.0 	0.07 	0.0 	0.0 	0.0 	0.0 	0.0 	0.0 	0.0 	0.62 	0.0 	0.01 	0.0 	0.04 	0.19 	0.07 	
423 	0.07 	0.08 	0.0 	0.01 	0.0 	0.0 	0.09 	0.09 	0.0 	0.0 	0.0 	0.18 	0.0 	0.02 	0.01 	0.22 	0.11 	0.0 	0.03 	0.07 	
424 	0.01 	0.08 	0.0 	0.0 	0.0 	0.73 	0.03 	0.0 	0.06 	0.0 	0.0 	0.06 	0.0 	0.01 	0.0 	0.0 	0.0 	0.0 	0.0 	0.0 	
425 	0.34 	0.0 	0.0 	0.01 	0.0 	0.06 	0.06 	0.0 	0.01 	0.0 	0.0 	0.0 	0.0 	0.0 	0.43 	0.0 	0.01 	0.0 	0.01 	0.06 	
426 	0.02 	0.33 	0.0 	0.0 	0.0 	0.01 	0.0 	0.39 	0.0 	0.0 	0.03 	0.03 	0.0 	0.02 	0.0 	0.06 	0.02 	0.0 	0.06 	0.0 	
427 	0.15 	0.09 	0.03 	0.11 	0.0 	0.05 	0.2 	0.04 	0.0 	0.02 	0.01 	0.07 	0.04 	0.0 	0.0 	0.0 	0.06 	0.0 	0.08 	0.03 	
428 	0.0 	0.14 	0.01 	0.0 	0.0 	0.07 	0.06 	0.0 	0.0 	0.0 	0.43 	0.0 	0.03 	0.21 	0.0 	0.0 	0.01 	0.0 	0.01 	0.02 	
429 	0.01 	0.0 	0.0 	0.0 	0.0 	0.0 	0.0 	0.0 	0.0 	0.02 	0.0 	0.0 	0.0 	0.4 	0.0 	0.0 	0.0 	0.17 	0.35 	0.04 	
430 	0.02 	0.39 	0.02 	0.0 	0.0 	0.01 	0.08 	0.0 	0.0 	0.02 	0.08 	0.06 	0.0 	0.02 	0.0 	0.0 	0.06 	0.13 	0.07 	0.02 	
431 	0.14 	0.03 	0.18 	0.02 	0.0 	0.03 	0.03 	0.02 	0.03 	0.01 	0.02 	0.09 	0.0 	0.0 	0.08 	0.23 	0.03 	0.0 	0.0 	0.06 	
432 	0.01 	0.01 	0.0 	0.01 	0.0 	0.04 	0.06 	0.01 	0.0 	0.01 	0.32 	0.01 	0.0 	0.0 	0.04 	0.2 	0.03 	0.1 	0.0 	0.14 	
433 	0.07 	0.01 	0.0 	0.07 	0.0 	0.05 	0.05 	0.0 	0.0 	0.01 	0.19 	0.04 	0.21 	0.17 	0.05 	0.0 	0.02 	0.0 	0.06 	0.01 	
434 	0.05 	0.15 	0.11 	0.07 	0.0 	0.01 	0.0 	0.02 	0.0 	0.02 	0.01 	0.02 	0.0 	0.0 	0.11 	0.27 	0.1 	0.0 	0.0 	0.06 	
435 	0.05 	0.0 	0.06 	0.27 	0.0 	0.01 	0.25 	0.03 	0.0 	0.0 	0.0 	0.04 	0.0 	0.0 	0.2 	0.07 	0.01 	0.0 	0.0 	0.01 	
436 	0.19 	0.1 	0.02 	0.11 	0.01 	0.16 	0.17 	0.07 	0.02 	0.01 	0.0 	0.02 	0.0 	0.03 	0.01 	0.0 	0.02 	0.01 	0.01 	0.05 	
437 	0.06 	0.05 	0.0 	0.05 	0.0 	0.29 	0.45 	0.01 	0.0 	0.01 	0.01 	0.01 	0.0 	0.04 	0.01 	0.01 	0.01 	0.0 	0.0 	0.01 	
438 	0.01 	0.16 	0.0 	0.0 	0.0 	0.45 	0.0 	0.0 	0.01 	0.0 	0.0 	0.37 	0.0 	0.0 	0.0 	0.0 	0.0 	0.0 	0.0 	0.0 	
439 	0.07 	0.02 	0.08 	0.2 	0.0 	0.17 	0.2 	0.01 	0.0 	0.0 	0.01 	0.16 	0.0 	0.0 	0.0 	0.03 	0.04 	0.0 	0.0 	0.01 	
440 	0.05 	0.49 	0.05 	0.06 	0.0 	0.01 	0.04 	0.0 	0.12 	0.01 	0.04 	0.01 	0.02 	0.05 	0.0 	0.03 	0.0 	0.0 	0.0 	0.0 	
441 	0.0 	0.0 	0.0 	0.0 	0.0 	0.0 	0.0 	0.0 	0.0 	0.12 	0.52 	0.0 	0.09 	0.19 	0.0 	0.0 	0.0 	0.0 	0.02 	0.06 	
442 	0.05 	0.0 	0.0 	0.0 	0.05 	0.0 	0.0 	0.0 	0.0 	0.27 	0.04 	0.02 	0.0 	0.12 	0.0 	0.0 	0.0 	0.0 	0.01 	0.45 	
443 	0.07 	0.04 	0.12 	0.17 	0.02 	0.06 	0.15 	0.03 	0.07 	0.0 	0.0 	0.09 	0.0 	0.0 	0.0 	0.08 	0.05 	0.0 	0.01 	0.04 	
444 	0.23 	0.17 	0.53 	0.0 	0.0 	0.0 	0.0 	0.01 	0.0 	0.0 	0.0 	0.02 	0.0 	0.0 	0.0 	0.01 	0.03 	0.0 	0.0 	0.0 	
445 	0.0 	0.0 	0.0 	0.0 	0.0 	0.0 	0.0 	0.0 	0.0 	0.29 	0.17 	0.0 	0.05 	0.17 	0.0 	0.0 	0.08 	0.1 	0.03 	0.11 	
446 	0.4 	0.13 	0.0 	0.0 	0.04 	0.0 	0.0 	0.06 	0.0 	0.03 	0.0 	0.0 	0.0 	0.0 	0.0 	0.09 	0.03 	0.0 	0.01 	0.21 	
447 	0.06 	0.02 	0.08 	0.1 	0.0 	0.0 	0.13 	0.23 	0.02 	0.01 	0.0 	0.05 	0.07 	0.18 	0.0 	0.02 	0.0 	0.0 	0.0 	0.02 	
448 	0.25 	0.0 	0.02 	0.05 	0.0 	0.0 	0.27 	0.02 	0.17 	0.01 	0.0 	0.0 	0.0 	0.01 	0.01 	0.17 	0.02 	0.0 	0.0 	0.0 	
449 	0.03 	0.0 	0.05 	0.0 	0.02 	0.0 	0.0 	0.0 	0.0 	0.07 	0.5 	0.0 	0.13 	0.0 	0.0 	0.0 	0.0 	0.02 	0.0 	0.18 	
450 	0.15 	0.02 	0.03 	0.05 	0.0 	0.01 	0.04 	0.11 	0.0 	0.0 	0.0 	0.1 	0.0 	0.0 	0.0 	0.49 	0.01 	0.0 	0.0 	0.0 	
451 	0.11 	0.0 	0.04 	0.19 	0.0 	0.15 	0.03 	0.2 	0.07 	0.03 	0.0 	0.15 	0.0 	0.0 	0.03 	0.0 	0.01 	0.0 	0.01 	0.0 	
452 	0.18 	0.0 	0.0 	0.0 	0.08 	0.0 	0.0 	0.03 	0.0 	0.02 	0.01 	0.02 	0.0 	0.0 	0.12 	0.0 	0.09 	0.0 	0.0 	0.46 	
453 	0.0 	0.29 	0.01 	0.13 	0.03 	0.06 	0.03 	0.0 	0.02 	0.01 	0.01 	0.07 	0.0 	0.0 	0.13 	0.13 	0.09 	0.0 	0.0 	0.0 	
454 	0.1 	0.02 	0.02 	0.14 	0.0 	0.06 	0.15 	0.04 	0.13 	0.01 	0.05 	0.09 	0.0 	0.0 	0.11 	0.06 	0.01 	0.0 	0.0 	0.01 	
455 	0.03 	0.02 	0.01 	0.22 	0.0 	0.02 	0.36 	0.0 	0.02 	0.0 	0.0 	0.03 	0.0 	0.12 	0.05 	0.08 	0.01 	0.0 	0.01 	0.01 	
456 	0.0 	0.0 	0.0 	0.0 	0.0 	0.0 	0.0 	0.0 	0.01 	0.6 	0.09 	0.0 	0.01 	0.0 	0.0 	0.02 	0.01 	0.0 	0.0 	0.27 	
457 	0.01 	0.37 	0.0 	0.0 	0.0 	0.31 	0.0 	0.0 	0.0 	0.03 	0.0 	0.21 	0.0 	0.0 	0.0 	0.0 	0.0 	0.0 	0.01 	0.06 	
458 	0.07 	0.04 	0.07 	0.07 	0.0 	0.1 	0.13 	0.01 	0.02 	0.03 	0.02 	0.15 	0.0 	0.0 	0.0 	0.11 	0.04 	0.0 	0.05 	0.08 	
459 	0.01 	0.45 	0.07 	0.06 	0.0 	0.03 	0.01 	0.02 	0.0 	0.18 	0.0 	0.15 	0.0 	0.0 	0.0 	0.0 	0.02 	0.0 	0.0 	0.0 	
460 	0.1 	0.01 	0.03 	0.0 	0.0 	0.1 	0.03 	0.0 	0.08 	0.0 	0.01 	0.0 	0.12 	0.0 	0.0 	0.0 	0.01 	0.16 	0.01 	0.35 	
461 	0.01 	0.0 	0.0 	0.0 	0.0 	0.0 	0.0 	0.0 	0.0 	0.27 	0.17 	0.0 	0.0 	0.04 	0.0 	0.0 	0.09 	0.0 	0.15 	0.28 	
462 	0.07 	0.13 	0.04 	0.07 	0.0 	0.07 	0.11 	0.05 	0.01 	0.04 	0.0 	0.1 	0.01 	0.0 	0.0 	0.21 	0.0 	0.0 	0.0 	0.07 	
463 	0.0 	0.02 	0.16 	0.0 	0.0 	0.11 	0.07 	0.0 	0.15 	0.03 	0.03 	0.0 	0.02 	0.01 	0.0 	0.0 	0.11 	0.01 	0.26 	0.03 	
464 	0.0 	0.0 	0.0 	0.0 	0.08 	0.0 	0.0 	0.0 	0.0 	0.0 	0.26 	0.0 	0.0 	0.52 	0.0 	0.0 	0.0 	0.13 	0.0 	0.0 	
465 	0.18 	0.02 	0.07 	0.0 	0.0 	0.0 	0.04 	0.03 	0.03 	0.0 	0.03 	0.04 	0.01 	0.02 	0.0 	0.24 	0.11 	0.0 	0.17 	0.01 	
466 	0.03 	0.15 	0.07 	0.04 	0.0 	0.19 	0.03 	0.0 	0.02 	0.0 	0.14 	0.25 	0.02 	0.06 	0.0 	0.0 	0.0 	0.01 	0.0 	0.0 	
467 	0.33 	0.0 	0.0 	0.0 	0.07 	0.0 	0.01 	0.0 	0.0 	0.16 	0.02 	0.0 	0.0 	0.0 	0.0 	0.0 	0.0 	0.0 	0.0 	0.4 	
468 	0.04 	0.0 	0.05 	0.62 	0.0 	0.0 	0.03 	0.0 	0.12 	0.0 	0.0 	0.0 	0.0 	0.0 	0.0 	0.13 	0.01 	0.0 	0.0 	0.0 	
469 	0.08 	0.07 	0.08 	0.03 	0.0 	0.02 	0.08 	0.0 	0.0 	0.0 	0.06 	0.14 	0.0 	0.0 	0.33 	0.1 	0.04 	0.0 	0.0 	0.0 	
470 	0.08 	0.0 	0.02 	0.34 	0.0 	0.02 	0.23 	0.02 	0.01 	0.01 	0.0 	0.02 	0.0 	0.0 	0.01 	0.16 	0.05 	0.0 	0.0 	0.03 	
471 	0.0 	0.0 	0.0 	0.0 	0.02 	0.0 	0.0 	0.0 	0.0 	0.04 	0.52 	0.0 	0.0 	0.07 	0.0 	0.0 	0.0 	0.0 	0.33 	0.01 	
472 	0.35 	0.0 	0.0 	0.0 	0.0 	0.0 	0.02 	0.6 	0.0 	0.0 	0.0 	0.0 	0.0 	0.0 	0.0 	0.03 	0.0 	0.0 	0.0 	0.0 	
473 	0.12 	0.09 	0.05 	0.08 	0.0 	0.23 	0.11 	0.0 	0.0 	0.0 	0.0 	0.15 	0.01 	0.0 	0.0 	0.05 	0.09 	0.0 	0.0 	0.02 	
474 	0.07 	0.44 	0.0 	0.0 	0.0 	0.01 	0.01 	0.17 	0.01 	0.0 	0.03 	0.21 	0.01 	0.0 	0.01 	0.0 	0.01 	0.0 	0.0 	0.02 	
475 	0.0 	0.0 	0.0 	0.0 	0.0 	0.0 	0.0 	0.0 	0.0 	0.24 	0.19 	0.0 	0.0 	0.0 	0.0 	0.0 	0.0 	0.0 	0.0 	0.57 	
476 	0.58 	0.15 	0.0 	0.0 	0.01 	0.07 	0.09 	0.02 	0.0 	0.0 	0.0 	0.08 	0.0 	0.0 	0.01 	0.0 	0.01 	0.0 	0.0 	0.0 	
477 	0.11 	0.09 	0.02 	0.04 	0.0 	0.02 	0.23 	0.0 	0.02 	0.0 	0.01 	0.23 	0.0 	0.0 	0.0 	0.17 	0.04 	0.0 	0.0 	0.01 	
478 	0.29 	0.14 	0.05 	0.0 	0.0 	0.01 	0.06 	0.2 	0.02 	0.0 	0.09 	0.02 	0.04 	0.0 	0.02 	0.01 	0.0 	0.0 	0.0 	0.04 	
479 	0.06 	0.0 	0.0 	0.0 	0.0 	0.02 	0.0 	0.0 	0.0 	0.11 	0.53 	0.0 	0.01 	0.0 	0.0 	0.0 	0.07 	0.0 	0.0 	0.18 	
480 	0.03 	0.02 	0.12 	0.12 	0.0 	0.08 	0.22 	0.13 	0.0 	0.01 	0.05 	0.15 	0.0 	0.0 	0.01 	0.04 	0.01 	0.0 	0.0 	0.01 	
481 	0.17 	0.04 	0.0 	0.02 	0.0 	0.0 	0.09 	0.01 	0.0 	0.03 	0.07 	0.27 	0.0 	0.0 	0.01 	0.02 	0.04 	0.0 	0.0 	0.21 	
482 	0.08 	0.2 	0.05 	0.03 	0.0 	0.0 	0.02 	0.01 	0.07 	0.05 	0.12 	0.12 	0.06 	0.0 	0.03 	0.01 	0.02 	0.0 	0.08 	0.03 	
483 	0.04 	0.06 	0.14 	0.05 	0.0 	0.03 	0.19 	0.01 	0.08 	0.01 	0.08 	0.03 	0.03 	0.01 	0.01 	0.11 	0.03 	0.0 	0.0 	0.09 	
484 	0.34 	0.01 	0.01 	0.01 	0.0 	0.01 	0.13 	0.17 	0.0 	0.01 	0.01 	0.01 	0.0 	0.01 	0.2 	0.01 	0.04 	0.0 	0.01 	0.03 	
485 	0.04 	0.1 	0.04 	0.22 	0.0 	0.04 	0.42 	0.01 	0.0 	0.01 	0.01 	0.01 	0.0 	0.01 	0.01 	0.05 	0.01 	0.0 	0.0 	0.01 	
486 	0.07 	0.0 	0.05 	0.0 	0.04 	0.0 	0.0 	0.39 	0.05 	0.0 	0.0 	0.28 	0.0 	0.0 	0.08 	0.0 	0.0 	0.0 	0.0 	0.0 	
487 	0.08 	0.0 	0.07 	0.09 	0.0 	0.0 	0.0 	0.0 	0.0 	0.11 	0.23 	0.0 	0.0 	0.0 	0.0 	0.08 	0.0 	0.0 	0.07 	0.23 	
488 	0.0 	0.0 	0.09 	0.05 	0.0 	0.0 	0.18 	0.0 	0.0 	0.0 	0.0 	0.0 	0.0 	0.0 	0.69 	0.0 	0.0 	0.0 	0.0 	0.0 	
489 	0.47 	0.0 	0.0 	0.0 	0.0 	0.0 	0.08 	0.36 	0.0 	0.0 	0.0 	0.09 	0.0 	0.0 	0.0 	0.0 	0.0 	0.0 	0.0 	0.0 	
490 	0.14 	0.0 	0.0 	0.0 	0.0 	0.0 	0.0 	0.0 	0.0 	0.0 	0.16 	0.0 	0.0 	0.0 	0.55 	0.0 	0.0 	0.0 	0.0 	0.14 	
491 	0.0 	0.0 	0.0 	0.0 	0.0 	0.11 	0.46 	0.19 	0.0 	0.12 	0.0 	0.12 	0.0 	0.0 	0.0 	0.0 	0.0 	0.0 	0.0 	0.0 	
492 	0.4 	0.0 	0.16 	0.0 	0.0 	0.24 	0.0 	0.0 	0.0 	0.2 	0.0 	0.0 	0.0 	0.0 	0.0 	0.0 	0.0 	0.0 	0.0 	0.0 	
493 	0.0 	0.0 	0.0 	0.0 	0.0 	0.0 	0.0 	0.84 	0.0 	0.0 	0.0 	0.16 	0.0 	0.0 	0.0 	0.0 	0.0 	0.0 	0.0 	0.0 	
494 	0.0 	0.0 	0.0 	0.0 	0.0 	0.24 	0.0 	0.76 	0.0 	0.0 	0.0 	0.0 	0.0 	0.0 	0.0 	0.0 	0.0 	0.0 	0.0 	0.0 	
495 	0.0 	0.0 	0.0 	0.0 	0.0 	0.0 	1.0 	0.0 	0.0 	0.0 	0.0 	0.0 	0.0 	0.0 	0.0 	0.0 	0.0 	0.0 	0.0 	0.0 	
496 	0.39 	0.0 	0.0 	0.0 	0.0 	0.0 	0.0 	0.0 	0.0 	0.0 	0.0 	0.32 	0.0 	0.0 	0.28 	0.0 	0.0 	0.0 	0.0 	0.0 	
497 	0.0 	0.39 	0.32 	0.0 	0.0 	0.0 	0.0 	0.0 	0.28 	0.0 	0.0 	0.0 	0.0 	0.0 	0.0 	0.0 	0.0 	0.0 	0.0 	0.0 	
498 	0.0 	0.0 	0.0 	0.0 	0.0 	0.0 	0.0 	0.0 	0.0 	0.2 	0.0 	0.0 	0.48 	0.0 	0.0 	0.0 	0.0 	0.0 	0.0 	0.32 	
