	A 	R 	N 	D 	C 	Q 	E 	G 	H 	I 	L 	K 	M 	F 	P 	S 	T 	W 	Y 	V 	
1 	0.0 	0.0 	0.15 	0.58 	0.0 	0.0 	0.27 	0.0 	0.0 	0.0 	0.0 	0.0 	0.0 	0.0 	0.0 	0.0 	0.0 	0.0 	0.0 	0.0 	
2 	0.0 	0.0 	0.0 	0.0 	1.0 	0.0 	0.0 	0.0 	0.0 	0.0 	0.0 	0.0 	0.0 	0.0 	0.0 	0.0 	0.0 	0.0 	0.0 	0.0 	
3 	0.04 	0.03 	0.0 	0.0 	0.0 	0.0 	0.0 	0.0 	0.0 	0.02 	0.03 	0.0 	0.07 	0.17 	0.0 	0.0 	0.0 	0.0 	0.61 	0.03 	
4 	0.0 	0.01 	0.07 	0.03 	0.0 	0.06 	0.17 	0.0 	0.13 	0.0 	0.05 	0.05 	0.0 	0.02 	0.0 	0.05 	0.11 	0.12 	0.0 	0.12 	
5 	0.02 	0.0 	0.06 	0.17 	0.04 	0.0 	0.03 	0.62 	0.0 	0.0 	0.0 	0.0 	0.0 	0.0 	0.0 	0.04 	0.0 	0.0 	0.0 	0.03 	
6 	0.03 	0.11 	0.47 	0.12 	0.0 	0.05 	0.0 	0.0 	0.0 	0.03 	0.03 	0.05 	0.0 	0.0 	0.0 	0.07 	0.03 	0.0 	0.0 	0.01 	
7 	0.0 	0.0 	0.0 	0.0 	0.0 	0.0 	0.0 	1.0 	0.0 	0.0 	0.0 	0.0 	0.0 	0.0 	0.0 	0.0 	0.0 	0.0 	0.0 	0.0 	
8 	0.06 	0.03 	0.0 	0.01 	0.0 	0.1 	0.16 	0.0 	0.14 	0.0 	0.11 	0.09 	0.04 	0.0 	0.0 	0.04 	0.08 	0.0 	0.05 	0.12 	
9 	0.03 	0.0 	0.07 	0.14 	0.0 	0.06 	0.08 	0.06 	0.0 	0.0 	0.1 	0.0 	0.0 	0.06 	0.0 	0.29 	0.11 	0.0 	0.0 	0.0 	
10 	0.0 	0.0 	0.0 	0.0 	0.0 	0.0 	0.0 	0.0 	0.0 	0.0 	0.0 	0.0 	0.0 	0.0 	0.0 	0.0 	0.0 	0.0 	1.0 	0.0 	
11 	0.0 	0.84 	0.0 	0.0 	0.0 	0.03 	0.03 	0.0 	0.01 	0.0 	0.01 	0.0 	0.03 	0.0 	0.0 	0.04 	0.0 	0.0 	0.0 	0.0 	
12 	0.02 	0.0 	0.0 	0.0 	0.0 	0.0 	0.07 	0.91 	0.0 	0.0 	0.0 	0.0 	0.0 	0.0 	0.0 	0.0 	0.0 	0.0 	0.0 	0.0 	
13 	0.01 	0.01 	0.03 	0.08 	0.0 	0.02 	0.0 	0.0 	0.03 	0.0 	0.03 	0.13 	0.08 	0.0 	0.01 	0.05 	0.4 	0.05 	0.0 	0.06 	
14 	0.33 	0.03 	0.0 	0.0 	0.0 	0.14 	0.0 	0.0 	0.04 	0.01 	0.0 	0.03 	0.06 	0.02 	0.0 	0.06 	0.01 	0.05 	0.02 	0.21 	
15 	0.08 	0.03 	0.24 	0.04 	0.0 	0.03 	0.03 	0.03 	0.0 	0.0 	0.0 	0.01 	0.0 	0.01 	0.05 	0.42 	0.02 	0.0 	0.0 	0.0 	
16 	0.02 	0.1 	0.0 	0.03 	0.0 	0.04 	0.0 	0.0 	0.04 	0.01 	0.05 	0.08 	0.0 	0.02 	0.0 	0.08 	0.37 	0.01 	0.0 	0.14 	
17 	0.04 	0.0 	0.01 	0.06 	0.0 	0.0 	0.0 	0.0 	0.0 	0.0 	0.0 	0.0 	0.0 	0.0 	0.1 	0.08 	0.7 	0.0 	0.0 	0.0 	
18 	0.16 	0.07 	0.03 	0.02 	0.0 	0.01 	0.09 	0.05 	0.02 	0.07 	0.06 	0.08 	0.01 	0.0 	0.0 	0.1 	0.08 	0.0 	0.0 	0.14 	
19 	0.03 	0.0 	0.04 	0.04 	0.0 	0.0 	0.0 	0.01 	0.01 	0.0 	0.05 	0.06 	0.04 	0.02 	0.08 	0.48 	0.12 	0.0 	0.0 	0.0 	
20 	0.0 	0.02 	0.0 	0.01 	0.0 	0.06 	0.0 	0.87 	0.0 	0.0 	0.0 	0.02 	0.0 	0.0 	0.0 	0.0 	0.0 	0.0 	0.0 	0.0 	
21 	0.2 	0.17 	0.03 	0.0 	0.0 	0.0 	0.0 	0.0 	0.06 	0.12 	0.09 	0.21 	0.0 	0.0 	0.0 	0.02 	0.01 	0.0 	0.0 	0.08 	
22 	0.03 	0.09 	0.0 	0.0 	0.0 	0.13 	0.08 	0.0 	0.0 	0.01 	0.0 	0.08 	0.04 	0.01 	0.32 	0.11 	0.08 	0.0 	0.0 	0.0 	
23 	0.0 	0.0 	0.0 	0.0 	1.0 	0.0 	0.0 	0.0 	0.0 	0.0 	0.0 	0.0 	0.0 	0.0 	0.0 	0.0 	0.0 	0.0 	0.0 	0.0 	
24 	0.03 	0.0 	0.0 	0.0 	0.0 	0.43 	0.0 	0.0 	0.0 	0.05 	0.49 	0.0 	0.0 	0.0 	0.0 	0.0 	0.0 	0.0 	0.0 	0.0 	
25 	0.13 	0.16 	0.13 	0.0 	0.0 	0.0 	0.02 	0.0 	0.03 	0.0 	0.05 	0.02 	0.04 	0.04 	0.19 	0.1 	0.0 	0.0 	0.08 	0.0 	
26 	0.0 	0.0 	0.0 	0.0 	0.0 	0.0 	0.0 	0.0 	0.0 	0.0 	0.0 	0.0 	0.0 	0.0 	0.0 	0.0 	0.0 	1.0 	0.0 	0.0 	
27 	0.17 	0.07 	0.33 	0.14 	0.0 	0.0 	0.0 	0.0 	0.0 	0.03 	0.08 	0.0 	0.0 	0.0 	0.0 	0.14 	0.02 	0.0 	0.0 	0.02 	
28 	0.12 	0.0 	0.0 	0.12 	0.0 	0.03 	0.07 	0.0 	0.04 	0.0 	0.04 	0.0 	0.0 	0.0 	0.0 	0.53 	0.02 	0.0 	0.0 	0.02 	
29 	0.09 	0.06 	0.03 	0.0 	0.0 	0.17 	0.12 	0.0 	0.0 	0.01 	0.17 	0.0 	0.12 	0.0 	0.07 	0.05 	0.02 	0.0 	0.0 	0.07 	
30 	0.1 	0.01 	0.02 	0.0 	0.0 	0.18 	0.03 	0.0 	0.04 	0.04 	0.06 	0.0 	0.0 	0.03 	0.05 	0.03 	0.26 	0.0 	0.12 	0.03 	
31 	0.0 	0.0 	0.0 	0.0 	0.0 	0.08 	0.05 	0.02 	0.0 	0.0 	0.14 	0.03 	0.0 	0.0 	0.4 	0.07 	0.1 	0.0 	0.0 	0.08 	
32 	0.01 	0.0 	0.03 	0.0 	0.0 	0.0 	0.04 	0.06 	0.35 	0.06 	0.05 	0.04 	0.04 	0.07 	0.01 	0.02 	0.13 	0.0 	0.08 	0.0 	
33 	0.01 	0.18 	0.0 	0.0 	0.0 	0.06 	0.0 	0.06 	0.0 	0.0 	0.13 	0.11 	0.0 	0.06 	0.0 	0.08 	0.02 	0.08 	0.19 	0.0 	
34 	0.0 	0.07 	0.19 	0.0 	0.0 	0.0 	0.07 	0.02 	0.38 	0.0 	0.03 	0.09 	0.0 	0.0 	0.09 	0.0 	0.0 	0.0 	0.02 	0.0 	
35 	0.11 	0.12 	0.0 	0.06 	0.0 	0.07 	0.06 	0.06 	0.01 	0.03 	0.01 	0.04 	0.12 	0.02 	0.04 	0.15 	0.02 	0.0 	0.0 	0.07 	
36 	0.0 	0.09 	0.0 	0.06 	0.0 	0.02 	0.04 	0.02 	0.07 	0.05 	0.05 	0.09 	0.0 	0.22 	0.0 	0.09 	0.08 	0.0 	0.09 	0.01 	
37 	0.09 	0.12 	0.11 	0.0 	0.0 	0.02 	0.08 	0.0 	0.0 	0.0 	0.06 	0.02 	0.08 	0.0 	0.07 	0.06 	0.27 	0.0 	0.0 	0.0 	
38 	0.05 	0.0 	0.0 	0.04 	0.0 	0.0 	0.12 	0.0 	0.01 	0.03 	0.0 	0.04 	0.0 	0.01 	0.34 	0.2 	0.09 	0.0 	0.0 	0.06 	
39 	0.07 	0.0 	0.09 	0.2 	0.0 	0.1 	0.16 	0.05 	0.03 	0.0 	0.09 	0.0 	0.0 	0.0 	0.02 	0.06 	0.12 	0.0 	0.0 	0.0 	
40 	0.38 	0.07 	0.06 	0.04 	0.0 	0.0 	0.02 	0.0 	0.0 	0.0 	0.01 	0.05 	0.01 	0.0 	0.02 	0.16 	0.07 	0.0 	0.02 	0.08 	
41 	0.06 	0.02 	0.04 	0.01 	0.0 	0.08 	0.07 	0.01 	0.06 	0.04 	0.15 	0.01 	0.0 	0.2 	0.04 	0.01 	0.01 	0.05 	0.15 	0.02 	
42 	0.14 	0.02 	0.06 	0.01 	0.0 	0.08 	0.01 	0.03 	0.02 	0.0 	0.02 	0.02 	0.0 	0.0 	0.4 	0.07 	0.07 	0.0 	0.0 	0.04 	
43 	0.0 	0.05 	0.08 	0.08 	0.02 	0.07 	0.14 	0.06 	0.07 	0.0 	0.29 	0.0 	0.0 	0.0 	0.0 	0.05 	0.0 	0.07 	0.0 	0.0 	
44 	0.18 	0.0 	0.0 	0.02 	0.0 	0.03 	0.04 	0.44 	0.0 	0.0 	0.19 	0.03 	0.0 	0.0 	0.02 	0.0 	0.02 	0.02 	0.0 	0.0 	
45 	0.04 	0.0 	0.03 	0.07 	0.0 	0.01 	0.0 	0.31 	0.0 	0.09 	0.36 	0.0 	0.03 	0.0 	0.03 	0.02 	0.0 	0.0 	0.0 	0.02 	
46 	0.03 	0.0 	0.03 	0.02 	0.0 	0.05 	0.02 	0.45 	0.0 	0.03 	0.34 	0.0 	0.0 	0.03 	0.0 	0.0 	0.0 	0.0 	0.0 	0.0 	
47 	0.02 	0.07 	0.16 	0.1 	0.0 	0.01 	0.15 	0.15 	0.04 	0.02 	0.0 	0.16 	0.0 	0.0 	0.02 	0.03 	0.06 	0.0 	0.0 	0.02 	
48 	0.01 	0.03 	0.0 	0.04 	0.0 	0.02 	0.12 	0.0 	0.63 	0.0 	0.0 	0.06 	0.06 	0.0 	0.0 	0.03 	0.0 	0.0 	0.0 	0.0 	
49 	0.12 	0.0 	0.82 	0.0 	0.0 	0.0 	0.0 	0.0 	0.0 	0.0 	0.0 	0.0 	0.0 	0.0 	0.0 	0.05 	0.02 	0.0 	0.0 	0.0 	
50 	0.0 	0.0 	0.0 	0.0 	0.0 	0.0 	0.0 	0.0 	0.02 	0.0 	0.0 	0.0 	0.0 	0.34 	0.0 	0.0 	0.0 	0.0 	0.64 	0.0 	
51 	0.0 	0.0 	0.0 	0.0 	1.0 	0.0 	0.0 	0.0 	0.0 	0.0 	0.0 	0.0 	0.0 	0.0 	0.0 	0.0 	0.0 	0.0 	0.0 	0.0 	
52 	0.0 	1.0 	0.0 	0.0 	0.0 	0.0 	0.0 	0.0 	0.0 	0.0 	0.0 	0.0 	0.0 	0.0 	0.0 	0.0 	0.0 	0.0 	0.0 	0.0 	
53 	0.0 	0.0 	0.91 	0.04 	0.0 	0.0 	0.0 	0.0 	0.0 	0.0 	0.0 	0.0 	0.0 	0.0 	0.0 	0.05 	0.0 	0.0 	0.0 	0.0 	
54 	0.06 	0.0 	0.0 	0.0 	0.0 	0.0 	0.0 	0.0 	0.0 	0.0 	0.0 	0.0 	0.0 	0.0 	0.94 	0.0 	0.0 	0.0 	0.0 	0.0 	
55 	0.0 	0.0 	0.05 	0.82 	0.0 	0.0 	0.0 	0.13 	0.0 	0.0 	0.0 	0.0 	0.0 	0.0 	0.0 	0.0 	0.0 	0.0 	0.0 	0.0 	
56 	0.06 	0.0 	0.18 	0.0 	0.01 	0.05 	0.02 	0.58 	0.01 	0.0 	0.0 	0.02 	0.0 	0.0 	0.0 	0.06 	0.0 	0.0 	0.0 	0.0 	
57 	0.05 	0.04 	0.01 	0.48 	0.0 	0.1 	0.1 	0.0 	0.0 	0.0 	0.0 	0.08 	0.0 	0.0 	0.0 	0.12 	0.0 	0.0 	0.0 	0.0 	
58 	0.07 	0.06 	0.04 	0.0 	0.0 	0.01 	0.12 	0.05 	0.02 	0.03 	0.0 	0.18 	0.0 	0.0 	0.12 	0.09 	0.13 	0.0 	0.0 	0.07 	
59 	0.0 	0.45 	0.03 	0.0 	0.0 	0.05 	0.01 	0.08 	0.06 	0.0 	0.02 	0.14 	0.0 	0.0 	0.0 	0.13 	0.02 	0.0 	0.0 	0.0 	
60 	0.0 	0.0 	0.0 	0.0 	0.0 	0.0 	0.0 	0.0 	0.0 	0.0 	0.0 	0.0 	0.0 	0.0 	1.0 	0.0 	0.0 	0.0 	0.0 	0.0 	
61 	0.0 	0.0 	0.0 	0.0 	0.0 	0.0 	0.0 	0.0 	0.0 	0.0 	0.02 	0.0 	0.0 	0.0 	0.0 	0.0 	0.0 	0.94 	0.0 	0.04 	
62 	0.0 	0.0 	0.0 	0.0 	1.0 	0.0 	0.0 	0.0 	0.0 	0.0 	0.0 	0.0 	0.0 	0.0 	0.0 	0.0 	0.0 	0.0 	0.0 	0.0 	
63 	0.0 	0.0 	0.0 	0.0 	0.0 	0.0 	0.0 	0.0 	0.07 	0.0 	0.0 	0.0 	0.0 	0.24 	0.0 	0.0 	0.0 	0.0 	0.69 	0.0 	
64 	0.0 	0.0 	0.0 	0.0 	0.0 	0.0 	0.0 	0.0 	0.0 	0.07 	0.0 	0.0 	0.0 	0.0 	0.0 	0.0 	0.42 	0.0 	0.05 	0.44 	
65 	0.01 	0.03 	0.01 	0.02 	0.0 	0.06 	0.0 	0.02 	0.0 	0.05 	0.06 	0.2 	0.1 	0.0 	0.0 	0.15 	0.21 	0.0 	0.0 	0.06 	
66 	0.0 	0.0 	0.13 	0.37 	0.0 	0.0 	0.05 	0.19 	0.0 	0.02 	0.0 	0.08 	0.0 	0.0 	0.04 	0.11 	0.0 	0.0 	0.0 	0.0 	
67 	0.08 	0.07 	0.07 	0.1 	0.0 	0.01 	0.16 	0.02 	0.01 	0.0 	0.06 	0.03 	0.0 	0.0 	0.29 	0.08 	0.0 	0.0 	0.0 	0.01 	
68 	0.07 	0.19 	0.05 	0.03 	0.0 	0.05 	0.04 	0.06 	0.02 	0.0 	0.02 	0.22 	0.03 	0.0 	0.0 	0.11 	0.1 	0.0 	0.0 	0.0 	
69 	0.0 	0.0 	0.0 	0.0 	0.0 	0.05 	0.02 	0.11 	0.0 	0.05 	0.23 	0.06 	0.0 	0.07 	0.01 	0.0 	0.08 	0.0 	0.0 	0.32 	
70 	0.02 	0.24 	0.0 	0.06 	0.0 	0.05 	0.01 	0.0 	0.0 	0.02 	0.08 	0.08 	0.0 	0.01 	0.04 	0.15 	0.12 	0.0 	0.05 	0.06 	
71 	0.01 	0.07 	0.0 	0.0 	0.0 	0.0 	0.03 	0.0 	0.0 	0.04 	0.02 	0.02 	0.01 	0.09 	0.08 	0.05 	0.0 	0.48 	0.0 	0.06 	
72 	0.0 	0.02 	0.02 	0.11 	0.0 	0.13 	0.61 	0.06 	0.0 	0.0 	0.0 	0.03 	0.0 	0.0 	0.0 	0.0 	0.0 	0.0 	0.0 	0.0 	
73 	0.03 	0.0 	0.0 	0.0 	0.0 	0.04 	0.11 	0.0 	0.02 	0.0 	0.06 	0.08 	0.0 	0.07 	0.0 	0.04 	0.0 	0.0 	0.54 	0.0 	
74 	0.0 	0.0 	0.0 	0.0 	1.0 	0.0 	0.0 	0.0 	0.0 	0.0 	0.0 	0.0 	0.0 	0.0 	0.0 	0.0 	0.0 	0.0 	0.0 	0.0 	
75 	0.07 	0.06 	0.13 	0.4 	0.0 	0.02 	0.07 	0.01 	0.0 	0.0 	0.0 	0.02 	0.07 	0.0 	0.0 	0.12 	0.0 	0.0 	0.04 	0.0 	
76 	0.0 	0.0 	0.0 	0.08 	0.05 	0.0 	0.0 	0.0 	0.0 	0.24 	0.26 	0.0 	0.03 	0.0 	0.0 	0.0 	0.0 	0.0 	0.0 	0.34 	
77 	0.06 	0.07 	0.0 	0.0 	0.0 	0.03 	0.05 	0.03 	0.05 	0.0 	0.06 	0.08 	0.0 	0.0 	0.44 	0.05 	0.05 	0.0 	0.0 	0.02 	
78 	0.1 	0.15 	0.02 	0.06 	0.0 	0.18 	0.0 	0.0 	0.03 	0.02 	0.0 	0.07 	0.03 	0.0 	0.11 	0.09 	0.02 	0.0 	0.0 	0.13 	
79 	0.0 	0.0 	0.0 	0.0 	0.95 	0.0 	0.0 	0.05 	0.0 	0.0 	0.0 	0.0 	0.0 	0.0 	0.0 	0.0 	0.0 	0.0 	0.0 	0.0 	
80 	0.02 	0.04 	0.0 	0.04 	0.0 	0.08 	0.04 	0.0 	0.0 	0.0 	0.0 	0.02 	0.0 	0.0 	0.32 	0.42 	0.02 	0.0 	0.0 	0.0 	
81 	0.12 	0.0 	0.0 	0.04 	0.0 	0.0 	0.33 	0.03 	0.0 	0.0 	0.0 	0.0 	0.07 	0.0 	0.04 	0.18 	0.0 	0.0 	0.0 	0.19 	
82 	0.0 	0.07 	0.0 	0.21 	0.0 	0.03 	0.0 	0.0 	0.0 	0.0 	0.2 	0.04 	0.02 	0.0 	0.03 	0.03 	0.29 	0.0 	0.0 	0.07 	
83 	0.0 	0.0 	0.0 	0.43 	0.0 	0.08 	0.49 	0.0 	0.0 	0.0 	0.0 	0.0 	0.0 	0.0 	0.0 	0.0 	0.0 	0.0 	0.0 	0.0 	
