	A 	R 	N 	D 	C 	Q 	E 	G 	H 	I 	L 	K 	M 	F 	P 	S 	T 	W 	Y 	V 	
1 	0.0 	0.0 	0.0 	0.0 	0.0 	0.0 	0.0 	0.0 	0.0 	0.0 	0.0 	0.0 	0.0 	0.0 	0.0 	0.0 	0.0 	0.0 	0.0 	0.0 	
2 	0.0 	0.0 	0.0 	0.0 	0.0 	0.0 	0.0 	0.0 	0.0 	0.0 	0.0 	0.0 	0.0 	0.0 	0.0 	1.0 	0.0 	0.0 	0.0 	0.0 	
3 	0.0 	0.5 	0.5 	0.0 	0.0 	0.0 	0.0 	0.0 	0.0 	0.0 	0.0 	0.0 	0.0 	0.0 	0.0 	0.0 	0.0 	0.0 	0.0 	0.0 	
4 	0.0 	0.5 	0.0 	0.0 	0.0 	0.0 	0.0 	0.0 	0.5 	0.0 	0.0 	0.0 	0.0 	0.0 	0.0 	0.0 	0.0 	0.0 	0.0 	0.0 	
5 	0.0 	0.0 	0.0 	0.0 	0.0 	0.0 	0.0 	0.0 	0.64 	0.0 	0.0 	0.0 	0.0 	0.36 	0.0 	0.0 	0.0 	0.0 	0.0 	0.0 	
6 	0.0 	0.0 	0.0 	0.0 	0.0 	0.0 	0.0 	0.0 	0.0 	0.0 	0.0 	0.0 	0.84 	0.0 	0.0 	0.0 	0.16 	0.0 	0.0 	0.0 	
7 	0.0 	0.0 	0.67 	0.0 	0.0 	0.0 	0.2 	0.0 	0.0 	0.13 	0.0 	0.0 	0.0 	0.0 	0.0 	0.0 	0.0 	0.0 	0.0 	0.0 	
8 	0.0 	0.0 	0.0 	0.0 	0.0 	0.0 	0.0 	0.0 	0.0 	0.17 	0.0 	0.53 	0.0 	0.0 	0.16 	0.0 	0.0 	0.0 	0.0 	0.13 	
9 	0.0 	0.0 	0.13 	0.25 	0.0 	0.0 	0.25 	0.0 	0.0 	0.2 	0.16 	0.0 	0.0 	0.0 	0.0 	0.0 	0.0 	0.0 	0.0 	0.0 	
10 	0.0 	0.0 	0.0 	0.0 	0.0 	0.0 	0.0 	0.0 	0.0 	0.09 	0.54 	0.0 	0.16 	0.0 	0.0 	0.14 	0.0 	0.0 	0.0 	0.08 	
11 	0.43 	0.0 	0.0 	0.24 	0.0 	0.15 	0.08 	0.0 	0.0 	0.0 	0.1 	0.0 	0.0 	0.0 	0.0 	0.0 	0.0 	0.0 	0.0 	0.0 	
12 	0.34 	0.0 	0.0 	0.0 	0.0 	0.0 	0.01 	0.01 	0.0 	0.2 	0.23 	0.0 	0.0 	0.0 	0.0 	0.01 	0.01 	0.0 	0.0 	0.16 	
13 	0.06 	0.0 	0.0 	0.0 	0.0 	0.0 	0.01 	0.01 	0.0 	0.38 	0.22 	0.0 	0.08 	0.0 	0.0 	0.01 	0.01 	0.0 	0.0 	0.21 	
14 	0.01 	0.0 	0.0 	0.12 	0.0 	0.08 	0.35 	0.01 	0.11 	0.0 	0.01 	0.17 	0.0 	0.0 	0.0 	0.01 	0.11 	0.0 	0.0 	0.01 	
15 	0.32 	0.0 	0.17 	0.0 	0.14 	0.0 	0.01 	0.01 	0.08 	0.06 	0.01 	0.0 	0.0 	0.0 	0.0 	0.12 	0.06 	0.0 	0.0 	0.01 	
16 	0.01 	0.0 	0.0 	0.0 	0.0 	0.0 	0.01 	0.01 	0.0 	0.25 	0.19 	0.0 	0.05 	0.0 	0.0 	0.01 	0.01 	0.0 	0.0 	0.44 	
17 	0.46 	0.0 	0.0 	0.0 	0.0 	0.0 	0.22 	0.01 	0.0 	0.0 	0.01 	0.0 	0.0 	0.0 	0.0 	0.26 	0.01 	0.0 	0.0 	0.01 	
18 	0.0 	0.07 	0.34 	0.0 	0.0 	0.0 	0.09 	0.0 	0.0 	0.0 	0.08 	0.18 	0.06 	0.0 	0.0 	0.0 	0.0 	0.0 	0.14 	0.05 	
19 	0.0 	0.0 	0.0 	0.19 	0.0 	0.0 	0.64 	0.0 	0.0 	0.0 	0.0 	0.0 	0.0 	0.0 	0.0 	0.0 	0.16 	0.0 	0.0 	0.0 	
20 	0.0 	0.32 	0.0 	0.0 	0.0 	0.0 	0.0 	0.0 	0.0 	0.0 	0.0 	0.68 	0.0 	0.0 	0.0 	0.0 	0.0 	0.0 	0.0 	0.0 	
21 	0.04 	0.0 	0.31 	0.0 	0.0 	0.0 	0.0 	0.49 	0.0 	0.0 	0.05 	0.0 	0.0 	0.0 	0.0 	0.12 	0.0 	0.0 	0.0 	0.0 	
22 	0.0 	0.0 	0.0 	0.0 	0.0 	0.0 	0.0 	0.0 	0.0 	0.28 	0.51 	0.0 	0.09 	0.0 	0.0 	0.0 	0.0 	0.0 	0.0 	0.13 	
23 	0.09 	0.0 	0.0 	0.0 	0.0 	0.0 	0.0 	0.0 	0.0 	0.0 	0.0 	0.0 	0.0 	0.0 	0.35 	0.57 	0.0 	0.0 	0.0 	0.0 	
24 	0.0 	0.21 	0.0 	0.0 	0.0 	0.0 	0.0 	0.0 	0.0 	0.25 	0.0 	0.36 	0.0 	0.0 	0.0 	0.0 	0.0 	0.0 	0.0 	0.18 	
25 	0.0 	0.0 	0.11 	0.17 	0.0 	0.0 	0.72 	0.0 	0.0 	0.0 	0.0 	0.0 	0.0 	0.0 	0.0 	0.0 	0.0 	0.0 	0.0 	0.0 	
26 	0.0 	0.0 	0.0 	0.09 	0.0 	0.0 	0.26 	0.0 	0.0 	0.12 	0.0 	0.21 	0.14 	0.0 	0.0 	0.09 	0.0 	0.0 	0.0 	0.1 	
27 	0.0 	0.0 	0.0 	0.0 	0.0 	0.0 	0.0 	0.0 	0.0 	0.66 	0.17 	0.0 	0.0 	0.0 	0.0 	0.0 	0.0 	0.0 	0.0 	0.16 	
28 	0.0 	0.09 	0.0 	0.0 	0.0 	0.0 	0.0 	0.0 	0.0 	0.17 	0.18 	0.0 	0.0 	0.25 	0.0 	0.14 	0.0 	0.0 	0.0 	0.16 	
29 	0.0 	0.0 	0.0 	0.06 	0.0 	0.0 	0.49 	0.0 	0.0 	0.0 	0.09 	0.23 	0.0 	0.08 	0.0 	0.07 	0.0 	0.0 	0.0 	0.0 	
30 	0.43 	0.0 	0.0 	0.0 	0.16 	0.0 	0.0 	0.0 	0.0 	0.0 	0.0 	0.0 	0.0 	0.0 	0.0 	0.0 	0.26 	0.0 	0.0 	0.14 	
31 	0.0 	0.0 	0.0 	0.0 	0.0 	0.0 	0.0 	0.0 	0.0 	0.49 	0.37 	0.0 	0.0 	0.08 	0.0 	0.0 	0.0 	0.0 	0.0 	0.07 	
32 	0.0 	0.06 	0.0 	0.0 	0.0 	0.14 	0.43 	0.0 	0.0 	0.0 	0.0 	0.38 	0.0 	0.0 	0.0 	0.0 	0.0 	0.0 	0.0 	0.0 	
33 	0.15 	0.0 	0.0 	0.0 	0.04 	0.07 	0.16 	0.14 	0.0 	0.04 	0.0 	0.0 	0.04 	0.0 	0.0 	0.19 	0.16 	0.0 	0.0 	0.0 	
34 	0.77 	0.0 	0.0 	0.0 	0.14 	0.0 	0.0 	0.0 	0.0 	0.0 	0.0 	0.0 	0.0 	0.0 	0.0 	0.09 	0.0 	0.0 	0.0 	0.0 	
35 	0.0 	0.0 	0.0 	0.0 	0.0 	0.0 	0.0 	0.0 	0.0 	0.05 	0.8 	0.0 	0.0 	0.0 	0.0 	0.0 	0.0 	0.0 	0.0 	0.15 	
36 	0.34 	0.08 	0.0 	0.0 	0.0 	0.07 	0.08 	0.0 	0.0 	0.1 	0.33 	0.0 	0.0 	0.0 	0.0 	0.0 	0.0 	0.0 	0.0 	0.0 	
37 	0.12 	0.0 	0.0 	0.0 	0.0 	0.16 	0.0 	0.0 	0.0 	0.18 	0.0 	0.22 	0.0 	0.0 	0.0 	0.1 	0.22 	0.0 	0.0 	0.0 	
38 	0.69 	0.0 	0.0 	0.0 	0.0 	0.0 	0.0 	0.05 	0.0 	0.0 	0.0 	0.0 	0.07 	0.0 	0.0 	0.05 	0.09 	0.0 	0.0 	0.05 	
39 	0.07 	0.0 	0.0 	0.0 	0.0 	0.07 	0.0 	0.07 	0.0 	0.0 	0.0 	0.0 	0.0 	0.0 	0.0 	0.0 	0.25 	0.0 	0.54 	0.0 	
40 	0.0 	0.17 	0.07 	0.0 	0.0 	0.07 	0.0 	0.0 	0.0 	0.0 	0.0 	0.69 	0.0 	0.0 	0.0 	0.0 	0.0 	0.0 	0.0 	0.0 	
41 	0.0 	0.23 	0.07 	0.0 	0.0 	0.0 	0.07 	0.0 	0.19 	0.0 	0.0 	0.45 	0.0 	0.0 	0.0 	0.0 	0.0 	0.0 	0.0 	0.0 	
42 	0.0 	0.0 	0.1 	0.0 	0.0 	0.08 	0.07 	0.0 	0.09 	0.0 	0.15 	0.27 	0.0 	0.0 	0.0 	0.0 	0.11 	0.0 	0.14 	0.0 	
43 	0.0 	0.0 	0.08 	0.07 	0.0 	0.11 	0.05 	0.0 	0.04 	0.0 	0.16 	0.08 	0.0 	0.24 	0.0 	0.0 	0.0 	0.0 	0.19 	0.0 	
44 	0.0 	0.0 	0.19 	0.11 	0.0 	0.0 	0.21 	0.34 	0.0 	0.0 	0.0 	0.0 	0.0 	0.08 	0.07 	0.0 	0.0 	0.0 	0.0 	0.0 	
45 	0.0 	0.0 	0.07 	0.05 	0.0 	0.26 	0.0 	0.0 	0.11 	0.0 	0.07 	0.0 	0.0 	0.0 	0.0 	0.09 	0.0 	0.0 	0.21 	0.15 	
46 	0.18 	0.0 	0.17 	0.05 	0.0 	0.11 	0.35 	0.01 	0.0 	0.0 	0.01 	0.08 	0.0 	0.0 	0.0 	0.01 	0.0 	0.0 	0.0 	0.01 	
47 	0.0 	0.07 	0.0 	0.0 	0.0 	0.1 	0.16 	0.0 	0.0 	0.21 	0.0 	0.08 	0.0 	0.0 	0.0 	0.0 	0.1 	0.0 	0.07 	0.21 	
48 	0.0 	0.0 	0.35 	0.38 	0.0 	0.0 	0.15 	0.0 	0.0 	0.0 	0.0 	0.05 	0.0 	0.0 	0.0 	0.0 	0.0 	0.0 	0.07 	0.0 	
49 	0.19 	0.0 	0.0 	0.0 	0.0 	0.0 	0.0 	0.08 	0.0 	0.2 	0.07 	0.07 	0.0 	0.0 	0.0 	0.0 	0.0 	0.0 	0.0 	0.39 	
50 	0.0 	0.54 	0.08 	0.0 	0.0 	0.07 	0.09 	0.0 	0.0 	0.0 	0.0 	0.07 	0.0 	0.09 	0.0 	0.0 	0.0 	0.0 	0.0 	0.07 	
51 	0.07 	0.0 	0.0 	0.0 	0.0 	0.0 	0.0 	0.0 	0.0 	0.35 	0.07 	0.0 	0.0 	0.0 	0.0 	0.0 	0.0 	0.0 	0.0 	0.51 	
52 	0.05 	0.0 	0.16 	0.16 	0.0 	0.18 	0.2 	0.0 	0.0 	0.0 	0.0 	0.13 	0.0 	0.0 	0.0 	0.12 	0.0 	0.0 	0.0 	0.0 	
53 	0.0 	0.0 	0.0 	0.0 	0.0 	0.0 	0.07 	0.0 	0.0 	0.51 	0.12 	0.0 	0.08 	0.17 	0.0 	0.0 	0.0 	0.0 	0.0 	0.05 	
54 	0.0 	0.0 	0.41 	0.52 	0.0 	0.0 	0.0 	0.0 	0.0 	0.07 	0.0 	0.0 	0.0 	0.0 	0.0 	0.0 	0.0 	0.0 	0.0 	0.0 	
55 	0.0 	0.43 	0.0 	0.09 	0.0 	0.12 	0.0 	0.0 	0.0 	0.0 	0.0 	0.23 	0.0 	0.09 	0.05 	0.0 	0.0 	0.0 	0.0 	0.0 	
56 	0.01 	0.0 	0.09 	0.09 	0.0 	0.07 	0.25 	0.01 	0.0 	0.0 	0.01 	0.43 	0.0 	0.0 	0.0 	0.01 	0.0 	0.0 	0.0 	0.01 	
57 	0.01 	0.0 	0.1 	0.07 	0.0 	0.0 	0.0 	0.01 	0.0 	0.08 	0.08 	0.09 	0.0 	0.0 	0.0 	0.04 	0.49 	0.0 	0.0 	0.01 	
58 	0.08 	0.0 	0.0 	0.0 	0.0 	0.07 	0.0 	0.85 	0.0 	0.0 	0.0 	0.0 	0.0 	0.0 	0.0 	0.0 	0.0 	0.0 	0.0 	0.0 	
59 	0.0 	0.0 	0.0 	0.25 	0.0 	0.0 	0.07 	0.0 	0.0 	0.08 	0.23 	0.0 	0.0 	0.0 	0.0 	0.1 	0.0 	0.0 	0.0 	0.27 	
60 	0.08 	0.0 	0.0 	0.0 	0.0 	0.0 	0.07 	0.0 	0.0 	0.32 	0.09 	0.0 	0.09 	0.04 	0.0 	0.0 	0.0 	0.0 	0.05 	0.27 	
61 	0.0 	0.23 	0.19 	0.13 	0.0 	0.16 	0.16 	0.0 	0.0 	0.0 	0.0 	0.06 	0.0 	0.0 	0.0 	0.09 	0.0 	0.0 	0.0 	0.0 	
62 	0.08 	0.0 	0.0 	0.0 	0.0 	0.04 	0.05 	0.0 	0.0 	0.12 	0.21 	0.0 	0.0 	0.0 	0.0 	0.05 	0.08 	0.0 	0.0 	0.38 	
63 	0.01 	0.01 	0.01 	0.01 	0.0 	0.01 	0.01 	0.01 	0.0 	0.18 	0.09 	0.01 	0.0 	0.2 	0.01 	0.01 	0.01 	0.0 	0.09 	0.32 	
64 	0.4 	0.01 	0.08 	0.01 	0.0 	0.08 	0.08 	0.01 	0.0 	0.01 	0.06 	0.13 	0.0 	0.01 	0.01 	0.01 	0.05 	0.0 	0.01 	0.05 	
65 	0.01 	0.31 	0.07 	0.08 	0.0 	0.09 	0.01 	0.01 	0.04 	0.01 	0.01 	0.1 	0.0 	0.01 	0.01 	0.01 	0.01 	0.0 	0.08 	0.13 	
66 	0.01 	0.01 	0.01 	0.08 	0.0 	0.01 	0.25 	0.01 	0.0 	0.01 	0.09 	0.11 	0.0 	0.01 	0.31 	0.01 	0.01 	0.0 	0.04 	0.01 	
67 	0.01 	0.01 	0.01 	0.01 	0.0 	0.01 	0.24 	0.01 	0.0 	0.11 	0.01 	0.1 	0.0 	0.01 	0.08 	0.08 	0.23 	0.0 	0.01 	0.07 	
68 	0.07 	0.04 	0.0 	0.4 	0.0 	0.0 	0.29 	0.0 	0.0 	0.0 	0.0 	0.2 	0.0 	0.0 	0.0 	0.0 	0.0 	0.0 	0.0 	0.0 	
69 	0.0 	0.0 	0.0 	0.13 	0.0 	0.16 	0.41 	0.0 	0.0 	0.16 	0.0 	0.07 	0.0 	0.0 	0.0 	0.0 	0.0 	0.0 	0.0 	0.08 	
70 	0.15 	0.0 	0.0 	0.13 	0.0 	0.08 	0.0 	0.0 	0.0 	0.23 	0.16 	0.0 	0.0 	0.0 	0.0 	0.2 	0.0 	0.0 	0.0 	0.05 	
71 	0.0 	0.0 	0.0 	0.0 	0.0 	0.05 	0.07 	0.22 	0.0 	0.0 	0.11 	0.14 	0.0 	0.16 	0.0 	0.0 	0.17 	0.0 	0.0 	0.08 	
72 	0.0 	0.07 	0.23 	0.25 	0.0 	0.0 	0.09 	0.13 	0.0 	0.0 	0.17 	0.0 	0.0 	0.0 	0.0 	0.07 	0.0 	0.0 	0.0 	0.0 	
73 	0.0 	0.0 	0.09 	0.13 	0.0 	0.0 	0.23 	0.0 	0.0 	0.05 	0.16 	0.07 	0.0 	0.0 	0.0 	0.0 	0.0 	0.0 	0.0 	0.27 	
74 	0.24 	0.0 	0.0 	0.0 	0.0 	0.0 	0.08 	0.04 	0.05 	0.31 	0.0 	0.0 	0.0 	0.0 	0.0 	0.0 	0.0 	0.0 	0.0 	0.29 	
75 	0.17 	0.0 	0.07 	0.12 	0.0 	0.0 	0.05 	0.0 	0.0 	0.0 	0.0 	0.07 	0.08 	0.0 	0.05 	0.19 	0.0 	0.0 	0.07 	0.14 	
76 	0.0 	0.0 	0.0 	0.23 	0.0 	0.05 	0.64 	0.0 	0.0 	0.0 	0.0 	0.04 	0.0 	0.0 	0.0 	0.0 	0.0 	0.0 	0.04 	0.0 	
77 	0.0 	0.0 	0.09 	0.04 	0.0 	0.0 	0.12 	0.09 	0.0 	0.05 	0.0 	0.0 	0.07 	0.17 	0.12 	0.0 	0.0 	0.11 	0.12 	0.04 	
78 	0.0 	0.0 	0.16 	0.38 	0.0 	0.04 	0.18 	0.0 	0.0 	0.0 	0.07 	0.04 	0.0 	0.0 	0.08 	0.0 	0.0 	0.0 	0.0 	0.05 	
79 	0.01 	0.0 	0.0 	0.24 	0.0 	0.0 	0.22 	0.0 	0.0 	0.16 	0.01 	0.0 	0.0 	0.0 	0.14 	0.0 	0.0 	0.0 	0.09 	0.11 	
80 	0.0 	0.0 	0.16 	0.16 	0.0 	0.04 	0.08 	0.0 	0.0 	0.0 	0.0 	0.0 	0.0 	0.0 	0.12 	0.19 	0.21 	0.0 	0.0 	0.04 	
81 	0.0 	0.0 	0.0 	0.0 	0.0 	0.0 	0.0 	0.0 	0.0 	0.04 	0.0 	0.0 	0.0 	0.0 	0.44 	0.12 	0.04 	0.0 	0.16 	0.19 	
82 	0.0 	0.0 	0.0 	0.16 	0.0 	0.0 	0.22 	0.0 	0.0 	0.12 	0.0 	0.38 	0.0 	0.0 	0.0 	0.0 	0.0 	0.0 	0.0 	0.12 	
83 	0.05 	0.0 	0.04 	0.38 	0.0 	0.0 	0.08 	0.11 	0.0 	0.14 	0.0 	0.04 	0.0 	0.0 	0.0 	0.04 	0.0 	0.0 	0.0 	0.09 	
84 	0.0 	0.0 	0.0 	0.0 	0.0 	0.0 	0.0 	0.0 	0.07 	0.0 	0.08 	0.14 	0.0 	0.72 	0.0 	0.0 	0.0 	0.0 	0.0 	0.0 	
85 	0.07 	0.0 	0.0 	0.43 	0.0 	0.0 	0.0 	0.26 	0.0 	0.0 	0.16 	0.0 	0.0 	0.0 	0.0 	0.08 	0.0 	0.0 	0.0 	0.0 	
86 	0.0 	0.69 	0.0 	0.0 	0.0 	0.0 	0.31 	0.0 	0.0 	0.0 	0.0 	0.0 	0.0 	0.0 	0.0 	0.0 	0.0 	0.0 	0.0 	0.0 	
87 	0.0 	0.0 	0.0 	0.0 	0.0 	0.0 	0.0 	0.0 	0.0 	0.54 	0.23 	0.0 	0.16 	0.0 	0.0 	0.0 	0.0 	0.0 	0.0 	0.07 	
88 	0.38 	0.0 	0.0 	0.0 	0.0 	0.0 	0.0 	0.0 	0.0 	0.0 	0.0 	0.0 	0.0 	0.0 	0.16 	0.3 	0.16 	0.0 	0.0 	0.0 	
89 	0.28 	0.0 	0.0 	0.0 	0.0 	0.0 	0.0 	0.0 	0.0 	0.16 	0.31 	0.0 	0.05 	0.0 	0.0 	0.0 	0.16 	0.0 	0.0 	0.05 	
90 	0.0 	0.0 	0.0 	0.0 	0.0 	0.67 	0.14 	0.0 	0.0 	0.0 	0.0 	0.0 	0.0 	0.0 	0.0 	0.09 	0.11 	0.0 	0.0 	0.0 	
91 	0.15 	0.0 	0.0 	0.08 	0.0 	0.05 	0.09 	0.0 	0.0 	0.0 	0.0 	0.0 	0.0 	0.0 	0.0 	0.14 	0.42 	0.0 	0.0 	0.09 	
92 	0.78 	0.0 	0.0 	0.0 	0.0 	0.0 	0.0 	0.0 	0.0 	0.0 	0.08 	0.0 	0.14 	0.0 	0.0 	0.0 	0.0 	0.0 	0.0 	0.0 	
93 	0.0 	0.23 	0.08 	0.0 	0.0 	0.0 	0.0 	0.0 	0.0 	0.0 	0.0 	0.69 	0.0 	0.0 	0.0 	0.0 	0.0 	0.0 	0.0 	0.0 	
94 	0.0 	0.0 	0.0 	0.0 	0.0 	0.84 	0.0 	0.0 	0.0 	0.0 	0.0 	0.16 	0.0 	0.0 	0.0 	0.0 	0.0 	0.0 	0.0 	0.0 	
95 	0.0 	0.09 	0.0 	0.0 	0.0 	0.0 	0.0 	0.14 	0.0 	0.15 	0.09 	0.0 	0.0 	0.0 	0.0 	0.0 	0.0 	0.0 	0.0 	0.53 	
96 	0.14 	0.0 	0.0 	0.0 	0.0 	0.0 	0.0 	0.0 	0.0 	0.32 	0.08 	0.0 	0.11 	0.0 	0.0 	0.0 	0.09 	0.0 	0.0 	0.27 	
97 	0.0 	0.0 	0.0 	0.0 	0.0 	0.0 	0.0 	0.0 	0.0 	0.14 	0.36 	0.0 	0.0 	0.0 	0.0 	0.05 	0.25 	0.0 	0.0 	0.21 	
98 	0.0 	0.16 	0.14 	0.0 	0.0 	0.65 	0.0 	0.0 	0.0 	0.0 	0.0 	0.0 	0.0 	0.0 	0.0 	0.0 	0.05 	0.0 	0.0 	0.0 	
99 	0.0 	0.49 	0.0 	0.0 	0.0 	0.0 	0.0 	0.09 	0.0 	0.0 	0.0 	0.42 	0.0 	0.0 	0.0 	0.0 	0.0 	0.0 	0.0 	0.0 	
100 	0.0 	0.0 	0.0 	0.0 	0.0 	0.0 	0.0 	0.0 	0.0 	0.14 	0.38 	0.0 	0.0 	0.11 	0.0 	0.0 	0.0 	0.0 	0.0 	0.38 	
101 	0.0 	0.46 	0.0 	0.0 	0.0 	0.0 	0.09 	0.0 	0.0 	0.07 	0.0 	0.24 	0.0 	0.0 	0.0 	0.0 	0.0 	0.0 	0.14 	0.0 	
102 	0.0 	0.0 	0.08 	0.28 	0.0 	0.14 	0.5 	0.0 	0.0 	0.0 	0.0 	0.0 	0.0 	0.0 	0.0 	0.0 	0.0 	0.0 	0.0 	0.0 	
103 	0.53 	0.0 	0.09 	0.0 	0.0 	0.0 	0.0 	0.0 	0.0 	0.16 	0.14 	0.0 	0.0 	0.0 	0.0 	0.08 	0.0 	0.0 	0.0 	0.0 	
104 	0.0 	0.0 	0.0 	0.0 	0.0 	0.0 	0.84 	0.0 	0.0 	0.0 	0.0 	0.09 	0.0 	0.0 	0.0 	0.08 	0.0 	0.0 	0.0 	0.0 	
105 	0.0 	0.5 	0.0 	0.0 	0.0 	0.0 	0.0 	0.09 	0.0 	0.0 	0.0 	0.23 	0.0 	0.0 	0.0 	0.19 	0.0 	0.0 	0.0 	0.0 	
106 	0.4 	0.0 	0.08 	0.33 	0.0 	0.0 	0.0 	0.0 	0.0 	0.0 	0.0 	0.0 	0.0 	0.0 	0.0 	0.09 	0.11 	0.0 	0.0 	0.0 	
107 	0.0 	0.4 	0.0 	0.0 	0.0 	0.0 	0.0 	0.0 	0.08 	0.0 	0.31 	0.14 	0.0 	0.0 	0.0 	0.0 	0.0 	0.0 	0.08 	0.0 	
108 	0.0 	0.0 	0.0 	0.0 	0.0 	0.0 	0.51 	0.0 	0.0 	0.2 	0.09 	0.07 	0.0 	0.04 	0.0 	0.0 	0.04 	0.0 	0.0 	0.05 	
109 	0.0 	0.0 	0.17 	0.14 	0.0 	0.0 	0.1 	0.51 	0.0 	0.0 	0.0 	0.0 	0.0 	0.0 	0.0 	0.09 	0.0 	0.0 	0.0 	0.0 	
110 	0.0 	0.0 	0.0 	0.1 	0.0 	0.15 	0.26 	0.0 	0.0 	0.0 	0.0 	0.34 	0.0 	0.0 	0.0 	0.14 	0.0 	0.0 	0.0 	0.0 	
111 	0.0 	0.0 	0.0 	0.0 	0.0 	0.0 	0.0 	0.0 	0.14 	0.48 	0.05 	0.0 	0.16 	0.0 	0.0 	0.0 	0.0 	0.0 	0.0 	0.16 	
112 	0.0 	0.0 	0.0 	0.0 	0.0 	0.0 	0.0 	0.0 	0.0 	0.26 	0.12 	0.0 	0.1 	0.14 	0.0 	0.0 	0.0 	0.0 	0.0 	0.38 	
113 	0.19 	0.0 	0.07 	0.0 	0.0 	0.0 	0.14 	0.0 	0.0 	0.14 	0.09 	0.0 	0.0 	0.0 	0.0 	0.0 	0.38 	0.0 	0.0 	0.0 	
114 	0.14 	0.0 	0.0 	0.0 	0.0 	0.0 	0.0 	0.69 	0.0 	0.08 	0.09 	0.0 	0.0 	0.0 	0.0 	0.0 	0.0 	0.0 	0.0 	0.0 	
115 	0.0 	0.0 	0.0 	0.0 	0.0 	0.0 	0.0 	0.0 	0.0 	0.29 	0.0 	0.0 	0.0 	0.31 	0.0 	0.0 	0.05 	0.0 	0.09 	0.27 	
116 	0.0 	0.0 	0.16 	0.0 	0.0 	0.14 	0.0 	0.0 	0.0 	0.11 	0.0 	0.0 	0.0 	0.0 	0.0 	0.0 	0.0 	0.0 	0.0 	0.59 	
117 	0.01 	0.0 	0.0 	0.0 	0.0 	0.46 	0.0 	0.01 	0.0 	0.0 	0.01 	0.47 	0.0 	0.0 	0.0 	0.01 	0.0 	0.0 	0.0 	0.0 	
118 	0.01 	0.47 	0.0 	0.0 	0.0 	0.09 	0.0 	0.01 	0.0 	0.0 	0.01 	0.37 	0.0 	0.0 	0.0 	0.01 	0.0 	0.0 	0.0 	0.0 	
119 	0.02 	0.01 	0.01 	0.12 	0.0 	0.01 	0.01 	0.02 	0.0 	0.36 	0.21 	0.01 	0.0 	0.01 	0.01 	0.02 	0.01 	0.0 	0.01 	0.15 	
120 	0.01 	0.01 	0.35 	0.06 	0.0 	0.01 	0.08 	0.01 	0.0 	0.01 	0.01 	0.01 	0.0 	0.01 	0.01 	0.28 	0.13 	0.0 	0.0 	0.01 	
121 	0.01 	0.45 	0.01 	0.01 	0.0 	0.01 	0.18 	0.01 	0.0 	0.01 	0.02 	0.01 	0.0 	0.01 	0.01 	0.15 	0.01 	0.0 	0.07 	0.01 	
122 	0.13 	0.01 	0.01 	0.18 	0.0 	0.01 	0.11 	0.02 	0.01 	0.01 	0.02 	0.01 	0.01 	0.01 	0.01 	0.02 	0.18 	0.0 	0.01 	0.23 	
123 	0.09 	0.01 	0.39 	0.08 	0.0 	0.06 	0.01 	0.01 	0.0 	0.01 	0.15 	0.01 	0.0 	0.0 	0.01 	0.15 	0.01 	0.0 	0.0 	0.01 	
124 	0.14 	0.11 	0.09 	0.07 	0.01 	0.02 	0.02 	0.03 	0.01 	0.02 	0.03 	0.02 	0.15 	0.18 	0.02 	0.03 	0.02 	0.0 	0.01 	0.02 	
125 	0.03 	0.2 	0.2 	0.02 	0.01 	0.01 	0.02 	0.16 	0.01 	0.02 	0.03 	0.18 	0.01 	0.01 	0.02 	0.02 	0.02 	0.0 	0.01 	0.02 	
126 	0.02 	0.06 	0.01 	0.01 	0.0 	0.15 	0.02 	0.43 	0.01 	0.01 	0.02 	0.07 	0.01 	0.01 	0.01 	0.02 	0.1 	0.0 	0.01 	0.02 	
127 	0.02 	0.01 	0.09 	0.17 	0.0 	0.01 	0.02 	0.02 	0.01 	0.01 	0.21 	0.01 	0.01 	0.11 	0.01 	0.02 	0.01 	0.0 	0.01 	0.24 	
128 	0.0 	0.0 	0.0 	0.0 	0.0 	0.0 	0.0 	0.0 	0.0 	0.53 	0.12 	0.08 	0.09 	0.0 	0.0 	0.0 	0.0 	0.0 	0.0 	0.18 	
129 	0.0 	0.0 	0.0 	0.0 	0.0 	0.0 	0.0 	0.08 	0.0 	0.17 	0.14 	0.0 	0.04 	0.08 	0.0 	0.12 	0.08 	0.0 	0.19 	0.11 	
130 	0.0 	0.0 	0.0 	0.09 	0.0 	0.0 	0.0 	0.0 	0.0 	0.0 	0.25 	0.0 	0.0 	0.0 	0.0 	0.0 	0.0 	0.0 	0.08 	0.58 	
131 	0.0 	0.11 	0.09 	0.51 	0.0 	0.0 	0.08 	0.0 	0.0 	0.08 	0.0 	0.0 	0.0 	0.09 	0.0 	0.05 	0.0 	0.0 	0.0 	0.0 	
132 	0.0 	0.0 	0.0 	0.0 	0.0 	0.0 	0.0 	0.0 	0.14 	0.22 	0.54 	0.0 	0.1 	0.0 	0.0 	0.0 	0.0 	0.0 	0.0 	0.0 	
133 	0.0 	0.0 	0.31 	0.0 	0.0 	0.0 	0.0 	0.63 	0.0 	0.0 	0.0 	0.0 	0.0 	0.0 	0.0 	0.07 	0.0 	0.0 	0.0 	0.0 	
134 	0.01 	0.15 	0.3 	0.01 	0.0 	0.15 	0.01 	0.01 	0.0 	0.01 	0.09 	0.01 	0.0 	0.01 	0.01 	0.07 	0.06 	0.0 	0.0 	0.1 	
135 	0.03 	0.02 	0.4 	0.02 	0.01 	0.02 	0.21 	0.03 	0.01 	0.02 	0.03 	0.07 	0.01 	0.01 	0.02 	0.03 	0.02 	0.01 	0.01 	0.02 	
136 	0.05 	0.03 	0.03 	0.03 	0.01 	0.03 	0.04 	0.04 	0.01 	0.03 	0.14 	0.03 	0.01 	0.02 	0.03 	0.04 	0.36 	0.01 	0.02 	0.04 	
137 	0.05 	0.03 	0.03 	0.03 	0.01 	0.17 	0.17 	0.05 	0.01 	0.03 	0.06 	0.14 	0.01 	0.02 	0.03 	0.04 	0.04 	0.01 	0.02 	0.04 	
138 	0.15 	0.03 	0.07 	0.03 	0.01 	0.16 	0.03 	0.04 	0.01 	0.03 	0.05 	0.13 	0.01 	0.02 	0.03 	0.04 	0.12 	0.01 	0.02 	0.03 	
139 	0.32 	0.0 	0.0 	0.0 	0.0 	0.0 	0.0 	0.08 	0.0 	0.05 	0.0 	0.0 	0.0 	0.14 	0.0 	0.11 	0.25 	0.0 	0.0 	0.05 	
140 	0.0 	0.0 	0.0 	0.09 	0.0 	0.14 	0.61 	0.0 	0.0 	0.0 	0.0 	0.16 	0.0 	0.0 	0.0 	0.0 	0.0 	0.0 	0.0 	0.0 	
141 	0.5 	0.0 	0.0 	0.0 	0.0 	0.0 	0.0 	0.5 	0.0 	0.0 	0.0 	0.0 	0.0 	0.0 	0.0 	0.0 	0.0 	0.0 	0.0 	0.0 	
142 	0.0 	0.0 	0.0 	0.0 	0.0 	0.0 	0.0 	0.0 	0.0 	0.15 	0.27 	0.0 	0.05 	0.0 	0.0 	0.0 	0.0 	0.0 	0.24 	0.29 	
143 	0.0 	0.0 	0.0 	0.0 	0.0 	0.0 	0.0 	0.0 	0.0 	0.55 	0.37 	0.0 	0.09 	0.0 	0.0 	0.0 	0.0 	0.0 	0.0 	0.0 	
144 	0.05 	0.0 	0.0 	0.0 	0.0 	0.0 	0.0 	0.0 	0.0 	0.0 	0.21 	0.07 	0.0 	0.0 	0.46 	0.22 	0.0 	0.0 	0.0 	0.0 	
145 	0.11 	0.29 	0.0 	0.0 	0.0 	0.0 	0.0 	0.0 	0.0 	0.0 	0.05 	0.36 	0.14 	0.0 	0.0 	0.0 	0.0 	0.0 	0.0 	0.05 	
146 	0.11 	0.31 	0.05 	0.07 	0.0 	0.0 	0.25 	0.0 	0.0 	0.0 	0.0 	0.09 	0.0 	0.0 	0.0 	0.13 	0.0 	0.0 	0.0 	0.0 	
147 	0.0 	0.0 	0.0 	0.13 	0.0 	0.07 	0.5 	0.08 	0.14 	0.0 	0.0 	0.0 	0.0 	0.0 	0.0 	0.0 	0.0 	0.0 	0.09 	0.0 	
148 	0.0 	0.14 	0.0 	0.0 	0.0 	0.37 	0.0 	0.0 	0.0 	0.0 	0.23 	0.0 	0.25 	0.0 	0.0 	0.0 	0.0 	0.0 	0.0 	0.0 	
149 	0.0 	0.0 	0.0 	0.0 	0.0 	0.0 	0.0 	0.0 	0.0 	0.33 	0.21 	0.0 	0.1 	0.0 	0.0 	0.25 	0.0 	0.0 	0.0 	0.11 	
150 	0.0 	0.0 	0.0 	0.0 	0.0 	0.0 	0.0 	0.0 	0.0 	0.0 	0.06 	0.37 	0.0 	0.0 	0.57 	0.0 	0.0 	0.0 	0.0 	0.0 	
151 	0.0 	0.34 	0.1 	0.0 	0.0 	0.0 	0.0 	0.48 	0.0 	0.0 	0.0 	0.0 	0.0 	0.0 	0.0 	0.0 	0.08 	0.0 	0.0 	0.0 	
152 	0.0 	0.0 	0.0 	0.0 	0.0 	0.0 	1.0 	0.0 	0.0 	0.0 	0.0 	0.0 	0.0 	0.0 	0.0 	0.0 	0.0 	0.0 	0.0 	0.0 	
153 	0.05 	0.08 	0.27 	0.0 	0.0 	0.0 	0.0 	0.0 	0.0 	0.0 	0.0 	0.16 	0.0 	0.0 	0.0 	0.35 	0.0 	0.0 	0.0 	0.09 	
154 	0.0 	0.0 	0.0 	0.0 	0.0 	0.0 	0.0 	0.0 	0.0 	0.0 	0.16 	0.0 	0.0 	0.46 	0.0 	0.0 	0.0 	0.0 	0.37 	0.0 	
155 	0.0 	0.31 	0.09 	0.09 	0.0 	0.0 	0.19 	0.0 	0.08 	0.0 	0.0 	0.26 	0.0 	0.0 	0.0 	0.0 	0.0 	0.0 	0.0 	0.0 	
156 	0.0 	0.0 	0.0 	0.0 	0.0 	0.0 	0.0 	0.0 	0.16 	0.28 	0.13 	0.0 	0.0 	0.0 	0.36 	0.0 	0.0 	0.0 	0.0 	0.07 	
157 	0.0 	0.0 	0.26 	0.0 	0.0 	0.0 	0.0 	0.69 	0.05 	0.0 	0.0 	0.0 	0.0 	0.0 	0.0 	0.0 	0.0 	0.0 	0.0 	0.0 	
158 	0.0 	0.0 	0.11 	0.65 	0.0 	0.08 	0.0 	0.0 	0.0 	0.0 	0.0 	0.16 	0.0 	0.0 	0.0 	0.0 	0.0 	0.0 	0.0 	0.0 	
159 	0.0 	0.61 	0.0 	0.0 	0.0 	0.0 	0.0 	0.0 	0.0 	0.0 	0.0 	0.25 	0.0 	0.0 	0.0 	0.14 	0.0 	0.0 	0.0 	0.0 	
160 	0.0 	0.0 	0.0 	0.0 	0.0 	0.0 	0.0 	0.0 	0.0 	0.55 	0.16 	0.0 	0.0 	0.0 	0.0 	0.0 	0.0 	0.0 	0.16 	0.13 	
161 	0.0 	0.45 	0.0 	0.0 	0.0 	0.0 	0.0 	0.0 	0.0 	0.0 	0.16 	0.39 	0.0 	0.0 	0.0 	0.0 	0.0 	0.0 	0.0 	0.0 	
162 	0.31 	0.0 	0.0 	0.0 	0.11 	0.0 	0.0 	0.21 	0.0 	0.0 	0.0 	0.0 	0.0 	0.16 	0.0 	0.0 	0.0 	0.0 	0.0 	0.21 	
163 	0.0 	0.0 	0.0 	0.0 	0.0 	0.0 	0.0 	0.0 	0.0 	0.08 	0.09 	0.0 	0.0 	0.0 	0.0 	0.0 	0.0 	0.0 	0.4 	0.43 	
164 	0.0 	0.0 	0.0 	0.0 	0.0 	0.0 	0.0 	0.0 	0.0 	0.27 	0.47 	0.0 	0.0 	0.0 	0.0 	0.0 	0.0 	0.0 	0.0 	0.26 	
165 	0.0 	0.0 	0.0 	0.0 	0.0 	0.07 	0.0 	0.0 	0.0 	0.0 	0.0 	0.24 	0.0 	0.0 	0.0 	0.0 	0.24 	0.0 	0.34 	0.11 	
166 	0.04 	0.0 	0.09 	0.07 	0.0 	0.14 	0.16 	0.18 	0.0 	0.0 	0.0 	0.23 	0.0 	0.0 	0.0 	0.09 	0.0 	0.0 	0.0 	0.0 	
167 	0.0 	0.0 	0.0 	0.0 	0.0 	0.0 	0.0 	0.0 	0.0 	0.21 	0.0 	0.0 	0.0 	0.0 	0.0 	0.0 	0.0 	0.0 	0.0 	0.79 	
168 	0.0 	0.11 	0.05 	0.08 	0.05 	0.16 	0.1 	0.0 	0.0 	0.0 	0.0 	0.23 	0.0 	0.0 	0.0 	0.0 	0.11 	0.0 	0.12 	0.0 	
169 	0.0 	0.33 	0.0 	0.0 	0.0 	0.12 	0.0 	0.0 	0.0 	0.0 	0.0 	0.35 	0.0 	0.0 	0.21 	0.0 	0.0 	0.0 	0.0 	0.0 	
170 	0.0 	0.0 	0.0 	0.05 	0.0 	0.16 	0.27 	0.19 	0.0 	0.0 	0.0 	0.0 	0.0 	0.0 	0.0 	0.08 	0.24 	0.0 	0.0 	0.0 	
171 	0.38 	0.0 	0.0 	0.0 	0.0 	0.0 	0.0 	0.05 	0.0 	0.0 	0.0 	0.28 	0.0 	0.0 	0.0 	0.13 	0.17 	0.0 	0.0 	0.0 	
172 	0.0 	0.31 	0.09 	0.0 	0.0 	0.0 	0.0 	0.0 	0.0 	0.0 	0.0 	0.44 	0.0 	0.0 	0.0 	0.16 	0.0 	0.0 	0.0 	0.0 	
173 	0.0 	0.0 	0.0 	0.0 	0.0 	0.0 	0.11 	0.68 	0.0 	0.0 	0.08 	0.0 	0.09 	0.0 	0.0 	0.0 	0.05 	0.0 	0.0 	0.0 	
174 	0.21 	0.0 	0.0 	0.0 	0.0 	0.0 	0.0 	0.0 	0.0 	0.09 	0.14 	0.0 	0.0 	0.0 	0.4 	0.0 	0.0 	0.16 	0.0 	0.0 	
175 	0.0 	0.0 	0.0 	0.0 	0.0 	0.43 	0.09 	0.0 	0.0 	0.0 	0.25 	0.0 	0.0 	0.0 	0.16 	0.08 	0.0 	0.0 	0.0 	0.0 	
176 	0.0 	0.0 	0.0 	0.0 	0.0 	0.0 	0.0 	0.0 	0.0 	0.44 	0.47 	0.0 	0.0 	0.0 	0.0 	0.0 	0.0 	0.0 	0.0 	0.09 	
177 	0.0 	0.0 	0.0 	0.0 	0.0 	0.0 	0.14 	0.0 	0.0 	0.09 	0.13 	0.0 	0.05 	0.27 	0.0 	0.0 	0.27 	0.0 	0.05 	0.0 	
178 	0.0 	0.0 	0.0 	0.0 	0.0 	0.0 	0.0 	0.0 	0.0 	0.09 	0.6 	0.0 	0.0 	0.0 	0.0 	0.0 	0.0 	0.0 	0.0 	0.31 	
179 	0.0 	0.0 	0.0 	0.0 	0.0 	0.0 	0.0 	0.0 	0.0 	0.0 	0.0 	0.0 	0.0 	0.0 	0.0 	0.87 	0.13 	0.0 	0.0 	0.0 	
180 	0.0 	1.0 	0.0 	0.0 	0.0 	0.0 	0.0 	0.0 	0.0 	0.0 	0.0 	0.0 	0.0 	0.0 	0.0 	0.0 	0.0 	0.0 	0.0 	0.0 	
181 	0.08 	0.0 	0.0 	0.0 	0.0 	0.0 	0.0 	0.0 	0.0 	0.0 	0.0 	0.0 	0.0 	0.0 	0.0 	0.37 	0.49 	0.0 	0.0 	0.07 	
182 	0.0 	0.05 	0.0 	0.23 	0.0 	0.0 	0.0 	0.0 	0.37 	0.0 	0.0 	0.21 	0.0 	0.0 	0.0 	0.0 	0.14 	0.0 	0.0 	0.0 	
183 	0.0 	0.0 	0.07 	0.0 	0.0 	0.0 	0.08 	0.0 	0.0 	0.0 	0.0 	0.0 	0.0 	0.0 	0.62 	0.09 	0.16 	0.0 	0.0 	0.0 	
184 	0.0 	0.16 	0.11 	0.0 	0.0 	0.07 	0.25 	0.1 	0.0 	0.0 	0.0 	0.3 	0.0 	0.0 	0.0 	0.0 	0.0 	0.0 	0.0 	0.0 	
185 	0.0 	0.0 	0.0 	0.0 	0.0 	0.0 	0.0 	0.0 	0.0 	0.0 	0.45 	0.0 	0.41 	0.14 	0.0 	0.0 	0.0 	0.0 	0.0 	0.0 	
186 	0.0 	0.0 	0.0 	0.0 	0.0 	0.0 	0.0 	0.0 	0.0 	0.09 	0.81 	0.0 	0.0 	0.0 	0.0 	0.0 	0.0 	0.0 	0.0 	0.11 	
187 	0.0 	0.11 	0.0 	0.0 	0.0 	0.08 	0.39 	0.0 	0.0 	0.17 	0.0 	0.1 	0.0 	0.0 	0.0 	0.0 	0.04 	0.0 	0.0 	0.12 	
188 	0.14 	0.1 	0.0 	0.0 	0.0 	0.0 	0.34 	0.0 	0.08 	0.0 	0.0 	0.17 	0.0 	0.16 	0.0 	0.0 	0.0 	0.0 	0.0 	0.0 	
189 	0.0 	0.0 	0.0 	0.0 	0.0 	0.0 	0.0 	0.0 	0.0 	0.0 	1.0 	0.0 	0.0 	0.0 	0.0 	0.0 	0.0 	0.0 	0.0 	0.0 	
190 	0.0 	0.0 	0.0 	0.0 	0.0 	0.0 	0.0 	0.0 	0.0 	0.0 	0.47 	0.0 	0.0 	0.53 	0.0 	0.0 	0.0 	0.0 	0.0 	0.0 	
191 	0.09 	0.16 	0.09 	0.0 	0.0 	0.0 	0.24 	0.0 	0.0 	0.0 	0.0 	0.23 	0.0 	0.0 	0.0 	0.11 	0.08 	0.0 	0.0 	0.0 	
192 	0.0 	0.0 	0.0 	0.0 	0.0 	0.08 	0.0 	0.0 	0.0 	0.31 	0.45 	0.0 	0.0 	0.0 	0.0 	0.16 	0.0 	0.0 	0.0 	0.0 	
193 	0.0 	0.0 	0.16 	0.0 	0.0 	0.0 	0.84 	0.0 	0.0 	0.0 	0.0 	0.0 	0.0 	0.0 	0.0 	0.0 	0.0 	0.0 	0.0 	0.0 	
194 	0.0 	0.0 	0.0 	0.0 	0.0 	0.0 	0.0 	0.0 	0.0 	0.09 	0.0 	0.0 	0.0 	0.0 	0.0 	0.0 	0.16 	0.0 	0.0 	0.75 	
195 	0.0 	0.0 	0.0 	0.0 	0.0 	0.0 	0.0 	0.0 	0.0 	0.0 	0.0 	0.0 	0.0 	0.0 	1.0 	0.0 	0.0 	0.0 	0.0 	0.0 	
196 	0.0 	0.0 	0.0 	0.0 	0.0 	0.0 	1.0 	0.0 	0.0 	0.0 	0.0 	0.0 	0.0 	0.0 	0.0 	0.0 	0.0 	0.0 	0.0 	0.0 	
197 	0.0 	0.0 	0.0 	0.0 	0.0 	0.0 	0.0 	0.0 	0.0 	1.0 	0.0 	0.0 	0.0 	0.0 	0.0 	0.0 	0.0 	0.0 	0.0 	0.0 	
198 	0.27 	0.0 	0.0 	0.0 	0.0 	0.0 	0.17 	0.25 	0.0 	0.0 	0.07 	0.14 	0.0 	0.0 	0.0 	0.0 	0.0 	0.0 	0.1 	0.0 	
199 	0.0 	0.0 	0.16 	0.35 	0.0 	0.0 	0.49 	0.0 	0.0 	0.0 	0.0 	0.0 	0.0 	0.0 	0.0 	0.0 	0.0 	0.0 	0.0 	0.0 	
200 	0.0 	0.0 	0.0 	0.0 	0.0 	0.0 	0.25 	0.54 	0.0 	0.0 	0.0 	0.14 	0.0 	0.0 	0.0 	0.07 	0.0 	0.0 	0.0 	0.0 	
201 	0.0 	0.0 	0.0 	0.0 	0.0 	0.0 	0.14 	0.0 	0.0 	0.27 	0.0 	0.0 	0.05 	0.0 	0.0 	0.11 	0.27 	0.0 	0.0 	0.17 	
202 	0.0 	0.0 	0.0 	0.0 	0.0 	0.0 	0.0 	0.0 	0.0 	0.71 	0.0 	0.0 	0.0 	0.0 	0.0 	0.0 	0.0 	0.0 	0.0 	0.29 	
203 	0.0 	0.0 	0.0 	0.0 	0.0 	0.07 	0.77 	0.0 	0.0 	0.0 	0.0 	0.09 	0.0 	0.0 	0.0 	0.0 	0.0 	0.0 	0.0 	0.08 	
204 	0.0 	0.0 	0.0 	0.0 	0.0 	0.0 	0.0 	0.0 	0.0 	0.9 	0.1 	0.0 	0.0 	0.0 	0.0 	0.0 	0.0 	0.0 	0.0 	0.0 	
205 	0.0 	0.05 	0.0 	0.0 	0.0 	0.0 	0.0 	0.0 	0.09 	0.14 	0.0 	0.62 	0.0 	0.0 	0.0 	0.0 	0.0 	0.0 	0.0 	0.11 	
206 	0.24 	0.0 	0.0 	0.0 	0.0 	0.0 	0.0 	0.1 	0.14 	0.0 	0.0 	0.25 	0.0 	0.0 	0.0 	0.27 	0.0 	0.0 	0.0 	0.0 	
207 	0.25 	0.0 	0.0 	0.0 	0.14 	0.0 	0.0 	0.0 	0.0 	0.24 	0.0 	0.0 	0.09 	0.0 	0.0 	0.0 	0.0 	0.0 	0.0 	0.28 	
208 	0.75 	0.0 	0.0 	0.0 	0.0 	0.0 	0.16 	0.0 	0.0 	0.0 	0.0 	0.0 	0.0 	0.0 	0.0 	0.0 	0.0 	0.0 	0.0 	0.09 	
209 	0.0 	1.0 	0.0 	0.0 	0.0 	0.0 	0.0 	0.0 	0.0 	0.0 	0.0 	0.0 	0.0 	0.0 	0.0 	0.0 	0.0 	0.0 	0.0 	0.0 	
210 	0.0 	0.0 	0.0 	0.41 	0.0 	0.0 	0.29 	0.0 	0.0 	0.14 	0.0 	0.0 	0.0 	0.0 	0.0 	0.16 	0.0 	0.0 	0.0 	0.0 	
211 	0.26 	0.0 	0.0 	0.0 	0.0 	0.0 	0.0 	0.0 	0.0 	0.0 	0.0 	0.0 	0.0 	0.0 	0.74 	0.0 	0.0 	0.0 	0.0 	0.0 	
212 	0.0 	0.0 	0.0 	0.0 	0.0 	0.0 	0.0 	1.0 	0.0 	0.0 	0.0 	0.0 	0.0 	0.0 	0.0 	0.0 	0.0 	0.0 	0.0 	0.0 	
213 	0.0 	0.08 	0.14 	0.1 	0.0 	0.0 	0.0 	0.0 	0.11 	0.0 	0.0 	0.0 	0.0 	0.0 	0.0 	0.32 	0.09 	0.0 	0.09 	0.08 	
214 	0.0 	0.77 	0.0 	0.0 	0.0 	0.0 	0.0 	0.0 	0.0 	0.0 	0.0 	0.23 	0.0 	0.0 	0.0 	0.0 	0.0 	0.0 	0.0 	0.0 	
215 	0.46 	0.0 	0.0 	0.0 	0.0 	0.0 	0.0 	0.0 	0.0 	0.09 	0.0 	0.0 	0.0 	0.0 	0.0 	0.45 	0.0 	0.0 	0.0 	0.0 	
216 	0.0 	0.0 	0.0 	0.0 	0.0 	0.0 	0.0 	0.0 	0.0 	0.0 	0.0 	1.0 	0.0 	0.0 	0.0 	0.0 	0.0 	0.0 	0.0 	0.0 	
217 	0.0 	0.0 	0.0 	0.0 	0.0 	0.0 	0.0 	0.0 	0.0 	0.61 	0.0 	0.0 	0.0 	0.0 	0.0 	0.0 	0.0 	0.0 	0.0 	0.39 	
218 	0.76 	0.0 	0.0 	0.0 	0.0 	0.0 	0.0 	0.0 	0.0 	0.0 	0.0 	0.0 	0.0 	0.0 	0.0 	0.24 	0.0 	0.0 	0.0 	0.0 	
219 	0.0 	0.0 	0.0 	0.0 	0.0 	0.0 	0.0 	0.0 	0.0 	0.0 	0.0 	0.0 	0.0 	0.14 	0.0 	0.0 	0.0 	0.0 	0.0 	0.86 	
220 	0.06 	0.1 	0.0 	0.0 	0.0 	0.0 	0.0 	0.0 	0.05 	0.16 	0.0 	0.25 	0.0 	0.21 	0.0 	0.0 	0.08 	0.0 	0.09 	0.0 	
221 	0.12 	0.0 	0.0 	0.0 	0.0 	0.0 	0.0 	0.0 	0.0 	0.0 	0.0 	0.0 	0.0 	0.0 	0.0 	0.66 	0.22 	0.0 	0.0 	0.0 	
222 	0.07 	0.06 	0.39 	0.05 	0.0 	0.0 	0.14 	0.0 	0.22 	0.0 	0.0 	0.09 	0.0 	0.0 	0.0 	0.0 	0.0 	0.0 	0.0 	0.0 	
223 	0.0 	0.0 	0.27 	0.54 	0.0 	0.0 	0.0 	0.0 	0.0 	0.0 	0.0 	0.09 	0.0 	0.0 	0.0 	0.0 	0.0 	0.0 	0.0 	0.11 	
224 	0.12 	0.0 	0.0 	0.0 	0.0 	0.0 	0.09 	0.05 	0.0 	0.0 	0.0 	0.21 	0.0 	0.0 	0.4 	0.14 	0.0 	0.0 	0.0 	0.0 	
225 	0.08 	0.4 	0.08 	0.05 	0.0 	0.0 	0.14 	0.11 	0.0 	0.0 	0.0 	0.0 	0.0 	0.0 	0.0 	0.07 	0.0 	0.0 	0.0 	0.09 	
226 	0.0 	0.0 	0.0 	0.0 	0.0 	0.0 	0.0 	0.0 	0.0 	0.57 	0.1 	0.0 	0.0 	0.0 	0.0 	0.0 	0.0 	0.0 	0.0 	0.34 	
227 	0.0 	0.0 	0.23 	0.77 	0.0 	0.0 	0.0 	0.0 	0.0 	0.0 	0.0 	0.0 	0.0 	0.0 	0.0 	0.0 	0.0 	0.0 	0.0 	0.0 	
228 	0.13 	0.0 	0.0 	0.0 	0.0 	0.0 	0.0 	0.0 	0.0 	0.0 	0.0 	0.0 	0.0 	0.0 	0.87 	0.0 	0.0 	0.0 	0.0 	0.0 	
229 	0.0 	0.0 	0.0 	0.0 	0.0 	0.0 	0.0 	0.0 	0.0 	0.27 	0.0 	0.06 	0.22 	0.0 	0.0 	0.0 	0.0 	0.0 	0.0 	0.45 	
230 	0.09 	0.0 	0.0 	0.0 	0.0 	0.0 	0.0 	0.91 	0.0 	0.0 	0.0 	0.0 	0.0 	0.0 	0.0 	0.0 	0.0 	0.0 	0.0 	0.0 	
231 	0.65 	0.0 	0.0 	0.0 	0.0 	0.0 	0.0 	0.0 	0.0 	0.0 	0.08 	0.0 	0.0 	0.0 	0.05 	0.16 	0.0 	0.0 	0.0 	0.07 	
232 	0.45 	0.0 	0.0 	0.0 	0.38 	0.0 	0.0 	0.0 	0.0 	0.17 	0.0 	0.0 	0.0 	0.0 	0.0 	0.0 	0.0 	0.0 	0.0 	0.0 	
233 	0.0 	0.0 	0.0 	0.0 	0.0 	0.0 	0.0 	0.0 	0.0 	0.53 	0.16 	0.0 	0.0 	0.0 	0.0 	0.0 	0.0 	0.0 	0.0 	0.32 	
234 	0.0 	0.0 	0.0 	0.0 	0.0 	0.0 	0.0 	1.0 	0.0 	0.0 	0.0 	0.0 	0.0 	0.0 	0.0 	0.0 	0.0 	0.0 	0.0 	0.0 	
235 	0.0 	0.0 	0.0 	0.06 	0.0 	0.05 	0.0 	0.0 	0.04 	0.04 	0.0 	0.34 	0.14 	0.0 	0.26 	0.0 	0.0 	0.0 	0.0 	0.08 	
236 	0.0 	0.18 	0.06 	0.06 	0.0 	0.0 	0.0 	0.18 	0.0 	0.0 	0.0 	0.47 	0.05 	0.0 	0.0 	0.0 	0.0 	0.0 	0.0 	0.0 	
237 	0.0 	0.0 	0.0 	0.0 	0.0 	0.0 	0.0 	1.0 	0.0 	0.0 	0.0 	0.0 	0.0 	0.0 	0.0 	0.0 	0.0 	0.0 	0.0 	0.0 	
238 	0.19 	0.0 	0.04 	0.0 	0.0 	0.12 	0.29 	0.0 	0.0 	0.0 	0.06 	0.0 	0.0 	0.0 	0.0 	0.11 	0.06 	0.0 	0.0 	0.12 	
239 	0.0 	0.56 	0.25 	0.0 	0.0 	0.0 	0.0 	0.0 	0.0 	0.0 	0.0 	0.04 	0.0 	0.0 	0.0 	0.09 	0.06 	0.0 	0.0 	0.0 	
240 	0.0 	0.0 	0.0 	0.0 	0.0 	0.0 	0.0 	0.0 	0.0 	0.25 	0.0 	0.0 	0.0 	0.0 	0.0 	0.0 	0.0 	0.0 	0.0 	0.75 	
241 	0.0 	0.2 	0.08 	0.06 	0.0 	0.29 	0.06 	0.0 	0.0 	0.0 	0.0 	0.32 	0.0 	0.0 	0.0 	0.0 	0.0 	0.0 	0.0 	0.0 	
242 	0.36 	0.16 	0.11 	0.0 	0.0 	0.06 	0.0 	0.09 	0.0 	0.0 	0.0 	0.06 	0.0 	0.0 	0.0 	0.05 	0.09 	0.0 	0.0 	0.02 	
243 	0.12 	0.0 	0.0 	0.0 	0.0 	0.0 	0.0 	0.0 	0.0 	0.38 	0.12 	0.0 	0.0 	0.0 	0.0 	0.0 	0.0 	0.0 	0.0 	0.38 	
244 	0.0 	0.09 	0.0 	0.0 	0.0 	0.07 	0.24 	0.0 	0.0 	0.05 	0.0 	0.0 	0.05 	0.0 	0.0 	0.32 	0.12 	0.0 	0.0 	0.06 	
245 	0.1 	0.0 	0.29 	0.06 	0.0 	0.0 	0.3 	0.0 	0.0 	0.0 	0.0 	0.11 	0.0 	0.0 	0.0 	0.12 	0.02 	0.0 	0.0 	0.0 	
246 	0.0 	0.06 	0.0 	0.0 	0.0 	0.0 	0.63 	0.0 	0.0 	0.0 	0.06 	0.12 	0.07 	0.0 	0.0 	0.0 	0.06 	0.0 	0.0 	0.0 	
247 	0.01 	0.0 	0.0 	0.0 	0.0 	0.0 	0.01 	0.01 	0.0 	0.14 	0.58 	0.01 	0.0 	0.21 	0.0 	0.01 	0.01 	0.0 	0.0 	0.01 	
248 	0.01 	0.01 	0.27 	0.07 	0.07 	0.01 	0.06 	0.2 	0.0 	0.01 	0.02 	0.07 	0.0 	0.01 	0.01 	0.15 	0.01 	0.0 	0.01 	0.01 	
249 	0.01 	0.05 	0.01 	0.01 	0.0 	0.01 	0.01 	0.7 	0.0 	0.01 	0.01 	0.16 	0.0 	0.0 	0.01 	0.01 	0.01 	0.0 	0.0 	0.01 	
250 	0.09 	0.06 	0.0 	0.0 	0.0 	0.0 	0.61 	0.0 	0.0 	0.0 	0.0 	0.24 	0.0 	0.0 	0.0 	0.0 	0.0 	0.0 	0.0 	0.0 	
251 	0.01 	0.3 	0.08 	0.0 	0.0 	0.0 	0.0 	0.01 	0.0 	0.09 	0.01 	0.36 	0.0 	0.0 	0.0 	0.12 	0.0 	0.0 	0.0 	0.0 	
252 	0.0 	0.0 	0.0 	0.0 	0.0 	0.0 	0.0 	0.0 	0.0 	0.69 	0.0 	0.0 	0.0 	0.0 	0.0 	0.0 	0.0 	0.0 	0.0 	0.31 	
253 	0.0 	0.0 	0.09 	0.66 	0.0 	0.0 	0.13 	0.0 	0.0 	0.0 	0.0 	0.0 	0.0 	0.0 	0.0 	0.06 	0.0 	0.0 	0.0 	0.06 	
254 	0.0 	0.0 	0.0 	0.0 	0.08 	0.0 	0.0 	0.0 	0.0 	0.67 	0.18 	0.0 	0.0 	0.0 	0.0 	0.0 	0.0 	0.0 	0.0 	0.07 	
255 	0.0 	0.0 	0.0 	0.0 	0.0 	0.0 	0.0 	0.0 	0.0 	0.45 	0.0 	0.0 	0.0 	0.0 	0.0 	0.09 	0.0 	0.0 	0.0 	0.46 	
256 	0.0 	0.03 	0.03 	0.05 	0.0 	0.0 	0.48 	0.06 	0.0 	0.04 	0.22 	0.0 	0.0 	0.04 	0.05 	0.0 	0.0 	0.0 	0.0 	0.0 	
257 	0.01 	0.0 	0.07 	0.06 	0.0 	0.0 	0.01 	0.01 	0.07 	0.0 	0.01 	0.01 	0.0 	0.0 	0.0 	0.01 	0.01 	0.36 	0.36 	0.01 	
258 	0.12 	0.0 	0.09 	0.19 	0.0 	0.06 	0.0 	0.09 	0.0 	0.0 	0.0 	0.0 	0.0 	0.0 	0.0 	0.45 	0.0 	0.0 	0.0 	0.0 	
259 	0.0 	0.0 	0.2 	0.27 	0.0 	0.0 	0.33 	0.0 	0.0 	0.0 	0.0 	0.11 	0.0 	0.0 	0.06 	0.03 	0.0 	0.0 	0.0 	0.0 	
260 	0.0 	0.0 	0.27 	0.44 	0.09 	0.0 	0.0 	0.0 	0.0 	0.0 	0.0 	0.0 	0.0 	0.0 	0.0 	0.0 	0.12 	0.0 	0.0 	0.08 	
261 	0.12 	0.0 	0.0 	0.0 	0.0 	0.0 	0.0 	0.0 	0.0 	0.05 	0.15 	0.09 	0.0 	0.0 	0.51 	0.02 	0.0 	0.06 	0.0 	0.0 	
262 	0.23 	0.06 	0.0 	0.0 	0.0 	0.0 	0.42 	0.0 	0.0 	0.0 	0.09 	0.14 	0.0 	0.0 	0.0 	0.0 	0.0 	0.0 	0.0 	0.06 	
263 	0.0 	0.14 	0.0 	0.06 	0.0 	0.23 	0.22 	0.06 	0.0 	0.08 	0.06 	0.15 	0.0 	0.0 	0.0 	0.0 	0.0 	0.0 	0.0 	0.0 	
264 	0.0 	0.0 	0.0 	0.0 	0.0 	0.0 	0.0 	0.0 	0.0 	0.09 	0.08 	0.0 	0.0 	0.72 	0.0 	0.0 	0.0 	0.0 	0.11 	0.0 	
265 	0.0 	0.0 	0.0 	0.0 	0.0 	0.0 	0.0 	0.0 	0.0 	0.43 	0.16 	0.0 	0.0 	0.0 	0.0 	0.0 	0.0 	0.0 	0.0 	0.41 	
266 	0.23 	0.17 	0.0 	0.0 	0.0 	0.0 	0.0 	0.0 	0.0 	0.18 	0.0 	0.16 	0.0 	0.0 	0.0 	0.0 	0.17 	0.0 	0.0 	0.08 	
267 	0.0 	0.0 	0.88 	0.05 	0.0 	0.0 	0.0 	0.0 	0.0 	0.0 	0.08 	0.0 	0.0 	0.0 	0.0 	0.0 	0.0 	0.0 	0.0 	0.0 	
268 	0.68 	0.0 	0.0 	0.0 	0.0 	0.0 	0.0 	0.0 	0.0 	0.19 	0.06 	0.0 	0.0 	0.0 	0.0 	0.07 	0.0 	0.0 	0.0 	0.0 	
269 	0.0 	0.0 	0.0 	0.0 	0.0 	0.0 	0.0 	0.0 	0.0 	0.13 	0.43 	0.0 	0.2 	0.12 	0.0 	0.0 	0.0 	0.0 	0.07 	0.04 	
270 	0.44 	0.0 	0.0 	0.0 	0.0 	0.0 	0.0 	0.0 	0.0 	0.0 	0.09 	0.07 	0.0 	0.09 	0.0 	0.27 	0.05 	0.0 	0.0 	0.0 	
271 	0.0 	0.0 	0.0 	0.0 	0.0 	0.0 	0.0 	0.0 	0.0 	0.0 	0.0 	0.09 	0.0 	0.0 	0.84 	0.07 	0.0 	0.0 	0.0 	0.0 	
272 	0.67 	0.0 	0.0 	0.0 	0.0 	0.0 	0.0 	0.0 	0.0 	0.12 	0.04 	0.0 	0.0 	0.0 	0.0 	0.11 	0.0 	0.0 	0.0 	0.07 	
273 	0.09 	0.06 	0.0 	0.09 	0.0 	0.1 	0.19 	0.0 	0.0 	0.0 	0.0 	0.31 	0.0 	0.09 	0.0 	0.0 	0.0 	0.0 	0.0 	0.06 	
274 	0.09 	0.0 	0.0 	0.0 	0.0 	0.0 	0.0 	0.0 	0.0 	0.12 	0.12 	0.0 	0.0 	0.0 	0.04 	0.0 	0.0 	0.0 	0.0 	0.63 	
275 	0.07 	0.0 	0.0 	0.06 	0.0 	0.0 	0.1 	0.08 	0.06 	0.04 	0.11 	0.13 	0.09 	0.0 	0.0 	0.05 	0.0 	0.0 	0.06 	0.15 	
276 	0.0 	0.07 	0.12 	0.15 	0.0 	0.0 	0.04 	0.09 	0.05 	0.09 	0.0 	0.03 	0.0 	0.0 	0.0 	0.31 	0.06 	0.0 	0.0 	0.0 	
277 	0.0 	0.0 	0.0 	0.0 	0.0 	0.0 	0.0 	0.0 	0.0 	0.37 	0.0 	0.0 	0.0 	0.0 	0.0 	0.0 	0.0 	0.0 	0.09 	0.55 	
278 	0.01 	0.01 	0.12 	0.1 	0.0 	0.01 	0.13 	0.01 	0.08 	0.01 	0.02 	0.07 	0.0 	0.01 	0.01 	0.06 	0.17 	0.12 	0.05 	0.01 	
279 	0.0 	0.0 	0.0 	0.0 	0.0 	0.0 	0.0 	0.0 	0.0 	0.42 	0.04 	0.09 	0.0 	0.0 	0.0 	0.0 	0.0 	0.0 	0.0 	0.42 	
280 	0.0 	0.0 	0.0 	0.0 	0.0 	0.0 	0.0 	0.0 	0.0 	0.09 	0.29 	0.12 	0.0 	0.0 	0.0 	0.12 	0.07 	0.0 	0.0 	0.29 	
281 	0.0 	0.06 	0.14 	0.4 	0.0 	0.06 	0.28 	0.0 	0.0 	0.0 	0.0 	0.06 	0.0 	0.0 	0.0 	0.0 	0.0 	0.0 	0.0 	0.0 	
282 	0.0 	0.0 	0.26 	0.0 	0.0 	0.05 	0.46 	0.12 	0.0 	0.0 	0.0 	0.07 	0.0 	0.0 	0.04 	0.0 	0.0 	0.0 	0.0 	0.0 	
283 	0.06 	0.16 	0.06 	0.37 	0.0 	0.0 	0.1 	0.0 	0.08 	0.0 	0.0 	0.06 	0.0 	0.0 	0.0 	0.06 	0.05 	0.0 	0.0 	0.0 	
284 	0.09 	0.06 	0.02 	0.28 	0.02 	0.0 	0.06 	0.0 	0.02 	0.09 	0.12 	0.08 	0.0 	0.0 	0.0 	0.09 	0.06 	0.0 	0.0 	0.0 	
285 	0.0 	0.12 	0.09 	0.0 	0.0 	0.08 	0.0 	0.0 	0.22 	0.0 	0.06 	0.16 	0.0 	0.0 	0.0 	0.0 	0.21 	0.0 	0.0 	0.06 	
286 	0.08 	0.0 	0.0 	0.0 	0.0 	0.0 	0.0 	0.0 	0.0 	0.0 	0.0 	0.2 	0.0 	0.0 	0.0 	0.11 	0.3 	0.0 	0.0 	0.31 	
287 	0.47 	0.0 	0.0 	0.0 	0.0 	0.0 	0.0 	0.0 	0.0 	0.11 	0.09 	0.0 	0.12 	0.0 	0.0 	0.0 	0.06 	0.0 	0.0 	0.15 	
288 	0.0 	0.18 	0.0 	0.14 	0.0 	0.03 	0.12 	0.0 	0.0 	0.0 	0.12 	0.08 	0.0 	0.06 	0.0 	0.0 	0.03 	0.0 	0.24 	0.0 	
289 	0.12 	0.0 	0.0 	0.0 	0.0 	0.0 	0.0 	0.0 	0.0 	0.31 	0.16 	0.0 	0.0 	0.0 	0.0 	0.0 	0.0 	0.0 	0.0 	0.41 	
290 	0.14 	0.13 	0.0 	0.07 	0.0 	0.0 	0.12 	0.0 	0.0 	0.06 	0.0 	0.1 	0.0 	0.0 	0.0 	0.0 	0.06 	0.0 	0.0 	0.31 	
291 	0.0 	0.0 	0.0 	0.0 	0.0 	0.0 	0.0 	0.0 	0.0 	0.13 	0.08 	0.0 	0.0 	0.0 	0.0 	0.0 	0.0 	0.0 	0.0 	0.79 	
292 	0.06 	0.0 	0.09 	0.13 	0.0 	0.0 	0.11 	0.07 	0.06 	0.0 	0.08 	0.0 	0.0 	0.0 	0.29 	0.08 	0.04 	0.0 	0.0 	0.0 	
293 	0.22 	0.06 	0.0 	0.24 	0.0 	0.04 	0.0 	0.0 	0.06 	0.02 	0.0 	0.06 	0.0 	0.0 	0.25 	0.05 	0.0 	0.0 	0.0 	0.0 	
294 	0.06 	0.13 	0.13 	0.13 	0.0 	0.06 	0.09 	0.02 	0.0 	0.08 	0.0 	0.06 	0.0 	0.05 	0.0 	0.02 	0.09 	0.0 	0.06 	0.0 	
295 	0.0 	0.0 	0.15 	0.18 	0.0 	0.4 	0.15 	0.0 	0.0 	0.0 	0.06 	0.0 	0.0 	0.0 	0.0 	0.0 	0.0 	0.0 	0.0 	0.06 	
296 	0.0 	0.12 	0.0 	0.0 	0.09 	0.04 	0.0 	0.0 	0.04 	0.09 	0.3 	0.27 	0.0 	0.0 	0.0 	0.0 	0.06 	0.0 	0.0 	0.0 	
297 	0.2 	0.12 	0.0 	0.0 	0.0 	0.0 	0.0 	0.27 	0.0 	0.0 	0.0 	0.0 	0.0 	0.0 	0.07 	0.34 	0.0 	0.0 	0.0 	0.0 	
298 	0.12 	0.07 	0.09 	0.0 	0.0 	0.14 	0.0 	0.0 	0.0 	0.1 	0.2 	0.08 	0.0 	0.0 	0.0 	0.09 	0.0 	0.0 	0.0 	0.12 	
299 	0.71 	0.0 	0.0 	0.0 	0.0 	0.0 	0.0 	0.0 	0.0 	0.06 	0.09 	0.0 	0.0 	0.0 	0.0 	0.0 	0.0 	0.0 	0.0 	0.15 	
300 	0.0 	0.0 	0.0 	0.0 	0.0 	0.0 	0.0 	0.0 	0.0 	0.85 	0.0 	0.0 	0.0 	0.15 	0.0 	0.0 	0.0 	0.0 	0.0 	0.0 	
301 	0.0 	0.0 	0.0 	0.0 	0.0 	0.0 	0.0 	1.0 	0.0 	0.0 	0.0 	0.0 	0.0 	0.0 	0.0 	0.0 	0.0 	0.0 	0.0 	0.0 	
302 	0.06 	0.31 	0.0 	0.06 	0.0 	0.0 	0.06 	0.0 	0.0 	0.0 	0.0 	0.38 	0.0 	0.09 	0.0 	0.0 	0.04 	0.0 	0.0 	0.0 	
303 	0.0 	0.1 	0.18 	0.12 	0.0 	0.0 	0.05 	0.28 	0.0 	0.0 	0.0 	0.21 	0.05 	0.0 	0.0 	0.02 	0.0 	0.0 	0.0 	0.0 	
304 	0.0 	0.0 	0.0 	0.0 	0.0 	0.0 	0.0 	1.0 	0.0 	0.0 	0.0 	0.0 	0.0 	0.0 	0.0 	0.0 	0.0 	0.0 	0.0 	0.0 	
305 	0.0 	0.06 	0.0 	0.0 	0.09 	0.45 	0.06 	0.0 	0.0 	0.04 	0.0 	0.12 	0.0 	0.0 	0.0 	0.0 	0.06 	0.0 	0.0 	0.12 	
306 	0.0 	0.0 	0.85 	0.0 	0.0 	0.0 	0.0 	0.0 	0.0 	0.0 	0.0 	0.09 	0.0 	0.0 	0.0 	0.0 	0.06 	0.0 	0.0 	0.0 	
307 	0.11 	0.0 	0.0 	0.0 	0.0 	0.0 	0.0 	0.0 	0.0 	0.42 	0.06 	0.0 	0.0 	0.0 	0.0 	0.0 	0.0 	0.0 	0.0 	0.4 	
308 	0.0 	0.46 	0.07 	0.06 	0.08 	0.0 	0.24 	0.0 	0.0 	0.0 	0.0 	0.09 	0.0 	0.0 	0.0 	0.0 	0.0 	0.0 	0.0 	0.0 	
309 	0.0 	0.18 	0.0 	0.0 	0.0 	0.0 	0.09 	0.0 	0.0 	0.0 	0.61 	0.0 	0.0 	0.0 	0.0 	0.0 	0.12 	0.0 	0.0 	0.0 	
310 	0.75 	0.0 	0.0 	0.0 	0.0 	0.0 	0.0 	0.0 	0.0 	0.17 	0.0 	0.0 	0.0 	0.0 	0.0 	0.0 	0.0 	0.0 	0.0 	0.07 	
311 	0.11 	0.15 	0.05 	0.0 	0.0 	0.0 	0.0 	0.0 	0.0 	0.0 	0.06 	0.19 	0.0 	0.0 	0.0 	0.36 	0.02 	0.0 	0.0 	0.06 	
312 	0.0 	0.16 	0.09 	0.06 	0.0 	0.15 	0.24 	0.0 	0.0 	0.0 	0.06 	0.16 	0.08 	0.0 	0.0 	0.0 	0.0 	0.0 	0.0 	0.0 	
313 	0.0 	0.0 	0.0 	0.0 	0.0 	0.0 	0.0 	0.0 	0.0 	0.22 	0.69 	0.0 	0.0 	0.0 	0.0 	0.09 	0.0 	0.0 	0.0 	0.0 	
314 	0.18 	0.0 	0.0 	0.0 	0.0 	0.0 	0.0 	0.0 	0.0 	0.0 	0.17 	0.0 	0.07 	0.0 	0.0 	0.09 	0.49 	0.0 	0.0 	0.0 	
315 	0.06 	0.0 	0.0 	0.05 	0.0 	0.0 	0.13 	0.64 	0.0 	0.0 	0.0 	0.12 	0.0 	0.0 	0.0 	0.0 	0.0 	0.0 	0.0 	0.0 	
316 	0.09 	0.37 	0.0 	0.0 	0.0 	0.0 	0.0 	0.0 	0.0 	0.0 	0.0 	0.0 	0.0 	0.0 	0.0 	0.0 	0.0 	0.42 	0.12 	0.0 	
317 	0.05 	0.05 	0.08 	0.04 	0.0 	0.15 	0.09 	0.0 	0.27 	0.0 	0.06 	0.06 	0.0 	0.0 	0.0 	0.04 	0.05 	0.0 	0.06 	0.0 	
318 	0.06 	0.0 	0.0 	0.0 	0.0 	0.0 	0.0 	0.0 	0.07 	0.34 	0.18 	0.0 	0.0 	0.12 	0.0 	0.0 	0.06 	0.0 	0.0 	0.17 	
319 	0.0 	0.0 	0.14 	0.46 	0.0 	0.09 	0.08 	0.13 	0.04 	0.0 	0.0 	0.06 	0.0 	0.0 	0.0 	0.0 	0.0 	0.0 	0.0 	0.0 	
320 	0.0 	0.0 	0.0 	0.0 	0.0 	0.0 	0.0 	0.0 	0.0 	0.46 	0.0 	0.0 	0.0 	0.12 	0.0 	0.0 	0.0 	0.0 	0.0 	0.42 	
321 	0.1 	0.06 	0.0 	0.09 	0.0 	0.09 	0.14 	0.0 	0.0 	0.0 	0.0 	0.21 	0.21 	0.0 	0.0 	0.0 	0.0 	0.0 	0.1 	0.0 	
322 	0.0 	0.0 	0.1 	0.0 	0.0 	0.0 	0.0 	0.19 	0.0 	0.0 	0.0 	0.0 	0.0 	0.0 	0.0 	0.28 	0.43 	0.0 	0.0 	0.0 	
323 	0.0 	0.0 	0.0 	0.32 	0.0 	0.0 	0.56 	0.0 	0.0 	0.0 	0.0 	0.0 	0.0 	0.0 	0.0 	0.12 	0.0 	0.0 	0.0 	0.0 	
324 	0.27 	0.0 	0.0 	0.0 	0.0 	0.0 	0.0 	0.0 	0.0 	0.0 	0.0 	0.0 	0.25 	0.0 	0.0 	0.38 	0.11 	0.0 	0.0 	0.0 	
325 	0.0 	0.0 	0.0 	0.0 	0.0 	0.0 	0.0 	0.0 	0.0 	0.0 	0.45 	0.0 	0.0 	0.0 	0.55 	0.0 	0.0 	0.0 	0.0 	0.0 	
326 	0.0 	0.0 	0.0 	0.0 	0.0 	0.0 	0.0 	0.0 	0.0 	0.0 	0.0 	0.0 	0.0 	0.0 	1.0 	0.0 	0.0 	0.0 	0.0 	0.0 	
