	A 	R 	N 	D 	C 	Q 	E 	G 	H 	I 	L 	K 	M 	F 	P 	S 	T 	W 	Y 	V 	
1 	0.0 	0.0 	0.0 	0.0 	0.0 	0.0 	0.0 	0.0 	0.0 	0.0 	0.0 	0.0 	0.0 	0.0 	1.0 	0.0 	0.0 	0.0 	0.0 	0.0 	
2 	0.0 	0.0 	0.0 	0.0 	0.0 	0.0 	1.0 	0.0 	0.0 	0.0 	0.0 	0.0 	0.0 	0.0 	0.0 	0.0 	0.0 	0.0 	0.0 	0.0 	
3 	0.0 	0.0 	0.0 	0.0 	0.0 	0.0 	0.0 	0.13 	0.0 	0.0 	0.85 	0.0 	0.02 	0.0 	0.0 	0.0 	0.0 	0.0 	0.0 	0.0 	
4 	0.0 	0.0 	0.0 	0.03 	0.0 	0.0 	0.0 	0.0 	0.04 	0.0 	0.0 	0.0 	0.0 	0.0 	0.93 	0.0 	0.0 	0.0 	0.0 	0.0 	
5 	0.0 	0.0 	0.0 	0.0 	0.0 	0.0 	0.93 	0.0 	0.0 	0.0 	0.0 	0.0 	0.0 	0.0 	0.0 	0.0 	0.07 	0.0 	0.0 	0.0 	
6 	0.0 	0.0 	0.0 	0.0 	0.0 	0.0 	0.0 	0.0 	0.0 	0.05 	0.04 	0.0 	0.0 	0.0 	0.0 	0.0 	0.0 	0.0 	0.0 	0.91 	
7 	0.02 	0.05 	0.0 	0.0 	0.0 	0.02 	0.81 	0.0 	0.04 	0.0 	0.0 	0.01 	0.0 	0.0 	0.0 	0.0 	0.01 	0.03 	0.0 	0.0 	
8 	0.01 	0.08 	0.01 	0.0 	0.0 	0.02 	0.0 	0.0 	0.02 	0.03 	0.02 	0.0 	0.0 	0.0 	0.0 	0.0 	0.58 	0.0 	0.0 	0.22 	
9 	0.08 	0.0 	0.0 	0.0 	0.02 	0.0 	0.0 	0.0 	0.0 	0.1 	0.06 	0.0 	0.0 	0.0 	0.0 	0.07 	0.24 	0.0 	0.0 	0.43 	
10 	0.15 	0.56 	0.0 	0.0 	0.03 	0.0 	0.0 	0.0 	0.0 	0.03 	0.04 	0.11 	0.02 	0.0 	0.0 	0.02 	0.0 	0.0 	0.0 	0.04 	
11 	0.03 	0.63 	0.05 	0.07 	0.0 	0.05 	0.01 	0.0 	0.0 	0.0 	0.07 	0.05 	0.01 	0.0 	0.0 	0.0 	0.02 	0.0 	0.0 	0.0 	
12 	0.01 	0.03 	0.02 	0.01 	0.0 	0.0 	0.02 	0.62 	0.01 	0.01 	0.04 	0.03 	0.0 	0.02 	0.0 	0.08 	0.09 	0.0 	0.01 	0.0 	
13 	0.0 	0.0 	0.0 	0.0 	0.0 	0.0 	0.0 	0.0 	0.04 	0.21 	0.69 	0.0 	0.01 	0.02 	0.0 	0.0 	0.0 	0.0 	0.0 	0.04 	
14 	0.19 	0.06 	0.05 	0.01 	0.01 	0.09 	0.27 	0.01 	0.02 	0.01 	0.04 	0.06 	0.0 	0.01 	0.0 	0.08 	0.05 	0.0 	0.0 	0.02 	
15 	0.06 	0.1 	0.01 	0.07 	0.0 	0.05 	0.09 	0.01 	0.01 	0.01 	0.01 	0.06 	0.0 	0.0 	0.44 	0.03 	0.02 	0.0 	0.0 	0.01 	
16 	0.13 	0.09 	0.01 	0.0 	0.01 	0.03 	0.01 	0.01 	0.23 	0.02 	0.17 	0.07 	0.0 	0.02 	0.0 	0.01 	0.02 	0.04 	0.08 	0.06 	
17 	0.01 	0.01 	0.0 	0.0 	0.01 	0.0 	0.0 	0.0 	0.0 	0.18 	0.41 	0.0 	0.07 	0.05 	0.0 	0.0 	0.04 	0.0 	0.0 	0.23 	
18 	0.14 	0.03 	0.01 	0.01 	0.02 	0.03 	0.13 	0.01 	0.01 	0.07 	0.1 	0.11 	0.01 	0.0 	0.02 	0.04 	0.07 	0.0 	0.0 	0.19 	
19 	0.01 	0.0 	0.11 	0.07 	0.0 	0.01 	0.01 	0.75 	0.01 	0.0 	0.0 	0.0 	0.0 	0.0 	0.0 	0.01 	0.0 	0.0 	0.0 	0.01 	
20 	0.16 	0.21 	0.01 	0.0 	0.01 	0.14 	0.05 	0.01 	0.02 	0.01 	0.04 	0.26 	0.0 	0.05 	0.0 	0.0 	0.0 	0.0 	0.0 	0.02 	
21 	0.01 	0.19 	0.0 	0.0 	0.0 	0.04 	0.03 	0.0 	0.0 	0.06 	0.01 	0.1 	0.01 	0.01 	0.1 	0.02 	0.31 	0.0 	0.03 	0.1 	
22 	0.0 	0.0 	0.0 	0.0 	0.0 	0.0 	0.0 	0.0 	0.0 	0.57 	0.2 	0.0 	0.01 	0.03 	0.0 	0.0 	0.0 	0.0 	0.0 	0.2 	
23 	0.11 	0.05 	0.01 	0.04 	0.01 	0.04 	0.11 	0.03 	0.02 	0.03 	0.05 	0.1 	0.01 	0.01 	0.0 	0.09 	0.2 	0.0 	0.0 	0.09 	
24 	0.11 	0.24 	0.06 	0.11 	0.0 	0.06 	0.06 	0.07 	0.04 	0.0 	0.0 	0.08 	0.0 	0.0 	0.01 	0.14 	0.01 	0.0 	0.01 	0.0 	
25 	0.11 	0.03 	0.0 	0.0 	0.02 	0.0 	0.0 	0.02 	0.0 	0.12 	0.08 	0.01 	0.0 	0.01 	0.0 	0.02 	0.02 	0.0 	0.0 	0.55 	
26 	0.01 	0.13 	0.02 	0.22 	0.0 	0.04 	0.2 	0.0 	0.0 	0.09 	0.02 	0.03 	0.0 	0.0 	0.0 	0.06 	0.05 	0.05 	0.0 	0.08 	
27 	0.01 	0.01 	0.0 	0.0 	0.0 	0.0 	0.0 	0.01 	0.01 	0.15 	0.26 	0.0 	0.02 	0.09 	0.0 	0.04 	0.0 	0.0 	0.0 	0.4 	
28 	0.09 	0.53 	0.01 	0.01 	0.01 	0.0 	0.03 	0.02 	0.05 	0.01 	0.09 	0.02 	0.0 	0.05 	0.04 	0.0 	0.01 	0.02 	0.02 	0.0 	
29 	0.03 	0.03 	0.05 	0.02 	0.0 	0.07 	0.02 	0.0 	0.11 	0.01 	0.07 	0.02 	0.01 	0.13 	0.01 	0.01 	0.05 	0.22 	0.09 	0.06 	
30 	0.03 	0.01 	0.01 	0.02 	0.0 	0.01 	0.02 	0.04 	0.01 	0.0 	0.02 	0.01 	0.0 	0.0 	0.79 	0.03 	0.01 	0.0 	0.0 	0.0 	
31 	0.01 	0.24 	0.02 	0.02 	0.0 	0.05 	0.03 	0.0 	0.01 	0.1 	0.07 	0.2 	0.0 	0.08 	0.02 	0.05 	0.01 	0.01 	0.0 	0.08 	
32 	0.06 	0.02 	0.0 	0.02 	0.0 	0.02 	0.01 	0.0 	0.0 	0.08 	0.18 	0.01 	0.05 	0.06 	0.31 	0.06 	0.02 	0.01 	0.02 	0.06 	
33 	0.23 	0.1 	0.01 	0.11 	0.0 	0.05 	0.18 	0.03 	0.0 	0.0 	0.01 	0.1 	0.01 	0.0 	0.09 	0.05 	0.01 	0.01 	0.01 	0.01 	
34 	0.08 	0.04 	0.05 	0.25 	0.0 	0.04 	0.2 	0.03 	0.02 	0.02 	0.04 	0.01 	0.0 	0.0 	0.07 	0.03 	0.05 	0.02 	0.01 	0.03 	
35 	0.02 	0.0 	0.02 	0.01 	0.0 	0.01 	0.02 	0.0 	0.0 	0.06 	0.28 	0.01 	0.02 	0.4 	0.01 	0.04 	0.0 	0.01 	0.04 	0.06 	
36 	0.22 	0.01 	0.03 	0.08 	0.01 	0.06 	0.08 	0.01 	0.0 	0.1 	0.09 	0.04 	0.01 	0.0 	0.03 	0.07 	0.07 	0.0 	0.0 	0.09 	
37 	0.18 	0.06 	0.02 	0.07 	0.0 	0.09 	0.14 	0.02 	0.03 	0.01 	0.01 	0.11 	0.0 	0.01 	0.0 	0.15 	0.06 	0.0 	0.01 	0.03 	
38 	0.1 	0.22 	0.05 	0.03 	0.01 	0.12 	0.08 	0.05 	0.02 	0.01 	0.13 	0.04 	0.02 	0.01 	0.01 	0.03 	0.03 	0.0 	0.01 	0.02 	
39 	0.03 	0.0 	0.0 	0.0 	0.01 	0.0 	0.0 	0.0 	0.0 	0.12 	0.73 	0.0 	0.03 	0.0 	0.0 	0.0 	0.01 	0.0 	0.0 	0.07 	
40 	0.09 	0.05 	0.05 	0.0 	0.01 	0.06 	0.09 	0.0 	0.01 	0.09 	0.04 	0.08 	0.0 	0.0 	0.05 	0.09 	0.18 	0.0 	0.0 	0.1 	
41 	0.01 	0.01 	0.1 	0.07 	0.0 	0.02 	0.0 	0.76 	0.01 	0.0 	0.0 	0.01 	0.0 	0.0 	0.0 	0.01 	0.0 	0.0 	0.0 	0.0 	
42 	0.09 	0.22 	0.01 	0.0 	0.02 	0.28 	0.07 	0.0 	0.04 	0.0 	0.06 	0.11 	0.01 	0.0 	0.0 	0.03 	0.03 	0.0 	0.01 	0.01 	
43 	0.02 	0.21 	0.01 	0.0 	0.01 	0.05 	0.03 	0.0 	0.02 	0.03 	0.04 	0.11 	0.0 	0.01 	0.04 	0.03 	0.24 	0.0 	0.01 	0.13 	
44 	0.0 	0.0 	0.0 	0.0 	0.0 	0.0 	0.0 	0.0 	0.0 	0.48 	0.1 	0.0 	0.01 	0.07 	0.0 	0.01 	0.0 	0.0 	0.0 	0.34 	
45 	0.04 	0.15 	0.03 	0.03 	0.0 	0.06 	0.07 	0.06 	0.01 	0.04 	0.17 	0.01 	0.0 	0.01 	0.0 	0.04 	0.17 	0.0 	0.01 	0.08 	
46 	0.16 	0.11 	0.07 	0.1 	0.0 	0.05 	0.08 	0.13 	0.03 	0.0 	0.0 	0.06 	0.0 	0.0 	0.0 	0.15 	0.05 	0.0 	0.0 	0.0 	
47 	0.09 	0.0 	0.0 	0.0 	0.01 	0.0 	0.0 	0.0 	0.0 	0.25 	0.19 	0.0 	0.03 	0.02 	0.01 	0.0 	0.03 	0.09 	0.0 	0.28 	
48 	0.05 	0.14 	0.01 	0.1 	0.0 	0.05 	0.17 	0.13 	0.03 	0.02 	0.02 	0.08 	0.01 	0.0 	0.0 	0.13 	0.06 	0.0 	0.0 	0.0 	
49 	0.04 	0.85 	0.02 	0.0 	0.0 	0.0 	0.0 	0.0 	0.0 	0.0 	0.0 	0.0 	0.0 	0.0 	0.02 	0.02 	0.05 	0.0 	0.0 	0.0 	
50 	0.0 	0.87 	0.0 	0.0 	0.0 	0.01 	0.01 	0.0 	0.0 	0.0 	0.02 	0.03 	0.0 	0.0 	0.0 	0.0 	0.0 	0.04 	0.02 	0.0 	
51 	0.34 	0.0 	0.0 	0.0 	0.0 	0.0 	0.0 	0.63 	0.0 	0.0 	0.0 	0.0 	0.0 	0.0 	0.0 	0.03 	0.0 	0.0 	0.0 	0.0 	
52 	0.0 	0.0 	0.0 	0.0 	0.0 	0.0 	0.0 	0.0 	0.0 	0.0 	0.0 	1.0 	0.0 	0.0 	0.0 	0.0 	0.0 	0.0 	0.0 	0.0 	
53 	0.05 	0.0 	0.02 	0.0 	0.0 	0.0 	0.0 	0.0 	0.08 	0.0 	0.01 	0.0 	0.0 	0.1 	0.0 	0.0 	0.0 	0.02 	0.73 	0.0 	
54 	0.0 	0.0 	0.0 	0.0 	0.0 	0.0 	0.0 	0.02 	0.0 	0.14 	0.82 	0.0 	0.02 	0.0 	0.0 	0.0 	0.01 	0.0 	0.0 	0.0 	
55 	0.01 	0.0 	0.0 	0.0 	0.0 	0.0 	0.0 	0.0 	0.0 	0.17 	0.58 	0.0 	0.02 	0.07 	0.0 	0.01 	0.01 	0.1 	0.0 	0.02 	
56 	0.12 	0.0 	0.0 	0.0 	0.0 	0.0 	0.01 	0.01 	0.04 	0.24 	0.25 	0.0 	0.03 	0.17 	0.0 	0.01 	0.06 	0.01 	0.01 	0.04 	
57 	0.03 	0.14 	0.04 	0.16 	0.01 	0.03 	0.16 	0.01 	0.17 	0.0 	0.02 	0.02 	0.0 	0.06 	0.04 	0.03 	0.04 	0.01 	0.03 	0.02 	
58 	0.02 	0.01 	0.01 	0.0 	0.03 	0.0 	0.0 	0.0 	0.0 	0.04 	0.48 	0.0 	0.02 	0.18 	0.0 	0.01 	0.11 	0.0 	0.04 	0.04 	
59 	0.05 	0.01 	0.05 	0.23 	0.0 	0.02 	0.16 	0.06 	0.01 	0.01 	0.0 	0.02 	0.0 	0.0 	0.04 	0.21 	0.08 	0.0 	0.0 	0.05 	
60 	0.08 	0.05 	0.15 	0.16 	0.01 	0.06 	0.06 	0.16 	0.04 	0.0 	0.0 	0.03 	0.0 	0.01 	0.01 	0.1 	0.05 	0.0 	0.0 	0.03 	
61 	0.02 	0.02 	0.08 	0.17 	0.0 	0.01 	0.04 	0.54 	0.01 	0.0 	0.0 	0.03 	0.0 	0.0 	0.01 	0.04 	0.02 	0.0 	0.0 	0.0 	
62 	0.05 	0.04 	0.01 	0.09 	0.02 	0.04 	0.07 	0.06 	0.01 	0.03 	0.19 	0.03 	0.02 	0.02 	0.05 	0.03 	0.05 	0.09 	0.06 	0.03 	
63 	0.14 	0.02 	0.0 	0.01 	0.0 	0.02 	0.02 	0.02 	0.02 	0.08 	0.06 	0.0 	0.01 	0.03 	0.0 	0.1 	0.27 	0.02 	0.03 	0.15 	
64 	0.01 	0.0 	0.0 	0.0 	0.0 	0.01 	0.0 	0.0 	0.0 	0.22 	0.55 	0.0 	0.08 	0.01 	0.0 	0.0 	0.0 	0.01 	0.0 	0.1 	
65 	0.02 	0.0 	0.0 	0.0 	0.0 	0.0 	0.0 	0.03 	0.06 	0.26 	0.19 	0.0 	0.01 	0.01 	0.01 	0.01 	0.02 	0.03 	0.05 	0.3 	
66 	0.06 	0.01 	0.02 	0.01 	0.01 	0.01 	0.01 	0.05 	0.01 	0.1 	0.08 	0.01 	0.04 	0.04 	0.01 	0.27 	0.01 	0.01 	0.01 	0.24 	
67 	0.0 	0.0 	0.0 	0.0 	0.0 	0.0 	0.0 	0.0 	0.98 	0.0 	0.0 	0.0 	0.0 	0.0 	0.0 	0.0 	0.02 	0.0 	0.0 	0.0 	
68 	0.0 	0.0 	0.05 	0.0 	0.0 	0.0 	0.0 	0.0 	0.0 	0.0 	0.92 	0.0 	0.01 	0.02 	0.0 	0.0 	0.0 	0.0 	0.0 	0.0 	
69 	0.0 	0.29 	0.0 	0.0 	0.0 	0.07 	0.0 	0.63 	0.0 	0.0 	0.0 	0.01 	0.0 	0.0 	0.0 	0.0 	0.0 	0.0 	0.0 	0.0 	
70 	0.0 	0.0 	0.0 	0.0 	0.0 	0.0 	0.0 	0.0 	0.0 	0.0 	0.1 	0.0 	0.9 	0.0 	0.0 	0.0 	0.0 	0.0 	0.0 	0.0 	
71 	0.0 	0.0 	0.0 	0.03 	0.0 	0.0 	0.13 	0.0 	0.0 	0.0 	0.0 	0.0 	0.0 	0.0 	0.0 	0.54 	0.21 	0.0 	0.08 	0.0 	
72 	0.0 	0.0 	0.0 	0.0 	0.0 	0.0 	0.0 	1.0 	0.0 	0.0 	0.0 	0.0 	0.0 	0.0 	0.0 	0.0 	0.0 	0.0 	0.0 	0.0 	
73 	0.01 	0.13 	0.03 	0.0 	0.0 	0.14 	0.01 	0.02 	0.02 	0.01 	0.0 	0.14 	0.02 	0.01 	0.0 	0.3 	0.08 	0.0 	0.02 	0.06 	
74 	0.01 	0.0 	0.0 	0.0 	0.0 	0.0 	0.0 	0.01 	0.0 	0.03 	0.36 	0.0 	0.07 	0.16 	0.0 	0.01 	0.0 	0.16 	0.12 	0.05 	
75 	0.04 	0.46 	0.01 	0.01 	0.0 	0.05 	0.02 	0.04 	0.03 	0.01 	0.14 	0.05 	0.0 	0.03 	0.0 	0.04 	0.05 	0.0 	0.02 	0.0 	
76 	0.01 	0.04 	0.0 	0.0 	0.0 	0.01 	0.0 	0.0 	0.0 	0.18 	0.26 	0.0 	0.02 	0.08 	0.01 	0.0 	0.0 	0.04 	0.01 	0.33 	
77 	0.04 	0.01 	0.01 	0.02 	0.01 	0.04 	0.07 	0.03 	0.05 	0.06 	0.19 	0.01 	0.01 	0.06 	0.03 	0.03 	0.01 	0.0 	0.07 	0.23 	
78 	0.08 	0.02 	0.05 	0.11 	0.0 	0.06 	0.17 	0.03 	0.02 	0.01 	0.02 	0.03 	0.0 	0.02 	0.19 	0.06 	0.06 	0.03 	0.02 	0.02 	
79 	0.23 	0.03 	0.03 	0.09 	0.02 	0.04 	0.06 	0.05 	0.02 	0.02 	0.04 	0.04 	0.01 	0.01 	0.16 	0.05 	0.08 	0.0 	0.0 	0.03 	
80 	0.12 	0.03 	0.08 	0.06 	0.0 	0.02 	0.05 	0.28 	0.02 	0.02 	0.04 	0.04 	0.01 	0.01 	0.05 	0.08 	0.07 	0.0 	0.01 	0.01 	
81 	0.06 	0.02 	0.04 	0.08 	0.0 	0.1 	0.2 	0.03 	0.02 	0.01 	0.05 	0.04 	0.01 	0.01 	0.05 	0.07 	0.11 	0.03 	0.02 	0.03 	
82 	0.09 	0.04 	0.03 	0.14 	0.0 	0.04 	0.17 	0.02 	0.04 	0.03 	0.06 	0.04 	0.0 	0.01 	0.1 	0.08 	0.07 	0.0 	0.01 	0.04 	
83 	0.08 	0.02 	0.01 	0.02 	0.01 	0.04 	0.05 	0.05 	0.01 	0.02 	0.04 	0.02 	0.0 	0.03 	0.45 	0.03 	0.05 	0.01 	0.01 	0.03 	
84 	0.11 	0.05 	0.02 	0.03 	0.03 	0.08 	0.11 	0.14 	0.01 	0.0 	0.02 	0.03 	0.0 	0.01 	0.29 	0.02 	0.02 	0.0 	0.0 	0.02 	
85 	0.12 	0.04 	0.02 	0.05 	0.0 	0.03 	0.05 	0.02 	0.02 	0.04 	0.1 	0.09 	0.01 	0.01 	0.15 	0.04 	0.09 	0.0 	0.0 	0.12 	
86 	0.14 	0.03 	0.06 	0.08 	0.02 	0.03 	0.12 	0.06 	0.09 	0.02 	0.05 	0.05 	0.01 	0.07 	0.04 	0.04 	0.05 	0.0 	0.01 	0.03 	
87 	0.03 	0.12 	0.01 	0.03 	0.01 	0.0 	0.0 	0.04 	0.13 	0.02 	0.03 	0.47 	0.0 	0.0 	0.03 	0.01 	0.04 	0.0 	0.01 	0.01 	
88 	0.0 	0.04 	0.0 	0.02 	0.0 	0.04 	0.0 	0.0 	0.78 	0.01 	0.01 	0.0 	0.01 	0.0 	0.0 	0.01 	0.01 	0.0 	0.01 	0.06 	
89 	0.05 	0.0 	0.0 	0.38 	0.0 	0.01 	0.05 	0.01 	0.0 	0.04 	0.17 	0.0 	0.0 	0.03 	0.03 	0.01 	0.17 	0.0 	0.0 	0.05 	
90 	0.02 	0.36 	0.0 	0.02 	0.0 	0.01 	0.01 	0.0 	0.53 	0.01 	0.01 	0.01 	0.0 	0.0 	0.0 	0.0 	0.01 	0.0 	0.0 	0.01 	
91 	0.04 	0.0 	0.0 	0.0 	0.0 	0.0 	0.0 	0.01 	0.0 	0.18 	0.14 	0.0 	0.05 	0.06 	0.01 	0.03 	0.01 	0.0 	0.0 	0.46 	
92 	0.02 	0.21 	0.01 	0.25 	0.0 	0.01 	0.08 	0.0 	0.0 	0.13 	0.01 	0.04 	0.0 	0.02 	0.0 	0.03 	0.02 	0.01 	0.02 	0.14 	
93 	0.04 	0.0 	0.0 	0.03 	0.01 	0.0 	0.0 	0.0 	0.0 	0.15 	0.39 	0.0 	0.05 	0.27 	0.0 	0.01 	0.0 	0.03 	0.0 	0.02 	
94 	0.04 	0.07 	0.01 	0.05 	0.01 	0.07 	0.16 	0.05 	0.08 	0.04 	0.05 	0.03 	0.0 	0.05 	0.01 	0.03 	0.04 	0.02 	0.01 	0.17 	
95 	0.04 	0.01 	0.02 	0.03 	0.0 	0.0 	0.01 	0.04 	0.01 	0.01 	0.26 	0.03 	0.06 	0.29 	0.01 	0.01 	0.16 	0.0 	0.0 	0.01 	
96 	0.17 	0.01 	0.06 	0.15 	0.0 	0.04 	0.12 	0.07 	0.07 	0.0 	0.0 	0.04 	0.0 	0.0 	0.01 	0.11 	0.12 	0.0 	0.0 	0.01 	
97 	0.02 	0.03 	0.23 	0.46 	0.0 	0.02 	0.05 	0.04 	0.02 	0.0 	0.02 	0.02 	0.0 	0.0 	0.01 	0.08 	0.01 	0.0 	0.0 	0.0 	
98 	0.02 	0.06 	0.08 	0.02 	0.0 	0.03 	0.04 	0.58 	0.1 	0.0 	0.0 	0.04 	0.0 	0.0 	0.0 	0.01 	0.0 	0.0 	0.0 	0.0 	
99 	0.09 	0.09 	0.01 	0.02 	0.02 	0.07 	0.05 	0.04 	0.01 	0.01 	0.06 	0.09 	0.03 	0.01 	0.01 	0.09 	0.18 	0.01 	0.01 	0.1 	
100 	0.08 	0.06 	0.0 	0.02 	0.02 	0.05 	0.17 	0.01 	0.0 	0.14 	0.06 	0.03 	0.02 	0.01 	0.01 	0.08 	0.06 	0.0 	0.0 	0.18 	
101 	0.01 	0.01 	0.0 	0.0 	0.01 	0.0 	0.0 	0.01 	0.01 	0.09 	0.67 	0.0 	0.03 	0.08 	0.0 	0.0 	0.01 	0.01 	0.01 	0.06 	
102 	0.01 	0.51 	0.02 	0.02 	0.0 	0.01 	0.02 	0.04 	0.09 	0.04 	0.09 	0.0 	0.0 	0.01 	0.0 	0.04 	0.04 	0.01 	0.01 	0.04 	
103 	0.01 	0.01 	0.0 	0.0 	0.0 	0.0 	0.0 	0.0 	0.01 	0.01 	0.14 	0.01 	0.03 	0.3 	0.01 	0.0 	0.01 	0.0 	0.43 	0.04 	
104 	0.01 	0.19 	0.33 	0.04 	0.0 	0.01 	0.01 	0.02 	0.05 	0.01 	0.0 	0.04 	0.0 	0.0 	0.0 	0.09 	0.14 	0.0 	0.0 	0.05 	
105 	0.11 	0.01 	0.01 	0.46 	0.0 	0.0 	0.03 	0.04 	0.0 	0.0 	0.02 	0.01 	0.0 	0.17 	0.01 	0.04 	0.01 	0.0 	0.09 	0.0 	
106 	0.06 	0.03 	0.07 	0.0 	0.0 	0.01 	0.01 	0.13 	0.0 	0.01 	0.01 	0.0 	0.0 	0.0 	0.5 	0.12 	0.01 	0.0 	0.01 	0.04 	
107 	0.08 	0.2 	0.02 	0.38 	0.01 	0.0 	0.05 	0.09 	0.0 	0.0 	0.0 	0.01 	0.0 	0.01 	0.0 	0.06 	0.04 	0.0 	0.01 	0.05 	
108 	0.05 	0.07 	0.0 	0.0 	0.01 	0.02 	0.0 	0.01 	0.0 	0.17 	0.18 	0.02 	0.16 	0.01 	0.06 	0.01 	0.03 	0.0 	0.02 	0.2 	
109 	0.08 	0.25 	0.0 	0.18 	0.0 	0.03 	0.15 	0.04 	0.04 	0.02 	0.03 	0.02 	0.0 	0.02 	0.01 	0.03 	0.02 	0.02 	0.0 	0.06 	
110 	0.05 	0.05 	0.0 	0.0 	0.01 	0.01 	0.0 	0.0 	0.0 	0.1 	0.49 	0.03 	0.11 	0.07 	0.01 	0.0 	0.0 	0.05 	0.0 	0.03 	
111 	0.05 	0.07 	0.03 	0.0 	0.01 	0.0 	0.01 	0.0 	0.01 	0.04 	0.34 	0.0 	0.03 	0.1 	0.01 	0.0 	0.02 	0.1 	0.01 	0.17 	
112 	0.06 	0.11 	0.04 	0.19 	0.0 	0.01 	0.05 	0.07 	0.01 	0.01 	0.02 	0.02 	0.01 	0.03 	0.04 	0.05 	0.17 	0.09 	0.0 	0.01 	
113 	0.08 	0.1 	0.04 	0.02 	0.0 	0.04 	0.04 	0.03 	0.0 	0.0 	0.03 	0.01 	0.01 	0.0 	0.21 	0.02 	0.31 	0.0 	0.02 	0.02 	
114 	0.11 	0.11 	0.04 	0.19 	0.0 	0.03 	0.31 	0.05 	0.0 	0.0 	0.04 	0.01 	0.02 	0.0 	0.02 	0.04 	0.01 	0.0 	0.0 	0.01 	
115 	0.1 	0.09 	0.05 	0.13 	0.0 	0.19 	0.14 	0.04 	0.01 	0.0 	0.01 	0.04 	0.01 	0.0 	0.05 	0.03 	0.11 	0.0 	0.0 	0.0 	
116 	0.07 	0.04 	0.0 	0.0 	0.0 	0.01 	0.04 	0.02 	0.0 	0.11 	0.48 	0.0 	0.0 	0.07 	0.06 	0.0 	0.0 	0.01 	0.0 	0.08 	
117 	0.21 	0.03 	0.0 	0.13 	0.0 	0.04 	0.09 	0.07 	0.04 	0.0 	0.12 	0.0 	0.02 	0.01 	0.03 	0.02 	0.1 	0.0 	0.05 	0.02 	
118 	0.21 	0.02 	0.04 	0.05 	0.0 	0.07 	0.22 	0.05 	0.06 	0.01 	0.01 	0.02 	0.0 	0.0 	0.04 	0.08 	0.12 	0.0 	0.0 	0.01 	
119 	0.0 	0.0 	0.0 	0.0 	0.0 	0.03 	0.05 	0.0 	0.75 	0.0 	0.02 	0.0 	0.01 	0.02 	0.0 	0.0 	0.02 	0.05 	0.06 	0.0 	
120 	0.03 	0.03 	0.0 	0.04 	0.0 	0.0 	0.03 	0.0 	0.0 	0.0 	0.0 	0.03 	0.0 	0.0 	0.77 	0.02 	0.0 	0.01 	0.0 	0.02 	
121 	0.0 	0.0 	0.0 	0.0 	0.0 	0.0 	0.0 	0.0 	0.0 	0.0 	0.62 	0.0 	0.02 	0.24 	0.02 	0.03 	0.0 	0.03 	0.03 	0.01 	
122 	0.0 	0.02 	0.0 	0.0 	0.0 	0.0 	0.0 	0.0 	0.0 	0.03 	0.8 	0.0 	0.0 	0.13 	0.0 	0.0 	0.0 	0.0 	0.03 	0.0 	
123 	0.13 	0.21 	0.01 	0.0 	0.0 	0.25 	0.07 	0.0 	0.0 	0.01 	0.07 	0.19 	0.0 	0.0 	0.0 	0.03 	0.02 	0.0 	0.0 	0.0 	
124 	0.0 	0.52 	0.0 	0.0 	0.0 	0.0 	0.0 	0.0 	0.0 	0.0 	0.0 	0.48 	0.0 	0.0 	0.0 	0.0 	0.0 	0.0 	0.0 	0.0 	
