	A 	R 	N 	D 	C 	Q 	E 	G 	H 	I 	L 	K 	M 	F 	P 	S 	T 	W 	Y 	V 	
1 	0.0 	0.0 	0.3 	0.67 	0.0 	0.0 	0.0 	0.0 	0.02 	0.0 	0.0 	0.0 	0.0 	0.0 	0.0 	0.0 	0.0 	0.0 	0.0 	0.0 	
2 	0.0 	0.78 	0.0 	0.0 	0.0 	0.0 	0.0 	0.0 	0.0 	0.0 	0.0 	0.22 	0.0 	0.0 	0.0 	0.0 	0.0 	0.0 	0.0 	0.0 	
3 	0.06 	0.01 	0.01 	0.23 	0.0 	0.02 	0.49 	0.02 	0.01 	0.04 	0.0 	0.08 	0.0 	0.01 	0.0 	0.01 	0.0 	0.0 	0.01 	0.0 	
4 	0.06 	0.19 	0.01 	0.0 	0.0 	0.02 	0.12 	0.22 	0.0 	0.02 	0.05 	0.16 	0.02 	0.04 	0.0 	0.02 	0.01 	0.02 	0.0 	0.04 	
5 	0.04 	0.0 	0.0 	0.12 	0.0 	0.0 	0.01 	0.0 	0.0 	0.26 	0.05 	0.0 	0.01 	0.34 	0.0 	0.06 	0.1 	0.0 	0.01 	0.0 	
6 	0.02 	0.42 	0.01 	0.02 	0.0 	0.08 	0.02 	0.01 	0.01 	0.0 	0.0 	0.26 	0.01 	0.0 	0.0 	0.08 	0.02 	0.0 	0.02 	0.0 	
7 	0.03 	0.26 	0.01 	0.1 	0.0 	0.04 	0.08 	0.01 	0.01 	0.0 	0.02 	0.37 	0.0 	0.0 	0.0 	0.01 	0.03 	0.0 	0.0 	0.02 	
8 	0.01 	0.0 	0.0 	0.0 	0.01 	0.02 	0.01 	0.0 	0.01 	0.05 	0.69 	0.01 	0.02 	0.09 	0.0 	0.0 	0.04 	0.0 	0.0 	0.02 	
9 	0.38 	0.0 	0.0 	0.0 	0.03 	0.0 	0.02 	0.0 	0.0 	0.03 	0.23 	0.0 	0.01 	0.12 	0.0 	0.02 	0.01 	0.03 	0.03 	0.08 	
10 	0.35 	0.01 	0.01 	0.01 	0.01 	0.01 	0.02 	0.02 	0.02 	0.04 	0.09 	0.08 	0.1 	0.04 	0.01 	0.05 	0.02 	0.05 	0.04 	0.03 	
11 	0.07 	0.09 	0.04 	0.11 	0.0 	0.14 	0.28 	0.01 	0.0 	0.0 	0.01 	0.2 	0.0 	0.0 	0.0 	0.02 	0.01 	0.0 	0.0 	0.01 	
12 	0.07 	0.07 	0.03 	0.07 	0.0 	0.07 	0.2 	0.05 	0.01 	0.02 	0.02 	0.15 	0.0 	0.01 	0.01 	0.13 	0.08 	0.0 	0.0 	0.01 	
13 	0.2 	0.01 	0.01 	0.0 	0.01 	0.0 	0.01 	0.0 	0.09 	0.04 	0.47 	0.01 	0.02 	0.02 	0.0 	0.01 	0.01 	0.0 	0.03 	0.05 	
14 	0.02 	0.01 	0.11 	0.03 	0.0 	0.01 	0.02 	0.68 	0.02 	0.0 	0.0 	0.07 	0.0 	0.0 	0.01 	0.02 	0.0 	0.0 	0.0 	0.0 	
15 	0.01 	0.0 	0.0 	0.0 	0.0 	0.0 	0.01 	0.0 	0.0 	0.42 	0.36 	0.0 	0.01 	0.0 	0.0 	0.0 	0.0 	0.0 	0.0 	0.19 	
16 	0.07 	0.07 	0.02 	0.02 	0.0 	0.01 	0.02 	0.01 	0.01 	0.0 	0.02 	0.1 	0.0 	0.0 	0.59 	0.04 	0.01 	0.0 	0.0 	0.02 	
17 	0.02 	0.02 	0.05 	0.01 	0.01 	0.2 	0.0 	0.01 	0.01 	0.02 	0.02 	0.01 	0.0 	0.0 	0.0 	0.03 	0.42 	0.0 	0.0 	0.19 	
18 	0.26 	0.0 	0.0 	0.0 	0.0 	0.01 	0.01 	0.03 	0.0 	0.02 	0.03 	0.0 	0.0 	0.0 	0.38 	0.09 	0.06 	0.0 	0.0 	0.11 	
19 	0.08 	0.12 	0.03 	0.1 	0.0 	0.03 	0.09 	0.02 	0.0 	0.01 	0.02 	0.15 	0.01 	0.0 	0.31 	0.01 	0.01 	0.0 	0.0 	0.01 	
20 	0.01 	0.0 	0.05 	0.0 	0.0 	0.0 	0.01 	0.15 	0.02 	0.0 	0.0 	0.0 	0.01 	0.18 	0.0 	0.03 	0.03 	0.11 	0.38 	0.01 	
21 	0.12 	0.14 	0.01 	0.01 	0.01 	0.06 	0.08 	0.1 	0.02 	0.05 	0.08 	0.09 	0.02 	0.01 	0.0 	0.04 	0.04 	0.01 	0.03 	0.07 	
22 	0.06 	0.02 	0.01 	0.02 	0.0 	0.01 	0.03 	0.01 	0.0 	0.06 	0.11 	0.03 	0.02 	0.14 	0.02 	0.04 	0.14 	0.0 	0.09 	0.18 	
23 	0.34 	0.01 	0.0 	0.0 	0.02 	0.0 	0.01 	0.01 	0.0 	0.1 	0.18 	0.01 	0.01 	0.06 	0.01 	0.01 	0.01 	0.0 	0.01 	0.19 	
24 	0.05 	0.08 	0.08 	0.14 	0.01 	0.03 	0.07 	0.03 	0.03 	0.01 	0.02 	0.07 	0.0 	0.02 	0.01 	0.08 	0.21 	0.01 	0.04 	0.02 	
25 	0.04 	0.06 	0.11 	0.14 	0.0 	0.02 	0.05 	0.02 	0.0 	0.0 	0.0 	0.05 	0.0 	0.0 	0.03 	0.29 	0.16 	0.0 	0.01 	0.01 	
26 	0.1 	0.05 	0.02 	0.04 	0.0 	0.03 	0.14 	0.03 	0.01 	0.04 	0.11 	0.08 	0.02 	0.06 	0.08 	0.02 	0.03 	0.0 	0.04 	0.09 	
27 	0.1 	0.01 	0.05 	0.19 	0.0 	0.05 	0.38 	0.01 	0.01 	0.0 	0.01 	0.04 	0.0 	0.0 	0.02 	0.06 	0.05 	0.0 	0.01 	0.01 	
28 	0.06 	0.02 	0.02 	0.17 	0.01 	0.05 	0.41 	0.02 	0.0 	0.03 	0.03 	0.03 	0.01 	0.0 	0.02 	0.05 	0.03 	0.0 	0.01 	0.03 	
29 	0.35 	0.01 	0.01 	0.0 	0.01 	0.01 	0.0 	0.03 	0.01 	0.07 	0.18 	0.01 	0.01 	0.1 	0.01 	0.02 	0.03 	0.04 	0.04 	0.08 	
30 	0.07 	0.13 	0.03 	0.07 	0.01 	0.06 	0.09 	0.01 	0.01 	0.06 	0.12 	0.15 	0.0 	0.01 	0.01 	0.03 	0.02 	0.0 	0.02 	0.09 	
31 	0.22 	0.07 	0.04 	0.06 	0.0 	0.08 	0.21 	0.01 	0.02 	0.02 	0.03 	0.11 	0.0 	0.0 	0.01 	0.06 	0.02 	0.0 	0.01 	0.02 	
32 	0.27 	0.01 	0.01 	0.01 	0.01 	0.02 	0.05 	0.01 	0.01 	0.16 	0.06 	0.06 	0.01 	0.09 	0.0 	0.02 	0.01 	0.0 	0.04 	0.15 	
33 	0.33 	0.01 	0.01 	0.0 	0.05 	0.01 	0.08 	0.02 	0.0 	0.12 	0.1 	0.01 	0.01 	0.04 	0.01 	0.04 	0.02 	0.01 	0.0 	0.14 	
34 	0.12 	0.05 	0.06 	0.14 	0.0 	0.08 	0.27 	0.04 	0.01 	0.01 	0.01 	0.12 	0.01 	0.0 	0.01 	0.04 	0.03 	0.0 	0.0 	0.0 	
35 	0.08 	0.12 	0.03 	0.05 	0.01 	0.05 	0.24 	0.02 	0.01 	0.01 	0.02 	0.2 	0.01 	0.01 	0.02 	0.05 	0.05 	0.0 	0.0 	0.02 	
36 	0.01 	0.0 	0.0 	0.0 	0.01 	0.01 	0.0 	0.0 	0.01 	0.29 	0.38 	0.01 	0.02 	0.08 	0.01 	0.0 	0.02 	0.02 	0.01 	0.1 	
37 	0.01 	0.01 	0.02 	0.03 	0.0 	0.0 	0.02 	0.78 	0.01 	0.0 	0.0 	0.02 	0.0 	0.0 	0.01 	0.05 	0.03 	0.0 	0.0 	0.0 	
38 	0.04 	0.01 	0.01 	0.01 	0.0 	0.0 	0.01 	0.03 	0.0 	0.02 	0.16 	0.01 	0.01 	0.21 	0.01 	0.03 	0.01 	0.02 	0.39 	0.01 	
39 	0.01 	0.02 	0.0 	0.01 	0.0 	0.01 	0.01 	0.0 	0.0 	0.0 	0.01 	0.01 	0.0 	0.0 	0.89 	0.01 	0.0 	0.0 	0.0 	0.0 	
40 	0.04 	0.0 	0.01 	0.0 	0.14 	0.01 	0.0 	0.01 	0.0 	0.1 	0.16 	0.0 	0.04 	0.04 	0.0 	0.0 	0.0 	0.0 	0.04 	0.4 	
41 	0.02 	0.0 	0.0 	0.0 	0.01 	0.0 	0.0 	0.0 	0.01 	0.16 	0.13 	0.0 	0.09 	0.25 	0.0 	0.0 	0.0 	0.0 	0.0 	0.34 	
42 	0.01 	0.0 	0.0 	0.0 	0.0 	0.0 	0.0 	0.0 	0.0 	0.26 	0.11 	0.0 	0.01 	0.0 	0.0 	0.0 	0.01 	0.0 	0.0 	0.59 	
43 	0.0 	0.18 	0.0 	0.0 	0.0 	0.0 	0.0 	0.0 	0.0 	0.0 	0.0 	0.82 	0.0 	0.0 	0.0 	0.0 	0.0 	0.0 	0.0 	0.0 	
44 	0.2 	0.01 	0.01 	0.0 	0.0 	0.01 	0.01 	0.01 	0.0 	0.01 	0.0 	0.0 	0.0 	0.0 	0.7 	0.04 	0.01 	0.0 	0.0 	0.0 	
45 	0.3 	0.04 	0.04 	0.01 	0.01 	0.03 	0.01 	0.01 	0.0 	0.04 	0.02 	0.01 	0.0 	0.0 	0.01 	0.31 	0.03 	0.0 	0.01 	0.13 	
46 	0.08 	0.13 	0.14 	0.02 	0.0 	0.02 	0.04 	0.02 	0.05 	0.01 	0.02 	0.03 	0.11 	0.03 	0.0 	0.04 	0.04 	0.01 	0.17 	0.03 	
47 	0.01 	0.0 	0.0 	0.0 	0.0 	0.0 	0.01 	0.29 	0.01 	0.0 	0.01 	0.01 	0.0 	0.0 	0.0 	0.44 	0.03 	0.0 	0.01 	0.18 	
48 	0.01 	0.04 	0.0 	0.01 	0.0 	0.03 	0.02 	0.07 	0.0 	0.12 	0.2 	0.24 	0.01 	0.02 	0.0 	0.07 	0.01 	0.0 	0.0 	0.16 	
49 	0.01 	0.0 	0.0 	0.0 	0.01 	0.0 	0.0 	0.9 	0.0 	0.0 	0.0 	0.0 	0.0 	0.0 	0.0 	0.06 	0.0 	0.01 	0.0 	0.01 	
50 	0.01 	0.01 	0.02 	0.0 	0.01 	0.12 	0.0 	0.29 	0.01 	0.17 	0.03 	0.01 	0.04 	0.01 	0.0 	0.1 	0.03 	0.0 	0.0 	0.14 	
51 	0.04 	0.23 	0.01 	0.0 	0.0 	0.03 	0.01 	0.03 	0.01 	0.03 	0.01 	0.03 	0.01 	0.03 	0.0 	0.34 	0.09 	0.02 	0.04 	0.05 	
52 	0.13 	0.06 	0.0 	0.0 	0.0 	0.01 	0.0 	0.12 	0.01 	0.11 	0.05 	0.23 	0.01 	0.03 	0.0 	0.02 	0.01 	0.0 	0.01 	0.19 	
53 	0.1 	0.0 	0.0 	0.0 	0.04 	0.0 	0.0 	0.02 	0.0 	0.13 	0.06 	0.0 	0.2 	0.0 	0.01 	0.01 	0.01 	0.0 	0.0 	0.43 	
54 	0.04 	0.15 	0.07 	0.05 	0.01 	0.04 	0.16 	0.01 	0.05 	0.03 	0.01 	0.18 	0.01 	0.03 	0.0 	0.03 	0.08 	0.0 	0.02 	0.02 	
55 	0.03 	0.02 	0.13 	0.08 	0.0 	0.01 	0.05 	0.03 	0.01 	0.16 	0.03 	0.07 	0.01 	0.0 	0.0 	0.19 	0.09 	0.0 	0.0 	0.08 	
56 	0.18 	0.07 	0.01 	0.03 	0.01 	0.02 	0.12 	0.0 	0.01 	0.04 	0.05 	0.09 	0.01 	0.01 	0.06 	0.01 	0.02 	0.01 	0.0 	0.24 	
57 	0.09 	0.03 	0.04 	0.12 	0.0 	0.03 	0.28 	0.03 	0.07 	0.01 	0.0 	0.05 	0.0 	0.01 	0.0 	0.07 	0.04 	0.01 	0.1 	0.02 	
58 	0.03 	0.01 	0.11 	0.27 	0.0 	0.08 	0.29 	0.04 	0.02 	0.0 	0.0 	0.02 	0.0 	0.0 	0.0 	0.08 	0.03 	0.0 	0.01 	0.01 	
59 	0.07 	0.02 	0.01 	0.05 	0.01 	0.03 	0.1 	0.01 	0.01 	0.11 	0.29 	0.02 	0.03 	0.06 	0.03 	0.02 	0.02 	0.0 	0.03 	0.09 	
60 	0.12 	0.05 	0.03 	0.13 	0.01 	0.08 	0.25 	0.02 	0.01 	0.04 	0.03 	0.06 	0.0 	0.01 	0.07 	0.04 	0.02 	0.01 	0.0 	0.01 	
61 	0.18 	0.03 	0.04 	0.11 	0.0 	0.09 	0.25 	0.02 	0.02 	0.02 	0.01 	0.08 	0.01 	0.0 	0.03 	0.05 	0.04 	0.0 	0.01 	0.02 	
62 	0.49 	0.01 	0.01 	0.0 	0.01 	0.01 	0.01 	0.04 	0.0 	0.02 	0.26 	0.01 	0.01 	0.01 	0.01 	0.04 	0.01 	0.0 	0.0 	0.04 	
63 	0.04 	0.07 	0.01 	0.01 	0.01 	0.03 	0.08 	0.01 	0.01 	0.1 	0.19 	0.05 	0.01 	0.11 	0.01 	0.01 	0.02 	0.12 	0.06 	0.06 	
64 	0.11 	0.09 	0.05 	0.15 	0.0 	0.09 	0.21 	0.01 	0.02 	0.01 	0.02 	0.1 	0.0 	0.01 	0.01 	0.06 	0.05 	0.0 	0.01 	0.02 	
65 	0.08 	0.02 	0.01 	0.04 	0.0 	0.04 	0.11 	0.02 	0.01 	0.02 	0.14 	0.06 	0.01 	0.06 	0.01 	0.03 	0.04 	0.0 	0.25 	0.04 	
66 	0.46 	0.0 	0.0 	0.0 	0.01 	0.0 	0.0 	0.02 	0.01 	0.09 	0.15 	0.0 	0.08 	0.03 	0.0 	0.04 	0.02 	0.0 	0.01 	0.06 	
67 	0.09 	0.06 	0.03 	0.02 	0.01 	0.11 	0.09 	0.02 	0.01 	0.04 	0.09 	0.12 	0.05 	0.12 	0.0 	0.04 	0.05 	0.01 	0.01 	0.03 	
68 	0.11 	0.07 	0.05 	0.07 	0.0 	0.12 	0.21 	0.03 	0.02 	0.01 	0.03 	0.1 	0.0 	0.01 	0.0 	0.1 	0.05 	0.0 	0.01 	0.01 	
69 	0.24 	0.03 	0.04 	0.01 	0.01 	0.02 	0.08 	0.12 	0.04 	0.04 	0.05 	0.03 	0.0 	0.06 	0.01 	0.02 	0.02 	0.01 	0.14 	0.02 	
70 	0.19 	0.02 	0.03 	0.11 	0.01 	0.02 	0.04 	0.1 	0.0 	0.05 	0.07 	0.03 	0.01 	0.03 	0.02 	0.07 	0.05 	0.0 	0.02 	0.13 	
71 	0.1 	0.28 	0.01 	0.02 	0.01 	0.03 	0.06 	0.04 	0.01 	0.02 	0.04 	0.11 	0.01 	0.08 	0.04 	0.04 	0.03 	0.03 	0.01 	0.04 	
72 	0.13 	0.04 	0.02 	0.03 	0.0 	0.01 	0.07 	0.15 	0.02 	0.05 	0.06 	0.04 	0.02 	0.04 	0.02 	0.07 	0.05 	0.01 	0.04 	0.13 	
73 	0.06 	0.02 	0.04 	0.14 	0.01 	0.02 	0.05 	0.13 	0.04 	0.02 	0.04 	0.05 	0.01 	0.03 	0.02 	0.2 	0.04 	0.01 	0.04 	0.04 	
74 	0.08 	0.02 	0.04 	0.22 	0.01 	0.03 	0.03 	0.08 	0.03 	0.02 	0.04 	0.07 	0.01 	0.02 	0.12 	0.1 	0.02 	0.0 	0.02 	0.04 	
75 	0.04 	0.06 	0.06 	0.14 	0.0 	0.02 	0.14 	0.16 	0.02 	0.02 	0.01 	0.06 	0.01 	0.01 	0.06 	0.09 	0.04 	0.01 	0.01 	0.03 	
76 	0.02 	0.15 	0.01 	0.03 	0.0 	0.05 	0.13 	0.04 	0.09 	0.04 	0.03 	0.16 	0.01 	0.02 	0.09 	0.05 	0.04 	0.0 	0.02 	0.02 	
77 	0.04 	0.0 	0.0 	0.0 	0.02 	0.0 	0.01 	0.0 	0.0 	0.15 	0.12 	0.0 	0.03 	0.02 	0.05 	0.0 	0.0 	0.0 	0.01 	0.56 	
78 	0.0 	0.0 	0.0 	0.0 	0.0 	0.0 	0.0 	0.0 	0.0 	0.31 	0.37 	0.0 	0.07 	0.04 	0.0 	0.0 	0.0 	0.0 	0.05 	0.15 	
79 	0.07 	0.01 	0.0 	0.0 	0.02 	0.0 	0.04 	0.0 	0.0 	0.28 	0.09 	0.01 	0.01 	0.01 	0.0 	0.01 	0.0 	0.0 	0.0 	0.45 	
80 	0.01 	0.0 	0.0 	0.15 	0.0 	0.05 	0.7 	0.01 	0.0 	0.0 	0.02 	0.01 	0.01 	0.0 	0.0 	0.02 	0.01 	0.0 	0.01 	0.0 	
81 	0.08 	0.1 	0.01 	0.02 	0.0 	0.12 	0.24 	0.11 	0.02 	0.0 	0.0 	0.21 	0.0 	0.0 	0.02 	0.06 	0.01 	0.0 	0.0 	0.0 	
82 	0.08 	0.02 	0.0 	0.0 	0.01 	0.01 	0.01 	0.04 	0.01 	0.03 	0.03 	0.02 	0.02 	0.4 	0.0 	0.02 	0.02 	0.05 	0.2 	0.04 	
83 	0.02 	0.0 	0.01 	0.0 	0.0 	0.01 	0.01 	0.0 	0.0 	0.37 	0.27 	0.0 	0.01 	0.0 	0.0 	0.01 	0.01 	0.0 	0.02 	0.24 	
84 	0.06 	0.01 	0.07 	0.17 	0.01 	0.04 	0.15 	0.09 	0.02 	0.01 	0.01 	0.09 	0.01 	0.01 	0.15 	0.05 	0.03 	0.0 	0.0 	0.01 	
85 	0.03 	0.23 	0.06 	0.04 	0.02 	0.01 	0.02 	0.18 	0.0 	0.04 	0.04 	0.02 	0.02 	0.18 	0.02 	0.02 	0.01 	0.01 	0.02 	0.03 	
86 	0.16 	0.01 	0.01 	0.14 	0.0 	0.01 	0.26 	0.21 	0.06 	0.02 	0.0 	0.02 	0.0 	0.0 	0.02 	0.03 	0.02 	0.01 	0.0 	0.03 	
87 	0.02 	0.18 	0.01 	0.01 	0.01 	0.02 	0.01 	0.02 	0.0 	0.19 	0.08 	0.11 	0.02 	0.03 	0.02 	0.02 	0.04 	0.0 	0.09 	0.09 	
88 	0.0 	0.01 	0.0 	0.02 	0.0 	0.01 	0.89 	0.0 	0.02 	0.0 	0.0 	0.01 	0.0 	0.0 	0.0 	0.01 	0.02 	0.0 	0.0 	0.0 	
89 	0.04 	0.0 	0.0 	0.0 	0.11 	0.0 	0.0 	0.01 	0.0 	0.27 	0.17 	0.0 	0.02 	0.05 	0.0 	0.0 	0.01 	0.0 	0.03 	0.27 	
90 	0.11 	0.02 	0.02 	0.11 	0.0 	0.07 	0.12 	0.07 	0.0 	0.02 	0.0 	0.0 	0.0 	0.01 	0.01 	0.15 	0.26 	0.0 	0.01 	0.0 	
91 	0.04 	0.01 	0.0 	0.0 	0.07 	0.01 	0.01 	0.01 	0.0 	0.11 	0.19 	0.0 	0.02 	0.03 	0.0 	0.01 	0.0 	0.0 	0.01 	0.49 	
92 	0.07 	0.0 	0.0 	0.17 	0.01 	0.03 	0.03 	0.05 	0.01 	0.05 	0.41 	0.0 	0.05 	0.03 	0.03 	0.01 	0.01 	0.0 	0.01 	0.03 	
93 	0.22 	0.01 	0.01 	0.01 	0.03 	0.01 	0.02 	0.22 	0.0 	0.08 	0.03 	0.0 	0.02 	0.01 	0.02 	0.03 	0.13 	0.0 	0.0 	0.14 	
94 	0.08 	0.01 	0.08 	0.09 	0.01 	0.01 	0.01 	0.02 	0.01 	0.16 	0.11 	0.01 	0.04 	0.03 	0.01 	0.01 	0.01 	0.0 	0.03 	0.27 	
95 	0.05 	0.24 	0.03 	0.06 	0.09 	0.04 	0.06 	0.09 	0.01 	0.03 	0.03 	0.05 	0.01 	0.01 	0.01 	0.12 	0.03 	0.0 	0.02 	0.03 	
96 	0.12 	0.02 	0.06 	0.29 	0.0 	0.05 	0.04 	0.06 	0.08 	0.02 	0.01 	0.03 	0.01 	0.03 	0.01 	0.05 	0.05 	0.0 	0.06 	0.01 	
97 	0.03 	0.04 	0.04 	0.01 	0.0 	0.02 	0.04 	0.28 	0.01 	0.05 	0.11 	0.09 	0.01 	0.01 	0.12 	0.02 	0.02 	0.0 	0.01 	0.07 	
98 	0.04 	0.04 	0.14 	0.18 	0.0 	0.04 	0.15 	0.08 	0.03 	0.02 	0.01 	0.12 	0.0 	0.01 	0.04 	0.04 	0.04 	0.0 	0.0 	0.02 	
99 	0.1 	0.02 	0.05 	0.09 	0.01 	0.03 	0.09 	0.39 	0.01 	0.02 	0.02 	0.02 	0.0 	0.01 	0.03 	0.03 	0.04 	0.0 	0.01 	0.03 	
100 	0.06 	0.02 	0.02 	0.02 	0.01 	0.04 	0.11 	0.01 	0.01 	0.12 	0.04 	0.06 	0.01 	0.02 	0.03 	0.07 	0.12 	0.0 	0.01 	0.22 	
101 	0.04 	0.05 	0.01 	0.01 	0.02 	0.01 	0.03 	0.02 	0.07 	0.08 	0.15 	0.04 	0.02 	0.06 	0.02 	0.06 	0.07 	0.01 	0.05 	0.18 	
102 	0.07 	0.04 	0.0 	0.01 	0.01 	0.01 	0.06 	0.01 	0.01 	0.22 	0.13 	0.01 	0.01 	0.13 	0.04 	0.03 	0.03 	0.0 	0.05 	0.14 	
103 	0.1 	0.0 	0.01 	0.02 	0.16 	0.01 	0.01 	0.13 	0.01 	0.07 	0.08 	0.0 	0.01 	0.12 	0.09 	0.06 	0.04 	0.0 	0.01 	0.08 	
104 	0.1 	0.02 	0.0 	0.04 	0.0 	0.0 	0.14 	0.17 	0.01 	0.03 	0.05 	0.01 	0.02 	0.03 	0.1 	0.11 	0.02 	0.01 	0.11 	0.04 	
105 	0.05 	0.05 	0.01 	0.04 	0.01 	0.02 	0.07 	0.02 	0.0 	0.2 	0.02 	0.01 	0.01 	0.01 	0.35 	0.02 	0.02 	0.0 	0.01 	0.09 	
106 	0.05 	0.01 	0.01 	0.04 	0.0 	0.03 	0.02 	0.02 	0.01 	0.26 	0.1 	0.01 	0.15 	0.02 	0.03 	0.02 	0.03 	0.0 	0.04 	0.16 	
107 	0.07 	0.03 	0.0 	0.02 	0.04 	0.04 	0.27 	0.26 	0.01 	0.02 	0.03 	0.03 	0.0 	0.01 	0.03 	0.02 	0.06 	0.0 	0.0 	0.07 	
108 	0.05 	0.04 	0.05 	0.03 	0.0 	0.05 	0.18 	0.01 	0.32 	0.04 	0.01 	0.01 	0.01 	0.02 	0.06 	0.06 	0.04 	0.0 	0.04 	0.01 	
109 	0.04 	0.09 	0.06 	0.04 	0.0 	0.02 	0.04 	0.02 	0.02 	0.27 	0.04 	0.12 	0.0 	0.01 	0.02 	0.02 	0.02 	0.01 	0.02 	0.13 	
110 	0.04 	0.08 	0.03 	0.02 	0.0 	0.22 	0.19 	0.02 	0.09 	0.03 	0.01 	0.05 	0.0 	0.02 	0.01 	0.04 	0.04 	0.0 	0.08 	0.04 	
111 	0.05 	0.08 	0.01 	0.08 	0.0 	0.06 	0.2 	0.02 	0.13 	0.03 	0.01 	0.1 	0.01 	0.01 	0.08 	0.02 	0.02 	0.0 	0.04 	0.07 	
112 	0.05 	0.07 	0.08 	0.23 	0.0 	0.01 	0.07 	0.03 	0.01 	0.01 	0.02 	0.05 	0.0 	0.15 	0.01 	0.19 	0.02 	0.01 	0.01 	0.01 	
113 	0.03 	0.01 	0.08 	0.01 	0.0 	0.02 	0.01 	0.47 	0.04 	0.01 	0.02 	0.02 	0.0 	0.02 	0.0 	0.02 	0.02 	0.01 	0.21 	0.01 	
114 	0.01 	0.0 	0.01 	0.63 	0.0 	0.05 	0.03 	0.04 	0.0 	0.08 	0.01 	0.03 	0.0 	0.01 	0.0 	0.04 	0.01 	0.0 	0.01 	0.03 	
115 	0.07 	0.02 	0.01 	0.0 	0.03 	0.02 	0.02 	0.02 	0.02 	0.01 	0.04 	0.05 	0.01 	0.07 	0.0 	0.18 	0.03 	0.0 	0.39 	0.03 	
116 	0.15 	0.1 	0.02 	0.08 	0.0 	0.09 	0.1 	0.01 	0.04 	0.07 	0.01 	0.05 	0.04 	0.03 	0.01 	0.05 	0.06 	0.0 	0.01 	0.09 	
117 	0.18 	0.01 	0.04 	0.02 	0.13 	0.03 	0.19 	0.02 	0.01 	0.03 	0.05 	0.04 	0.01 	0.0 	0.01 	0.04 	0.06 	0.0 	0.07 	0.04 	
118 	0.06 	0.0 	0.04 	0.01 	0.02 	0.01 	0.06 	0.01 	0.02 	0.03 	0.03 	0.25 	0.01 	0.01 	0.01 	0.22 	0.05 	0.0 	0.01 	0.15 	
119 	0.03 	0.0 	0.01 	0.01 	0.0 	0.01 	0.03 	0.0 	0.0 	0.15 	0.1 	0.01 	0.01 	0.02 	0.02 	0.02 	0.05 	0.11 	0.33 	0.08 	
120 	0.1 	0.01 	0.01 	0.03 	0.05 	0.13 	0.03 	0.03 	0.02 	0.12 	0.05 	0.01 	0.0 	0.01 	0.2 	0.04 	0.03 	0.0 	0.01 	0.12 	
121 	0.06 	0.0 	0.0 	0.01 	0.0 	0.0 	0.01 	0.0 	0.0 	0.0 	0.01 	0.01 	0.0 	0.01 	0.78 	0.04 	0.04 	0.0 	0.0 	0.01 	
122 	0.44 	0.02 	0.01 	0.0 	0.04 	0.13 	0.02 	0.01 	0.04 	0.02 	0.03 	0.02 	0.01 	0.01 	0.04 	0.08 	0.01 	0.01 	0.03 	0.05 	
123 	0.05 	0.08 	0.07 	0.09 	0.0 	0.05 	0.05 	0.1 	0.02 	0.03 	0.01 	0.07 	0.0 	0.01 	0.16 	0.07 	0.12 	0.0 	0.01 	0.01 	
124 	0.02 	0.01 	0.01 	0.02 	0.0 	0.0 	0.01 	0.01 	0.0 	0.19 	0.48 	0.0 	0.09 	0.03 	0.0 	0.01 	0.01 	0.0 	0.01 	0.12 	
125 	0.05 	0.0 	0.04 	0.13 	0.01 	0.01 	0.06 	0.02 	0.02 	0.0 	0.02 	0.01 	0.0 	0.0 	0.21 	0.28 	0.11 	0.0 	0.0 	0.02 	
126 	0.11 	0.01 	0.04 	0.16 	0.0 	0.05 	0.22 	0.02 	0.01 	0.0 	0.02 	0.07 	0.0 	0.0 	0.19 	0.04 	0.03 	0.0 	0.0 	0.02 	
127 	0.14 	0.01 	0.04 	0.11 	0.0 	0.05 	0.31 	0.04 	0.01 	0.02 	0.03 	0.09 	0.0 	0.01 	0.02 	0.05 	0.03 	0.0 	0.01 	0.03 	
128 	0.11 	0.01 	0.01 	0.03 	0.0 	0.09 	0.07 	0.0 	0.01 	0.14 	0.18 	0.03 	0.01 	0.02 	0.0 	0.01 	0.08 	0.0 	0.0 	0.18 	
129 	0.06 	0.08 	0.01 	0.02 	0.0 	0.09 	0.13 	0.0 	0.02 	0.09 	0.16 	0.06 	0.01 	0.02 	0.0 	0.04 	0.06 	0.01 	0.05 	0.07 	
130 	0.16 	0.07 	0.05 	0.11 	0.0 	0.12 	0.23 	0.01 	0.01 	0.0 	0.03 	0.12 	0.01 	0.0 	0.0 	0.04 	0.03 	0.0 	0.0 	0.0 	
131 	0.07 	0.16 	0.01 	0.01 	0.0 	0.12 	0.22 	0.01 	0.02 	0.0 	0.05 	0.19 	0.01 	0.01 	0.0 	0.02 	0.07 	0.0 	0.01 	0.01 	
132 	0.18 	0.01 	0.01 	0.0 	0.01 	0.0 	0.01 	0.0 	0.0 	0.3 	0.17 	0.0 	0.09 	0.0 	0.0 	0.02 	0.0 	0.0 	0.0 	0.19 	
133 	0.05 	0.25 	0.01 	0.01 	0.01 	0.22 	0.11 	0.04 	0.01 	0.03 	0.03 	0.14 	0.01 	0.0 	0.0 	0.01 	0.02 	0.0 	0.01 	0.04 	
134 	0.08 	0.09 	0.03 	0.15 	0.0 	0.1 	0.31 	0.02 	0.02 	0.01 	0.01 	0.06 	0.01 	0.0 	0.0 	0.05 	0.05 	0.0 	0.0 	0.01 	
135 	0.12 	0.01 	0.02 	0.02 	0.01 	0.06 	0.02 	0.0 	0.01 	0.18 	0.22 	0.0 	0.1 	0.01 	0.0 	0.02 	0.04 	0.0 	0.11 	0.05 	
136 	0.62 	0.0 	0.0 	0.0 	0.01 	0.0 	0.0 	0.03 	0.0 	0.01 	0.03 	0.0 	0.0 	0.03 	0.0 	0.04 	0.14 	0.0 	0.0 	0.08 	
137 	0.05 	0.1 	0.02 	0.01 	0.0 	0.03 	0.1 	0.03 	0.01 	0.1 	0.18 	0.12 	0.01 	0.02 	0.0 	0.02 	0.03 	0.0 	0.01 	0.15 	
138 	0.12 	0.22 	0.02 	0.03 	0.0 	0.08 	0.05 	0.0 	0.01 	0.01 	0.02 	0.33 	0.01 	0.0 	0.02 	0.02 	0.04 	0.0 	0.0 	0.0 	
139 	0.37 	0.0 	0.0 	0.0 	0.02 	0.0 	0.0 	0.01 	0.0 	0.17 	0.18 	0.0 	0.01 	0.0 	0.0 	0.01 	0.05 	0.0 	0.0 	0.17 	
140 	0.27 	0.0 	0.01 	0.0 	0.03 	0.0 	0.0 	0.02 	0.06 	0.02 	0.02 	0.01 	0.02 	0.19 	0.0 	0.02 	0.07 	0.01 	0.16 	0.07 	
141 	0.03 	0.17 	0.05 	0.13 	0.0 	0.08 	0.12 	0.01 	0.02 	0.02 	0.05 	0.24 	0.0 	0.01 	0.0 	0.02 	0.03 	0.0 	0.0 	0.02 	
142 	0.41 	0.01 	0.03 	0.02 	0.02 	0.02 	0.08 	0.11 	0.01 	0.04 	0.04 	0.01 	0.01 	0.01 	0.01 	0.07 	0.03 	0.0 	0.01 	0.06 	
143 	0.01 	0.0 	0.0 	0.0 	0.01 	0.0 	0.0 	0.0 	0.0 	0.12 	0.58 	0.0 	0.07 	0.03 	0.0 	0.0 	0.02 	0.0 	0.0 	0.14 	
144 	0.02 	0.01 	0.12 	0.11 	0.01 	0.02 	0.05 	0.48 	0.02 	0.0 	0.01 	0.07 	0.0 	0.02 	0.04 	0.03 	0.01 	0.0 	0.0 	0.0 	
145 	0.05 	0.0 	0.0 	0.01 	0.27 	0.0 	0.01 	0.19 	0.0 	0.06 	0.08 	0.0 	0.01 	0.05 	0.0 	0.01 	0.0 	0.0 	0.15 	0.11 	
146 	0.07 	0.2 	0.01 	0.02 	0.02 	0.03 	0.06 	0.03 	0.01 	0.03 	0.03 	0.11 	0.0 	0.03 	0.0 	0.11 	0.07 	0.01 	0.04 	0.12 	
147 	0.02 	0.0 	0.03 	0.02 	0.01 	0.0 	0.01 	0.8 	0.03 	0.0 	0.0 	0.0 	0.0 	0.0 	0.0 	0.05 	0.0 	0.0 	0.0 	0.02 	
148 	0.09 	0.0 	0.0 	0.0 	0.01 	0.0 	0.0 	0.01 	0.0 	0.15 	0.32 	0.0 	0.07 	0.05 	0.04 	0.01 	0.01 	0.09 	0.05 	0.09 	
149 	0.19 	0.0 	0.0 	0.0 	0.01 	0.0 	0.0 	0.15 	0.0 	0.08 	0.12 	0.0 	0.07 	0.14 	0.0 	0.15 	0.02 	0.01 	0.02 	0.04 	
150 	0.04 	0.47 	0.17 	0.01 	0.0 	0.0 	0.0 	0.13 	0.0 	0.0 	0.0 	0.0 	0.0 	0.02 	0.0 	0.0 	0.11 	0.0 	0.05 	0.0 	
151 	0.1 	0.0 	0.0 	0.0 	0.04 	0.0 	0.0 	0.01 	0.0 	0.24 	0.02 	0.0 	0.02 	0.02 	0.0 	0.03 	0.02 	0.0 	0.0 	0.5 	
152 	0.0 	0.0 	0.0 	0.49 	0.0 	0.17 	0.26 	0.06 	0.0 	0.0 	0.0 	0.0 	0.01 	0.0 	0.0 	0.0 	0.0 	0.0 	0.0 	0.0 	
153 	0.01 	0.0 	0.0 	0.0 	0.01 	0.0 	0.0 	0.01 	0.0 	0.05 	0.18 	0.0 	0.09 	0.52 	0.0 	0.01 	0.01 	0.0 	0.07 	0.05 	
154 	0.09 	0.03 	0.0 	0.01 	0.0 	0.01 	0.0 	0.0 	0.0 	0.15 	0.12 	0.0 	0.11 	0.41 	0.0 	0.0 	0.0 	0.0 	0.02 	0.05 	
155 	0.02 	0.01 	0.0 	0.04 	0.0 	0.01 	0.05 	0.0 	0.0 	0.14 	0.26 	0.01 	0.02 	0.02 	0.01 	0.02 	0.01 	0.01 	0.06 	0.33 	
156 	0.05 	0.07 	0.01 	0.13 	0.02 	0.05 	0.06 	0.0 	0.03 	0.02 	0.02 	0.18 	0.01 	0.01 	0.0 	0.06 	0.22 	0.0 	0.01 	0.04 	
157 	0.06 	0.01 	0.12 	0.21 	0.0 	0.03 	0.15 	0.15 	0.02 	0.0 	0.0 	0.12 	0.01 	0.0 	0.04 	0.06 	0.03 	0.0 	0.0 	0.0 	
158 	0.01 	0.02 	0.16 	0.33 	0.0 	0.02 	0.12 	0.29 	0.01 	0.0 	0.0 	0.02 	0.0 	0.0 	0.0 	0.01 	0.01 	0.0 	0.0 	0.0 	
159 	0.02 	0.08 	0.07 	0.06 	0.0 	0.08 	0.29 	0.14 	0.0 	0.01 	0.0 	0.13 	0.0 	0.0 	0.0 	0.02 	0.06 	0.0 	0.0 	0.02 	
160 	0.02 	0.01 	0.02 	0.0 	0.01 	0.0 	0.0 	0.0 	0.01 	0.16 	0.15 	0.0 	0.0 	0.11 	0.14 	0.01 	0.01 	0.0 	0.04 	0.31 	
161 	0.0 	0.01 	0.0 	0.0 	0.0 	0.0 	0.01 	0.0 	0.01 	0.06 	0.12 	0.07 	0.01 	0.08 	0.0 	0.0 	0.0 	0.09 	0.45 	0.07 	
162 	0.02 	0.0 	0.0 	0.0 	0.0 	0.0 	0.0 	0.0 	0.0 	0.15 	0.28 	0.0 	0.01 	0.22 	0.0 	0.0 	0.0 	0.01 	0.0 	0.3 	
163 	0.0 	0.0 	0.31 	0.01 	0.0 	0.0 	0.0 	0.02 	0.0 	0.2 	0.33 	0.0 	0.03 	0.0 	0.0 	0.09 	0.01 	0.0 	0.0 	0.02 	
164 	0.0 	0.0 	0.0 	0.01 	0.0 	0.0 	0.99 	0.0 	0.0 	0.0 	0.0 	0.0 	0.0 	0.0 	0.0 	0.0 	0.0 	0.0 	0.0 	0.0 	
165 	0.06 	0.0 	0.0 	0.0 	0.02 	0.0 	0.0 	0.0 	0.0 	0.26 	0.1 	0.0 	0.07 	0.05 	0.01 	0.0 	0.02 	0.0 	0.02 	0.4 	
166 	0.07 	0.0 	0.84 	0.0 	0.0 	0.0 	0.0 	0.0 	0.0 	0.0 	0.0 	0.0 	0.0 	0.0 	0.0 	0.09 	0.0 	0.0 	0.0 	0.0 	
167 	0.05 	0.0 	0.0 	0.0 	0.02 	0.0 	0.0 	0.0 	0.0 	0.0 	0.02 	0.0 	0.02 	0.0 	0.37 	0.02 	0.47 	0.0 	0.0 	0.02 	
168 	0.03 	0.51 	0.01 	0.0 	0.0 	0.03 	0.0 	0.0 	0.0 	0.09 	0.12 	0.0 	0.07 	0.03 	0.0 	0.06 	0.01 	0.0 	0.0 	0.03 	
169 	0.15 	0.0 	0.0 	0.0 	0.0 	0.0 	0.0 	0.0 	0.0 	0.01 	0.05 	0.0 	0.0 	0.01 	0.69 	0.02 	0.01 	0.0 	0.0 	0.05 	
170 	0.02 	0.0 	0.01 	0.0 	0.0 	0.09 	0.01 	0.29 	0.27 	0.0 	0.01 	0.0 	0.0 	0.0 	0.0 	0.26 	0.02 	0.0 	0.0 	0.01 	
171 	0.01 	0.27 	0.11 	0.18 	0.0 	0.01 	0.01 	0.01 	0.01 	0.0 	0.02 	0.0 	0.2 	0.03 	0.0 	0.03 	0.02 	0.0 	0.0 	0.09 	
172 	0.01 	0.0 	0.0 	0.0 	0.0 	0.0 	0.09 	0.01 	0.0 	0.0 	0.02 	0.0 	0.0 	0.0 	0.02 	0.16 	0.66 	0.0 	0.0 	0.01 	
173 	0.02 	0.01 	0.02 	0.06 	0.0 	0.0 	0.03 	0.4 	0.09 	0.02 	0.01 	0.01 	0.01 	0.05 	0.02 	0.11 	0.02 	0.0 	0.0 	0.09 	
174 	0.01 	0.0 	0.0 	0.01 	0.0 	0.0 	0.01 	0.01 	0.32 	0.01 	0.1 	0.01 	0.22 	0.0 	0.24 	0.01 	0.03 	0.0 	0.01 	0.01 	
175 	0.0 	0.0 	0.0 	0.0 	0.02 	0.02 	0.01 	0.0 	0.01 	0.01 	0.02 	0.0 	0.0 	0.13 	0.0 	0.02 	0.07 	0.07 	0.11 	0.5 	
176 	0.01 	0.0 	0.01 	0.0 	0.0 	0.0 	0.01 	0.0 	0.0 	0.05 	0.04 	0.01 	0.01 	0.0 	0.31 	0.05 	0.41 	0.0 	0.0 	0.08 	
177 	0.01 	0.01 	0.0 	0.0 	0.0 	0.03 	0.1 	0.01 	0.01 	0.15 	0.19 	0.01 	0.17 	0.11 	0.0 	0.17 	0.01 	0.0 	0.0 	0.01 	
178 	0.21 	0.01 	0.02 	0.07 	0.02 	0.03 	0.06 	0.01 	0.0 	0.08 	0.06 	0.18 	0.05 	0.01 	0.01 	0.03 	0.02 	0.02 	0.0 	0.12 	
179 	0.28 	0.0 	0.01 	0.0 	0.01 	0.0 	0.0 	0.13 	0.0 	0.1 	0.01 	0.0 	0.0 	0.0 	0.03 	0.23 	0.1 	0.01 	0.0 	0.07 	
180 	0.1 	0.07 	0.0 	0.0 	0.09 	0.2 	0.0 	0.0 	0.02 	0.04 	0.05 	0.17 	0.02 	0.0 	0.0 	0.04 	0.17 	0.0 	0.0 	0.02 	
181 	0.16 	0.04 	0.08 	0.12 	0.0 	0.04 	0.1 	0.18 	0.02 	0.0 	0.05 	0.02 	0.0 	0.01 	0.03 	0.07 	0.02 	0.02 	0.01 	0.05 	
182 	0.04 	0.0 	0.0 	0.0 	0.01 	0.04 	0.01 	0.01 	0.01 	0.18 	0.14 	0.0 	0.04 	0.04 	0.0 	0.0 	0.23 	0.0 	0.08 	0.17 	
183 	0.03 	0.0 	0.17 	0.09 	0.02 	0.01 	0.03 	0.05 	0.0 	0.01 	0.01 	0.01 	0.0 	0.0 	0.11 	0.45 	0.01 	0.0 	0.0 	0.02 	
184 	0.01 	0.01 	0.01 	0.07 	0.0 	0.2 	0.24 	0.0 	0.0 	0.03 	0.22 	0.0 	0.06 	0.08 	0.0 	0.02 	0.0 	0.01 	0.02 	0.01 	
185 	0.12 	0.0 	0.0 	0.0 	0.0 	0.0 	0.01 	0.0 	0.0 	0.09 	0.02 	0.0 	0.03 	0.46 	0.06 	0.03 	0.0 	0.01 	0.01 	0.14 	
186 	0.23 	0.02 	0.02 	0.06 	0.01 	0.13 	0.3 	0.01 	0.0 	0.0 	0.0 	0.07 	0.01 	0.0 	0.09 	0.02 	0.0 	0.0 	0.0 	0.03 	
187 	0.11 	0.0 	0.03 	0.02 	0.0 	0.17 	0.05 	0.0 	0.0 	0.08 	0.37 	0.0 	0.03 	0.0 	0.0 	0.0 	0.03 	0.02 	0.0 	0.05 	
188 	0.26 	0.01 	0.02 	0.0 	0.01 	0.16 	0.01 	0.01 	0.35 	0.0 	0.09 	0.0 	0.02 	0.0 	0.0 	0.02 	0.0 	0.0 	0.0 	0.03 	
189 	0.21 	0.0 	0.0 	0.0 	0.01 	0.0 	0.0 	0.0 	0.0 	0.12 	0.22 	0.0 	0.03 	0.0 	0.0 	0.03 	0.13 	0.01 	0.0 	0.23 	
190 	0.07 	0.58 	0.0 	0.02 	0.0 	0.06 	0.02 	0.0 	0.0 	0.0 	0.09 	0.1 	0.01 	0.0 	0.01 	0.01 	0.01 	0.0 	0.0 	0.01 	
191 	0.61 	0.0 	0.01 	0.02 	0.02 	0.0 	0.01 	0.0 	0.0 	0.1 	0.04 	0.01 	0.0 	0.0 	0.0 	0.04 	0.0 	0.0 	0.0 	0.12 	
192 	0.13 	0.01 	0.0 	0.01 	0.0 	0.0 	0.01 	0.06 	0.0 	0.35 	0.04 	0.01 	0.1 	0.05 	0.01 	0.02 	0.01 	0.0 	0.0 	0.19 	
193 	0.16 	0.0 	0.01 	0.0 	0.04 	0.0 	0.01 	0.0 	0.0 	0.04 	0.42 	0.01 	0.16 	0.01 	0.0 	0.0 	0.09 	0.0 	0.01 	0.03 	
194 	0.06 	0.0 	0.03 	0.08 	0.0 	0.01 	0.01 	0.77 	0.0 	0.0 	0.0 	0.0 	0.0 	0.0 	0.0 	0.01 	0.03 	0.0 	0.0 	0.0 	
195 	0.03 	0.01 	0.01 	0.0 	0.0 	0.04 	0.05 	0.01 	0.01 	0.1 	0.56 	0.0 	0.05 	0.04 	0.0 	0.03 	0.01 	0.0 	0.03 	0.03 	
196 	0.0 	0.01 	0.02 	0.1 	0.0 	0.01 	0.04 	0.01 	0.01 	0.0 	0.0 	0.05 	0.0 	0.0 	0.66 	0.04 	0.08 	0.0 	0.0 	0.0 	
197 	0.0 	0.0 	0.0 	0.0 	0.0 	0.0 	0.03 	0.0 	0.0 	0.29 	0.41 	0.01 	0.04 	0.05 	0.0 	0.0 	0.03 	0.0 	0.02 	0.12 	
198 	0.12 	0.0 	0.05 	0.07 	0.0 	0.0 	0.0 	0.19 	0.01 	0.01 	0.0 	0.05 	0.0 	0.01 	0.44 	0.03 	0.01 	0.0 	0.01 	0.0 	
199 	0.08 	0.05 	0.06 	0.13 	0.0 	0.06 	0.29 	0.04 	0.01 	0.01 	0.01 	0.12 	0.0 	0.0 	0.0 	0.1 	0.04 	0.0 	0.0 	0.02 	
200 	0.01 	0.0 	0.0 	0.0 	0.0 	0.0 	0.0 	0.0 	0.0 	0.5 	0.19 	0.0 	0.0 	0.0 	0.0 	0.0 	0.14 	0.0 	0.0 	0.15 	
201 	0.0 	0.32 	0.03 	0.07 	0.0 	0.05 	0.05 	0.0 	0.0 	0.01 	0.0 	0.28 	0.0 	0.0 	0.0 	0.0 	0.11 	0.0 	0.01 	0.08 	
202 	0.0 	0.15 	0.0 	0.0 	0.01 	0.49 	0.12 	0.0 	0.02 	0.0 	0.01 	0.03 	0.0 	0.0 	0.0 	0.0 	0.17 	0.0 	0.0 	0.0 	
203 	0.0 	0.0 	0.0 	0.0 	0.0 	0.0 	0.0 	0.0 	0.28 	0.0 	0.0 	0.0 	0.0 	0.38 	0.0 	0.0 	0.0 	0.0 	0.35 	0.0 	
