	A 	R 	N 	D 	C 	Q 	E 	G 	H 	I 	L 	K 	M 	F 	P 	S 	T 	W 	Y 	V 	
1 	0.0 	0.0 	0.0 	0.0 	0.0 	0.0 	0.0 	0.36 	0.0 	0.0 	0.0 	0.0 	0.0 	0.0 	0.0 	0.64 	0.0 	0.0 	0.0 	0.0 	
2 	0.0 	0.0 	0.0 	0.84 	0.0 	0.0 	0.0 	0.0 	0.0 	0.0 	0.0 	0.0 	0.0 	0.0 	0.0 	0.16 	0.0 	0.0 	0.0 	0.0 	
3 	0.0 	0.0 	0.0 	0.0 	0.0 	0.0 	0.0 	0.48 	0.08 	0.0 	0.0 	0.0 	0.0 	0.0 	0.0 	0.0 	0.44 	0.0 	0.0 	0.0 	
4 	0.0 	0.4 	0.0 	0.0 	0.0 	0.0 	0.0 	0.0 	0.0 	0.0 	0.0 	0.17 	0.0 	0.26 	0.0 	0.0 	0.0 	0.0 	0.17 	0.0 	
5 	0.0 	0.0 	0.0 	0.0 	0.0 	0.0 	0.0 	0.0 	0.0 	0.89 	0.0 	0.0 	0.0 	0.0 	0.0 	0.0 	0.0 	0.0 	0.0 	0.11 	
6 	0.0 	0.17 	0.0 	0.0 	0.0 	0.17 	0.07 	0.0 	0.0 	0.0 	0.16 	0.09 	0.0 	0.0 	0.0 	0.28 	0.0 	0.0 	0.0 	0.06 	
7 	0.0 	0.23 	0.0 	0.24 	0.0 	0.17 	0.12 	0.0 	0.15 	0.0 	0.0 	0.0 	0.0 	0.0 	0.0 	0.09 	0.0 	0.0 	0.0 	0.0 	
8 	0.1 	0.0 	0.0 	0.0 	0.0 	0.0 	0.0 	0.0 	0.0 	0.14 	0.07 	0.0 	0.0 	0.0 	0.0 	0.0 	0.08 	0.0 	0.0 	0.61 	
9 	0.13 	0.0 	0.0 	0.07 	0.0 	0.0 	0.0 	0.07 	0.0 	0.0 	0.08 	0.08 	0.0 	0.06 	0.0 	0.2 	0.3 	0.0 	0.0 	0.0 	
10 	0.0 	0.0 	0.0 	0.0 	0.0 	0.0 	0.0 	0.0 	0.0 	0.42 	0.19 	0.0 	0.0 	0.0 	0.0 	0.0 	0.0 	0.0 	0.0 	0.39 	
11 	0.0 	0.0 	0.0 	0.0 	0.11 	0.0 	0.0 	0.0 	0.0 	0.06 	0.52 	0.0 	0.0 	0.11 	0.06 	0.07 	0.0 	0.0 	0.0 	0.07 	
12 	0.0 	0.12 	0.11 	0.15 	0.0 	0.0 	0.0 	0.33 	0.0 	0.0 	0.0 	0.11 	0.0 	0.0 	0.0 	0.05 	0.13 	0.0 	0.0 	0.0 	
13 	0.0 	0.0 	0.0 	0.09 	0.0 	0.0 	0.0 	0.0 	0.04 	0.04 	0.0 	0.0 	0.0 	0.25 	0.05 	0.15 	0.0 	0.0 	0.08 	0.28 	
14 	0.0 	0.0 	0.0 	0.04 	0.0 	0.13 	0.56 	0.0 	0.08 	0.0 	0.0 	0.04 	0.0 	0.0 	0.0 	0.14 	0.0 	0.0 	0.0 	0.0 	
15 	0.0 	0.0 	0.05 	0.0 	0.0 	0.0 	0.04 	0.04 	0.0 	0.0 	0.05 	0.65 	0.0 	0.0 	0.0 	0.08 	0.0 	0.0 	0.0 	0.09 	
16 	0.0 	0.25 	0.0 	0.0 	0.0 	0.05 	0.22 	0.0 	0.08 	0.04 	0.05 	0.12 	0.03 	0.04 	0.0 	0.0 	0.06 	0.0 	0.05 	0.0 	
17 	0.0 	0.15 	0.0 	0.0 	0.05 	0.0 	0.08 	0.18 	0.07 	0.0 	0.1 	0.05 	0.05 	0.12 	0.0 	0.04 	0.0 	0.0 	0.04 	0.05 	
18 	0.0 	0.0 	0.15 	0.04 	0.0 	0.0 	0.07 	0.0 	0.04 	0.24 	0.04 	0.0 	0.0 	0.11 	0.0 	0.13 	0.05 	0.0 	0.0 	0.11 	
19 	0.0 	0.08 	0.1 	0.0 	0.0 	0.0 	0.04 	0.0 	0.05 	0.08 	0.0 	0.04 	0.0 	0.0 	0.45 	0.05 	0.1 	0.0 	0.0 	0.0 	
20 	0.04 	0.01 	0.18 	0.17 	0.0 	0.01 	0.07 	0.01 	0.0 	0.05 	0.01 	0.04 	0.0 	0.03 	0.04 	0.3 	0.01 	0.0 	0.01 	0.01 	
21 	0.12 	0.01 	0.01 	0.08 	0.0 	0.12 	0.07 	0.01 	0.0 	0.01 	0.02 	0.41 	0.0 	0.01 	0.01 	0.01 	0.04 	0.0 	0.01 	0.05 	
22 	0.01 	0.03 	0.01 	0.01 	0.0 	0.05 	0.01 	0.04 	0.34 	0.08 	0.01 	0.1 	0.0 	0.15 	0.01 	0.01 	0.05 	0.0 	0.09 	0.01 	
23 	0.07 	0.01 	0.05 	0.01 	0.0 	0.01 	0.01 	0.07 	0.05 	0.03 	0.01 	0.01 	0.0 	0.12 	0.01 	0.01 	0.06 	0.0 	0.4 	0.06 	
24 	0.0 	0.0 	0.02 	0.0 	0.0 	0.0 	0.04 	0.0 	0.0 	0.08 	0.2 	0.0 	0.04 	0.05 	0.0 	0.0 	0.05 	0.06 	0.0 	0.45 	
25 	0.0 	0.0 	0.0 	0.0 	0.0 	0.0 	0.0 	0.0 	0.0 	0.0 	0.0 	0.0 	0.0 	0.28 	0.0 	0.0 	0.0 	0.0 	0.67 	0.05 	
26 	0.08 	0.03 	0.0 	0.0 	0.03 	0.07 	0.1 	0.0 	0.03 	0.09 	0.19 	0.07 	0.12 	0.0 	0.0 	0.0 	0.09 	0.0 	0.0 	0.1 	
27 	0.0 	0.0 	0.0 	0.0 	0.0 	0.0 	0.0 	0.0 	0.0 	0.4 	0.04 	0.04 	0.02 	0.14 	0.0 	0.0 	0.0 	0.0 	0.0 	0.35 	
28 	0.04 	0.13 	0.07 	0.02 	0.02 	0.06 	0.21 	0.0 	0.04 	0.02 	0.1 	0.06 	0.0 	0.0 	0.0 	0.12 	0.05 	0.0 	0.04 	0.0 	
29 	0.04 	0.0 	0.0 	0.0 	0.03 	0.0 	0.0 	0.0 	0.0 	0.1 	0.12 	0.0 	0.0 	0.0 	0.0 	0.0 	0.09 	0.0 	0.0 	0.62 	
30 	0.03 	0.08 	0.0 	0.0 	0.02 	0.04 	0.18 	0.0 	0.05 	0.04 	0.05 	0.16 	0.02 	0.0 	0.0 	0.08 	0.19 	0.0 	0.0 	0.04 	
31 	0.01 	0.14 	0.0 	0.02 	0.02 	0.0 	0.07 	0.04 	0.03 	0.09 	0.05 	0.02 	0.03 	0.03 	0.0 	0.01 	0.06 	0.24 	0.06 	0.07 	
32 	0.0 	0.03 	0.02 	0.02 	0.0 	0.06 	0.08 	0.11 	0.0 	0.0 	0.04 	0.1 	0.02 	0.0 	0.07 	0.41 	0.0 	0.0 	0.0 	0.04 	
33 	0.0 	0.03 	0.19 	0.45 	0.0 	0.0 	0.0 	0.12 	0.02 	0.0 	0.0 	0.03 	0.0 	0.0 	0.07 	0.05 	0.02 	0.0 	0.0 	0.04 	
34 	0.01 	0.07 	0.11 	0.03 	0.04 	0.01 	0.03 	0.23 	0.0 	0.01 	0.15 	0.01 	0.0 	0.0 	0.01 	0.16 	0.1 	0.0 	0.0 	0.03 	
35 	0.02 	0.09 	0.03 	0.04 	0.0 	0.04 	0.15 	0.03 	0.08 	0.0 	0.0 	0.07 	0.0 	0.0 	0.0 	0.36 	0.06 	0.0 	0.0 	0.04 	
36 	0.0 	0.02 	0.01 	0.04 	0.0 	0.06 	0.23 	0.0 	0.03 	0.04 	0.0 	0.15 	0.0 	0.0 	0.08 	0.12 	0.13 	0.0 	0.0 	0.08 	
37 	0.04 	0.13 	0.04 	0.0 	0.0 	0.01 	0.05 	0.0 	0.04 	0.03 	0.06 	0.07 	0.0 	0.0 	0.0 	0.11 	0.17 	0.19 	0.04 	0.0 	
38 	0.02 	0.0 	0.09 	0.0 	0.02 	0.09 	0.03 	0.0 	0.0 	0.02 	0.1 	0.02 	0.02 	0.14 	0.0 	0.07 	0.17 	0.0 	0.08 	0.13 	
39 	0.02 	0.0 	0.0 	0.0 	0.0 	0.0 	0.0 	0.0 	0.0 	0.21 	0.11 	0.0 	0.03 	0.0 	0.0 	0.0 	0.04 	0.0 	0.0 	0.59 	
40 	0.02 	0.09 	0.0 	0.0 	0.03 	0.02 	0.02 	0.0 	0.06 	0.02 	0.0 	0.13 	0.0 	0.12 	0.04 	0.03 	0.07 	0.0 	0.3 	0.05 	
41 	0.0 	0.85 	0.0 	0.0 	0.0 	0.0 	0.0 	0.0 	0.04 	0.0 	0.0 	0.11 	0.0 	0.0 	0.0 	0.0 	0.0 	0.0 	0.0 	0.0 	
42 	0.0 	0.63 	0.0 	0.0 	0.0 	0.0 	0.0 	0.0 	0.0 	0.0 	0.0 	0.04 	0.0 	0.0 	0.0 	0.23 	0.04 	0.0 	0.05 	0.0 	
43 	0.0 	0.0 	0.0 	0.0 	0.0 	0.0 	0.0 	0.0 	0.0 	0.0 	0.08 	0.0 	0.0 	0.25 	0.0 	0.04 	0.0 	0.04 	0.58 	0.0 	
44 	0.12 	0.05 	0.08 	0.06 	0.0 	0.02 	0.12 	0.0 	0.0 	0.0 	0.0 	0.0 	0.0 	0.0 	0.0 	0.4 	0.12 	0.0 	0.0 	0.02 	
45 	0.0 	0.04 	0.0 	0.38 	0.0 	0.12 	0.42 	0.0 	0.0 	0.0 	0.0 	0.04 	0.0 	0.0 	0.0 	0.0 	0.0 	0.0 	0.0 	0.0 	
46 	0.0 	0.0 	0.0 	0.0 	0.0 	0.0 	0.0 	0.0 	0.0 	0.06 	0.06 	0.0 	0.0 	0.81 	0.0 	0.0 	0.0 	0.03 	0.0 	0.04 	
47 	0.02 	0.11 	0.0 	0.02 	0.0 	0.08 	0.08 	0.06 	0.11 	0.0 	0.05 	0.03 	0.0 	0.07 	0.0 	0.04 	0.04 	0.0 	0.16 	0.12 	
48 	0.08 	0.15 	0.07 	0.13 	0.0 	0.04 	0.23 	0.0 	0.0 	0.0 	0.02 	0.05 	0.0 	0.02 	0.0 	0.06 	0.01 	0.07 	0.0 	0.06 	
49 	0.0 	0.0 	0.0 	0.0 	0.0 	0.0 	0.0 	0.0 	0.0 	0.0 	0.77 	0.0 	0.04 	0.2 	0.0 	0.0 	0.0 	0.0 	0.0 	0.0 	
50 	0.03 	0.06 	0.02 	0.05 	0.02 	0.18 	0.02 	0.0 	0.45 	0.04 	0.0 	0.02 	0.02 	0.0 	0.0 	0.0 	0.0 	0.04 	0.04 	0.0 	
51 	0.03 	0.07 	0.06 	0.05 	0.0 	0.06 	0.14 	0.0 	0.04 	0.0 	0.0 	0.19 	0.07 	0.0 	0.0 	0.19 	0.07 	0.0 	0.0 	0.02 	
52 	0.0 	0.09 	0.06 	0.0 	0.03 	0.2 	0.02 	0.0 	0.0 	0.04 	0.0 	0.32 	0.03 	0.0 	0.0 	0.01 	0.15 	0.0 	0.02 	0.02 	
53 	0.0 	0.0 	0.0 	0.0 	0.0 	0.0 	0.0 	0.0 	0.0 	0.11 	0.83 	0.0 	0.04 	0.03 	0.0 	0.0 	0.0 	0.0 	0.0 	0.0 	
54 	0.0 	0.13 	0.0 	0.0 	0.02 	0.13 	0.04 	0.0 	0.0 	0.02 	0.2 	0.21 	0.0 	0.0 	0.0 	0.08 	0.09 	0.0 	0.0 	0.07 	
55 	0.06 	0.08 	0.05 	0.13 	0.0 	0.06 	0.28 	0.0 	0.04 	0.02 	0.06 	0.19 	0.0 	0.0 	0.0 	0.03 	0.0 	0.0 	0.0 	0.0 	
56 	0.12 	0.11 	0.0 	0.04 	0.04 	0.15 	0.04 	0.0 	0.0 	0.02 	0.13 	0.16 	0.1 	0.03 	0.0 	0.0 	0.06 	0.0 	0.0 	0.0 	
57 	0.0 	0.04 	0.0 	0.0 	0.02 	0.0 	0.0 	0.0 	0.05 	0.0 	0.0 	0.0 	0.0 	0.64 	0.0 	0.0 	0.0 	0.0 	0.19 	0.04 	
58 	0.06 	0.0 	0.0 	0.0 	0.0 	0.0 	0.0 	0.1 	0.0 	0.0 	0.0 	0.04 	0.0 	0.0 	0.74 	0.02 	0.0 	0.0 	0.0 	0.0 	
59 	0.09 	0.0 	0.03 	0.0 	0.0 	0.04 	0.13 	0.02 	0.0 	0.13 	0.05 	0.02 	0.04 	0.07 	0.1 	0.11 	0.06 	0.0 	0.04 	0.05 	
60 	0.03 	0.04 	0.01 	0.11 	0.0 	0.01 	0.27 	0.01 	0.0 	0.03 	0.23 	0.01 	0.08 	0.03 	0.01 	0.03 	0.01 	0.02 	0.01 	0.06 	
61 	0.32 	0.1 	0.05 	0.01 	0.03 	0.03 	0.01 	0.06 	0.03 	0.06 	0.04 	0.13 	0.0 	0.01 	0.01 	0.05 	0.05 	0.0 	0.01 	0.01 	
62 	0.12 	0.01 	0.03 	0.03 	0.0 	0.01 	0.01 	0.21 	0.0 	0.04 	0.24 	0.09 	0.0 	0.01 	0.01 	0.09 	0.01 	0.0 	0.01 	0.1 	
63 	0.07 	0.04 	0.03 	0.02 	0.0 	0.05 	0.09 	0.02 	0.0 	0.04 	0.15 	0.03 	0.0 	0.02 	0.26 	0.06 	0.01 	0.0 	0.03 	0.05 	
64 	0.02 	0.01 	0.04 	0.03 	0.0 	0.07 	0.11 	0.07 	0.01 	0.07 	0.18 	0.09 	0.01 	0.01 	0.13 	0.08 	0.01 	0.0 	0.01 	0.04 	
65 	0.06 	0.09 	0.1 	0.08 	0.0 	0.01 	0.01 	0.01 	0.02 	0.06 	0.17 	0.01 	0.0 	0.23 	0.05 	0.05 	0.01 	0.0 	0.01 	0.01 	
66 	0.04 	0.07 	0.01 	0.06 	0.0 	0.03 	0.04 	0.01 	0.0 	0.01 	0.02 	0.01 	0.0 	0.01 	0.6 	0.01 	0.05 	0.0 	0.01 	0.01 	
67 	0.03 	0.04 	0.02 	0.05 	0.0 	0.02 	0.17 	0.03 	0.07 	0.03 	0.04 	0.11 	0.0 	0.02 	0.11 	0.18 	0.01 	0.0 	0.03 	0.01 	
68 	0.03 	0.06 	0.11 	0.06 	0.0 	0.04 	0.05 	0.01 	0.0 	0.01 	0.09 	0.37 	0.0 	0.01 	0.01 	0.03 	0.03 	0.07 	0.01 	0.01 	
69 	0.01 	0.36 	0.03 	0.01 	0.04 	0.04 	0.01 	0.03 	0.05 	0.01 	0.01 	0.14 	0.0 	0.03 	0.01 	0.1 	0.01 	0.06 	0.02 	0.03 	
70 	0.05 	0.07 	0.01 	0.01 	0.0 	0.01 	0.01 	0.01 	0.07 	0.23 	0.14 	0.03 	0.08 	0.02 	0.01 	0.08 	0.03 	0.0 	0.0 	0.16 	
71 	0.06 	0.08 	0.0 	0.01 	0.0 	0.0 	0.01 	0.01 	0.0 	0.37 	0.27 	0.01 	0.04 	0.06 	0.01 	0.01 	0.01 	0.0 	0.0 	0.06 	
72 	0.01 	0.04 	0.03 	0.01 	0.03 	0.01 	0.03 	0.08 	0.0 	0.01 	0.07 	0.01 	0.03 	0.0 	0.51 	0.08 	0.05 	0.0 	0.0 	0.01 	
73 	0.06 	0.01 	0.13 	0.02 	0.05 	0.0 	0.02 	0.04 	0.06 	0.01 	0.07 	0.14 	0.0 	0.13 	0.03 	0.02 	0.04 	0.0 	0.15 	0.01 	
74 	0.04 	0.09 	0.01 	0.01 	0.0 	0.01 	0.01 	0.01 	0.0 	0.08 	0.47 	0.07 	0.03 	0.04 	0.01 	0.01 	0.03 	0.0 	0.01 	0.05 	
75 	0.09 	0.05 	0.03 	0.05 	0.0 	0.07 	0.01 	0.01 	0.0 	0.01 	0.07 	0.01 	0.0 	0.01 	0.41 	0.06 	0.06 	0.0 	0.01 	0.04 	
76 	0.27 	0.01 	0.04 	0.01 	0.0 	0.01 	0.01 	0.36 	0.02 	0.03 	0.02 	0.01 	0.0 	0.03 	0.08 	0.06 	0.01 	0.0 	0.01 	0.01 	
77 	0.01 	0.04 	0.01 	0.1 	0.0 	0.03 	0.04 	0.01 	0.0 	0.07 	0.08 	0.29 	0.0 	0.01 	0.25 	0.01 	0.04 	0.0 	0.0 	0.01 	
78 	0.04 	0.16 	0.01 	0.05 	0.0 	0.01 	0.01 	0.04 	0.06 	0.14 	0.05 	0.15 	0.0 	0.01 	0.01 	0.06 	0.07 	0.0 	0.01 	0.12 	
79 	0.1 	0.04 	0.08 	0.04 	0.0 	0.01 	0.01 	0.05 	0.0 	0.08 	0.11 	0.07 	0.03 	0.06 	0.03 	0.06 	0.04 	0.1 	0.04 	0.02 	
80 	0.08 	0.01 	0.01 	0.04 	0.0 	0.01 	0.02 	0.02 	0.03 	0.1 	0.08 	0.05 	0.02 	0.23 	0.01 	0.09 	0.05 	0.0 	0.06 	0.06 	
81 	0.05 	0.15 	0.08 	0.1 	0.01 	0.01 	0.02 	0.16 	0.01 	0.01 	0.05 	0.13 	0.01 	0.01 	0.01 	0.07 	0.04 	0.0 	0.01 	0.07 	
82 	0.11 	0.1 	0.1 	0.16 	0.0 	0.01 	0.06 	0.16 	0.03 	0.01 	0.02 	0.03 	0.0 	0.01 	0.01 	0.13 	0.03 	0.0 	0.01 	0.01 	
83 	0.07 	0.09 	0.07 	0.07 	0.0 	0.15 	0.15 	0.05 	0.02 	0.01 	0.02 	0.07 	0.0 	0.01 	0.01 	0.12 	0.05 	0.0 	0.01 	0.01 	
84 	0.03 	0.19 	0.05 	0.16 	0.0 	0.02 	0.09 	0.01 	0.13 	0.01 	0.07 	0.05 	0.0 	0.01 	0.01 	0.12 	0.01 	0.0 	0.02 	0.01 	
85 	0.1 	0.0 	0.02 	0.06 	0.0 	0.0 	0.0 	0.0 	0.0 	0.12 	0.1 	0.0 	0.02 	0.25 	0.0 	0.04 	0.02 	0.0 	0.05 	0.19 	
86 	0.22 	0.03 	0.0 	0.02 	0.0 	0.0 	0.0 	0.04 	0.02 	0.22 	0.11 	0.0 	0.02 	0.03 	0.0 	0.03 	0.07 	0.0 	0.0 	0.16 	
87 	0.06 	0.04 	0.01 	0.0 	0.0 	0.06 	0.58 	0.0 	0.06 	0.0 	0.0 	0.06 	0.01 	0.0 	0.0 	0.06 	0.02 	0.0 	0.0 	0.03 	
88 	0.02 	0.16 	0.03 	0.02 	0.0 	0.09 	0.11 	0.01 	0.02 	0.0 	0.0 	0.28 	0.05 	0.0 	0.0 	0.08 	0.1 	0.0 	0.02 	0.02 	
89 	0.0 	0.84 	0.04 	0.0 	0.0 	0.0 	0.0 	0.0 	0.02 	0.0 	0.0 	0.02 	0.0 	0.03 	0.0 	0.04 	0.0 	0.0 	0.0 	0.0 	
90 	0.05 	0.31 	0.0 	0.0 	0.02 	0.1 	0.04 	0.0 	0.04 	0.1 	0.18 	0.13 	0.0 	0.02 	0.0 	0.0 	0.0 	0.0 	0.0 	0.0 	
91 	0.02 	0.27 	0.12 	0.0 	0.0 	0.02 	0.04 	0.13 	0.0 	0.08 	0.06 	0.09 	0.03 	0.0 	0.04 	0.02 	0.02 	0.0 	0.0 	0.04 	
92 	0.12 	0.0 	0.0 	0.23 	0.0 	0.08 	0.13 	0.11 	0.09 	0.0 	0.06 	0.0 	0.02 	0.01 	0.03 	0.04 	0.06 	0.0 	0.03 	0.0 	
93 	0.0 	0.0 	0.0 	0.0 	0.0 	0.0 	0.0 	0.0 	0.0 	0.04 	0.82 	0.0 	0.0 	0.05 	0.0 	0.0 	0.0 	0.0 	0.0 	0.08 	
94 	0.0 	0.0 	0.22 	0.11 	0.0 	0.22 	0.25 	0.0 	0.02 	0.0 	0.0 	0.06 	0.0 	0.0 	0.0 	0.06 	0.06 	0.0 	0.0 	0.0 	
95 	0.16 	0.12 	0.01 	0.02 	0.0 	0.0 	0.15 	0.02 	0.06 	0.02 	0.0 	0.17 	0.03 	0.0 	0.0 	0.05 	0.08 	0.0 	0.0 	0.09 	
96 	0.0 	0.0 	0.0 	0.0 	0.0 	0.0 	0.0 	0.05 	0.0 	0.0 	0.06 	0.0 	0.0 	0.3 	0.0 	0.0 	0.0 	0.0 	0.56 	0.0 	
97 	0.0 	0.0 	0.0 	0.0 	0.08 	0.0 	0.0 	0.0 	0.0 	0.09 	0.55 	0.0 	0.08 	0.02 	0.0 	0.03 	0.0 	0.0 	0.0 	0.12 	
98 	0.03 	0.22 	0.11 	0.03 	0.0 	0.25 	0.09 	0.01 	0.0 	0.02 	0.0 	0.15 	0.0 	0.0 	0.0 	0.05 	0.0 	0.02 	0.0 	0.0 	
99 	0.08 	0.09 	0.11 	0.09 	0.03 	0.08 	0.05 	0.02 	0.02 	0.0 	0.08 	0.05 	0.03 	0.02 	0.0 	0.09 	0.1 	0.0 	0.04 	0.0 	
100 	0.0 	0.0 	0.0 	0.0 	0.02 	0.0 	0.0 	0.0 	0.0 	0.07 	0.67 	0.0 	0.03 	0.04 	0.0 	0.0 	0.0 	0.0 	0.0 	0.14 	
101 	0.07 	0.03 	0.0 	0.0 	0.03 	0.0 	0.0 	0.0 	0.0 	0.15 	0.29 	0.0 	0.15 	0.07 	0.0 	0.03 	0.03 	0.0 	0.0 	0.13 	
102 	0.08 	0.14 	0.15 	0.0 	0.03 	0.02 	0.03 	0.02 	0.07 	0.0 	0.01 	0.08 	0.0 	0.03 	0.0 	0.31 	0.02 	0.0 	0.0 	0.0 	
103 	0.18 	0.02 	0.0 	0.0 	0.0 	0.05 	0.0 	0.04 	0.16 	0.0 	0.26 	0.0 	0.1 	0.0 	0.0 	0.0 	0.09 	0.0 	0.02 	0.06 	
104 	0.02 	0.0 	0.0 	0.04 	0.0 	0.0 	0.0 	0.0 	0.05 	0.0 	0.0 	0.0 	0.04 	0.04 	0.54 	0.16 	0.0 	0.0 	0.0 	0.09 	
105 	0.04 	0.03 	0.01 	0.08 	0.04 	0.01 	0.15 	0.01 	0.03 	0.02 	0.05 	0.03 	0.03 	0.01 	0.25 	0.05 	0.06 	0.0 	0.04 	0.07 	
106 	0.02 	0.1 	0.0 	0.06 	0.02 	0.1 	0.24 	0.03 	0.08 	0.0 	0.05 	0.15 	0.02 	0.0 	0.0 	0.01 	0.03 	0.02 	0.07 	0.0 	
107 	0.0 	0.0 	0.0 	0.0 	0.0 	0.0 	0.0 	0.0 	0.0 	0.22 	0.29 	0.0 	0.02 	0.06 	0.0 	0.04 	0.03 	0.03 	0.09 	0.24 	
108 	0.2 	0.08 	0.03 	0.0 	0.05 	0.0 	0.04 	0.0 	0.0 	0.03 	0.14 	0.04 	0.0 	0.02 	0.0 	0.31 	0.06 	0.0 	0.0 	0.0 	
109 	0.06 	0.2 	0.17 	0.04 	0.0 	0.1 	0.12 	0.0 	0.09 	0.0 	0.0 	0.11 	0.04 	0.0 	0.0 	0.0 	0.04 	0.0 	0.0 	0.0 	
110 	0.06 	0.0 	0.07 	0.1 	0.23 	0.0 	0.02 	0.01 	0.03 	0.0 	0.01 	0.0 	0.03 	0.0 	0.0 	0.41 	0.01 	0.0 	0.0 	0.01 	
111 	0.0 	0.02 	0.0 	0.26 	0.0 	0.03 	0.19 	0.0 	0.0 	0.02 	0.02 	0.05 	0.0 	0.0 	0.39 	0.02 	0.0 	0.0 	0.0 	0.0 	
112 	0.1 	0.04 	0.0 	0.1 	0.08 	0.01 	0.04 	0.0 	0.1 	0.06 	0.23 	0.03 	0.04 	0.0 	0.0 	0.0 	0.02 	0.0 	0.0 	0.13 	
113 	0.0 	0.0 	0.0 	0.0 	0.0 	0.0 	0.0 	0.0 	0.0 	0.03 	0.29 	0.05 	0.0 	0.03 	0.0 	0.0 	0.0 	0.0 	0.0 	0.61 	
114 	0.02 	0.15 	0.0 	0.0 	0.02 	0.08 	0.1 	0.0 	0.09 	0.03 	0.3 	0.06 	0.0 	0.01 	0.0 	0.0 	0.03 	0.0 	0.11 	0.0 	
115 	0.11 	0.08 	0.04 	0.14 	0.0 	0.02 	0.02 	0.05 	0.0 	0.04 	0.03 	0.1 	0.02 	0.0 	0.0 	0.1 	0.23 	0.0 	0.0 	0.03 	
116 	0.0 	0.0 	0.0 	0.0 	0.0 	0.0 	0.0 	0.0 	0.04 	0.0 	0.09 	0.0 	0.0 	0.84 	0.0 	0.0 	0.0 	0.03 	0.0 	0.0 	
117 	0.0 	0.0 	0.0 	0.0 	0.0 	0.0 	0.0 	0.0 	0.0 	0.02 	0.32 	0.0 	0.0 	0.63 	0.0 	0.0 	0.02 	0.0 	0.0 	0.02 	
118 	0.03 	0.0 	0.04 	0.06 	0.0 	0.1 	0.22 	0.0 	0.11 	0.0 	0.03 	0.07 	0.0 	0.0 	0.0 	0.12 	0.06 	0.0 	0.05 	0.12 	
119 	0.02 	0.07 	0.04 	0.0 	0.0 	0.05 	0.0 	0.0 	0.0 	0.08 	0.07 	0.0 	0.04 	0.0 	0.37 	0.03 	0.08 	0.0 	0.0 	0.16 	
120 	0.0 	0.18 	0.0 	0.0 	0.0 	0.12 	0.0 	0.0 	0.0 	0.04 	0.14 	0.14 	0.05 	0.0 	0.0 	0.28 	0.0 	0.0 	0.0 	0.03 	
121 	0.04 	0.01 	0.0 	0.05 	0.0 	0.0 	0.01 	0.01 	0.0 	0.01 	0.09 	0.01 	0.0 	0.0 	0.72 	0.01 	0.03 	0.0 	0.0 	0.01 	
122 	0.0 	0.14 	0.0 	0.26 	0.0 	0.0 	0.1 	0.06 	0.0 	0.0 	0.16 	0.03 	0.0 	0.0 	0.0 	0.0 	0.06 	0.0 	0.07 	0.09 	
123 	0.0 	0.0 	0.0 	0.77 	0.0 	0.0 	0.06 	0.0 	0.05 	0.0 	0.0 	0.0 	0.0 	0.0 	0.0 	0.0 	0.0 	0.0 	0.07 	0.0 	
124 	0.0 	0.0 	0.04 	0.0 	0.0 	0.14 	0.15 	0.0 	0.0 	0.12 	0.33 	0.0 	0.0 	0.0 	0.0 	0.06 	0.0 	0.0 	0.0 	0.13 	
125 	0.0 	0.0 	0.08 	0.05 	0.0 	0.07 	0.19 	0.0 	0.0 	0.0 	0.0 	0.3 	0.0 	0.0 	0.0 	0.11 	0.09 	0.0 	0.0 	0.09 	
126 	0.0 	0.0 	0.0 	0.14 	0.0 	0.0 	0.0 	0.0 	0.0 	0.0 	0.21 	0.0 	0.0 	0.0 	0.41 	0.07 	0.0 	0.0 	0.0 	0.17 	
127 	0.01 	0.0 	0.0 	0.01 	0.0 	0.0 	0.08 	0.08 	0.0 	0.0 	0.01 	0.12 	0.0 	0.0 	0.64 	0.01 	0.01 	0.0 	0.0 	0.01 	
128 	0.0 	0.0 	0.12 	0.0 	0.0 	0.16 	0.08 	0.12 	0.0 	0.1 	0.0 	0.07 	0.0 	0.0 	0.0 	0.08 	0.21 	0.0 	0.0 	0.04 	
129 	0.09 	0.0 	0.08 	0.4 	0.0 	0.15 	0.27 	0.0 	0.0 	0.0 	0.0 	0.0 	0.0 	0.0 	0.0 	0.0 	0.0 	0.0 	0.0 	0.0 	
130 	0.04 	0.0 	0.23 	0.15 	0.0 	0.0 	0.04 	0.08 	0.0 	0.0 	0.16 	0.0 	0.0 	0.0 	0.04 	0.14 	0.0 	0.0 	0.0 	0.1 	
131 	0.0 	0.09 	0.0 	0.0 	0.0 	0.39 	0.08 	0.0 	0.04 	0.0 	0.13 	0.04 	0.0 	0.0 	0.0 	0.0 	0.0 	0.0 	0.07 	0.15 	
132 	0.03 	0.09 	0.04 	0.17 	0.0 	0.0 	0.0 	0.18 	0.1 	0.04 	0.0 	0.0 	0.0 	0.09 	0.0 	0.11 	0.11 	0.0 	0.0 	0.03 	
133 	0.0 	0.0 	0.0 	0.0 	0.0 	0.0 	0.08 	0.04 	0.0 	0.0 	0.18 	0.5 	0.0 	0.0 	0.07 	0.12 	0.0 	0.0 	0.0 	0.0 	
134 	0.0 	0.32 	0.0 	0.0 	0.0 	0.0 	0.0 	0.09 	0.0 	0.11 	0.0 	0.33 	0.0 	0.0 	0.0 	0.16 	0.0 	0.0 	0.0 	0.0 	
135 	0.0 	0.04 	0.05 	0.0 	0.0 	0.11 	0.0 	0.0 	0.0 	0.0 	0.0 	0.08 	0.0 	0.0 	0.58 	0.09 	0.06 	0.0 	0.0 	0.0 	
136 	0.0 	0.1 	0.0 	0.0 	0.0 	0.0 	0.14 	0.0 	0.0 	0.0 	0.0 	0.3 	0.0 	0.0 	0.11 	0.2 	0.14 	0.0 	0.0 	0.0 	
137 	0.11 	0.0 	0.0 	0.1 	0.0 	0.05 	0.0 	0.0 	0.0 	0.0 	0.0 	0.0 	0.0 	0.12 	0.0 	0.25 	0.24 	0.0 	0.0 	0.13 	
138 	0.0 	0.0 	0.0 	0.0 	0.0 	0.12 	0.0 	0.12 	0.0 	0.0 	0.0 	0.1 	0.0 	0.14 	0.0 	0.15 	0.0 	0.18 	0.18 	0.0 	
139 	0.0 	0.0 	0.0 	0.0 	0.0 	0.0 	0.0 	0.0 	0.0 	0.15 	0.85 	0.0 	0.0 	0.0 	0.0 	0.0 	0.0 	0.0 	0.0 	0.0 	
140 	0.0 	0.0 	0.0 	0.0 	0.0 	0.0 	0.0 	0.0 	0.0 	0.0 	0.41 	0.0 	0.46 	0.0 	0.0 	0.0 	0.0 	0.0 	0.0 	0.14 	
