	A 	R 	N 	D 	C 	Q 	E 	G 	H 	I 	L 	K 	M 	F 	P 	S 	T 	W 	Y 	V 	
1 	0.0 	0.0 	0.0 	0.0 	0.0 	0.0 	0.0 	0.0 	0.0 	0.0 	0.0 	0.0 	0.0 	0.0 	0.0 	1.0 	0.0 	0.0 	0.0 	0.0 	
2 	0.0 	0.0 	0.0 	0.0 	0.0 	0.0 	0.0 	0.0 	0.0 	0.0 	0.0 	0.0 	0.0 	0.0 	0.0 	0.53 	0.47 	0.0 	0.0 	0.0 	
3 	1.0 	0.0 	0.0 	0.0 	0.0 	0.0 	0.0 	0.0 	0.0 	0.0 	0.0 	0.0 	0.0 	0.0 	0.0 	0.0 	0.0 	0.0 	0.0 	0.0 	
4 	0.26 	0.0 	0.0 	0.0 	0.0 	0.0 	0.0 	0.0 	0.0 	0.53 	0.0 	0.0 	0.0 	0.0 	0.0 	0.0 	0.0 	0.0 	0.0 	0.21 	
5 	0.0 	0.0 	0.0 	0.0 	0.0 	0.0 	0.0 	0.0 	0.0 	0.0 	0.63 	0.0 	0.0 	0.0 	0.2 	0.0 	0.18 	0.0 	0.0 	0.0 	
6 	0.0 	0.18 	0.0 	0.0 	0.0 	0.0 	0.0 	0.0 	0.13 	0.2 	0.0 	0.18 	0.0 	0.0 	0.14 	0.0 	0.0 	0.0 	0.19 	0.0 	
7 	0.0 	0.12 	0.0 	0.0 	0.0 	0.5 	0.0 	0.0 	0.0 	0.0 	0.0 	0.0 	0.24 	0.0 	0.0 	0.0 	0.0 	0.0 	0.0 	0.14 	
8 	0.0 	0.0 	0.0 	0.0 	0.0 	0.0 	0.0 	0.14 	0.0 	0.12 	0.08 	0.0 	0.21 	0.0 	0.0 	0.24 	0.2 	0.0 	0.0 	0.0 	
9 	0.0 	0.0 	0.0 	0.0 	0.0 	0.13 	0.0 	0.0 	0.0 	0.0 	0.0 	0.0 	0.0 	0.0 	0.78 	0.09 	0.0 	0.0 	0.0 	0.0 	
10 	0.0 	0.0 	0.1 	0.0 	0.0 	0.12 	0.0 	0.0 	0.0 	0.24 	0.23 	0.0 	0.0 	0.1 	0.0 	0.0 	0.0 	0.0 	0.0 	0.2 	
11 	0.0 	0.0 	0.0 	0.0 	0.0 	0.39 	0.0 	0.0 	0.23 	0.0 	0.0 	0.09 	0.0 	0.2 	0.0 	0.0 	0.0 	0.0 	0.09 	0.0 	
12 	0.2 	0.0 	0.0 	0.0 	0.0 	0.12 	0.0 	0.0 	0.0 	0.0 	0.41 	0.0 	0.0 	0.0 	0.0 	0.0 	0.0 	0.0 	0.0 	0.28 	
13 	0.0 	0.0 	0.0 	0.15 	0.0 	0.0 	0.0 	0.0 	0.0 	0.17 	0.17 	0.0 	0.12 	0.09 	0.0 	0.09 	0.21 	0.0 	0.0 	0.0 	
14 	0.0 	0.04 	0.0 	0.0 	0.0 	0.06 	0.07 	0.0 	0.0 	0.0 	0.0 	0.75 	0.0 	0.0 	0.0 	0.0 	0.08 	0.0 	0.0 	0.0 	
15 	0.0 	0.0 	0.0 	0.06 	0.07 	0.0 	0.0 	0.16 	0.0 	0.24 	0.0 	0.05 	0.0 	0.0 	0.0 	0.17 	0.15 	0.0 	0.0 	0.1 	
16 	0.0 	0.09 	0.0 	0.0 	0.0 	0.05 	0.17 	0.0 	0.0 	0.0 	0.0 	0.36 	0.0 	0.0 	0.05 	0.1 	0.13 	0.0 	0.0 	0.04 	
17 	0.0 	0.0 	0.35 	0.11 	0.0 	0.1 	0.0 	0.0 	0.0 	0.04 	0.04 	0.0 	0.0 	0.0 	0.06 	0.31 	0.0 	0.0 	0.0 	0.0 	
18 	0.1 	0.0 	0.0 	0.0 	0.0 	0.0 	0.0 	0.0 	0.0 	0.09 	0.43 	0.07 	0.0 	0.0 	0.15 	0.03 	0.0 	0.0 	0.0 	0.12 	
19 	0.23 	0.06 	0.05 	0.04 	0.0 	0.0 	0.19 	0.0 	0.0 	0.03 	0.04 	0.0 	0.0 	0.0 	0.13 	0.06 	0.06 	0.0 	0.0 	0.11 	
20 	0.15 	0.07 	0.0 	0.05 	0.0 	0.14 	0.2 	0.0 	0.0 	0.0 	0.03 	0.13 	0.0 	0.0 	0.05 	0.11 	0.06 	0.0 	0.0 	0.0 	
21 	0.05 	0.03 	0.0 	0.0 	0.0 	0.4 	0.19 	0.0 	0.11 	0.0 	0.0 	0.13 	0.04 	0.0 	0.0 	0.0 	0.04 	0.0 	0.0 	0.0 	
22 	0.14 	0.0 	0.0 	0.0 	0.0 	0.0 	0.0 	0.0 	0.0 	0.5 	0.18 	0.02 	0.03 	0.0 	0.0 	0.0 	0.0 	0.1 	0.0 	0.03 	
23 	0.08 	0.0 	0.03 	0.1 	0.0 	0.08 	0.09 	0.0 	0.07 	0.0 	0.04 	0.16 	0.0 	0.04 	0.0 	0.06 	0.04 	0.0 	0.0 	0.21 	
24 	0.13 	0.03 	0.05 	0.03 	0.0 	0.08 	0.32 	0.0 	0.0 	0.0 	0.0 	0.09 	0.0 	0.0 	0.0 	0.17 	0.08 	0.0 	0.0 	0.0 	
25 	0.04 	0.03 	0.0 	0.07 	0.0 	0.02 	0.15 	0.0 	0.0 	0.21 	0.11 	0.0 	0.03 	0.0 	0.0 	0.08 	0.03 	0.0 	0.0 	0.23 	
26 	0.04 	0.09 	0.0 	0.0 	0.0 	0.0 	0.0 	0.0 	0.0 	0.2 	0.47 	0.0 	0.08 	0.06 	0.0 	0.03 	0.0 	0.0 	0.0 	0.03 	
27 	0.07 	0.02 	0.09 	0.0 	0.0 	0.22 	0.0 	0.0 	0.04 	0.0 	0.0 	0.41 	0.05 	0.0 	0.0 	0.1 	0.0 	0.0 	0.0 	0.0 	
28 	0.04 	0.0 	0.08 	0.08 	0.0 	0.12 	0.21 	0.0 	0.23 	0.0 	0.04 	0.04 	0.0 	0.0 	0.0 	0.03 	0.12 	0.0 	0.0 	0.0 	
29 	0.04 	0.0 	0.0 	0.03 	0.0 	0.04 	0.0 	0.0 	0.0 	0.15 	0.48 	0.0 	0.03 	0.0 	0.1 	0.0 	0.04 	0.0 	0.05 	0.0 	
30 	0.1 	0.0 	0.0 	0.04 	0.04 	0.16 	0.13 	0.01 	0.0 	0.05 	0.07 	0.0 	0.0 	0.03 	0.0 	0.03 	0.03 	0.02 	0.0 	0.27 	
31 	0.01 	0.05 	0.0 	0.12 	0.0 	0.12 	0.27 	0.01 	0.0 	0.0 	0.04 	0.12 	0.0 	0.0 	0.07 	0.07 	0.08 	0.0 	0.04 	0.0 	
32 	0.04 	0.0 	0.15 	0.08 	0.0 	0.08 	0.08 	0.03 	0.02 	0.07 	0.12 	0.09 	0.03 	0.0 	0.0 	0.1 	0.03 	0.0 	0.05 	0.0 	
33 	0.0 	0.0 	0.23 	0.0 	0.0 	0.0 	0.06 	0.0 	0.0 	0.11 	0.01 	0.09 	0.0 	0.0 	0.12 	0.07 	0.28 	0.0 	0.0 	0.0 	
34 	0.04 	0.03 	0.07 	0.0 	0.0 	0.19 	0.12 	0.05 	0.0 	0.03 	0.11 	0.17 	0.03 	0.0 	0.0 	0.03 	0.05 	0.0 	0.03 	0.05 	
35 	0.03 	0.07 	0.08 	0.2 	0.0 	0.11 	0.14 	0.03 	0.0 	0.04 	0.13 	0.05 	0.0 	0.0 	0.0 	0.1 	0.0 	0.0 	0.0 	0.0 	
36 	0.01 	0.01 	0.03 	0.11 	0.0 	0.06 	0.07 	0.04 	0.07 	0.01 	0.06 	0.01 	0.04 	0.01 	0.07 	0.17 	0.17 	0.0 	0.07 	0.01 	
37 	0.09 	0.01 	0.04 	0.01 	0.0 	0.01 	0.01 	0.04 	0.0 	0.15 	0.11 	0.01 	0.0 	0.03 	0.07 	0.03 	0.04 	0.0 	0.0 	0.36 	
38 	0.04 	0.02 	0.0 	0.0 	0.0 	0.05 	0.12 	0.0 	0.24 	0.0 	0.0 	0.23 	0.0 	0.0 	0.03 	0.17 	0.04 	0.0 	0.06 	0.0 	
39 	0.13 	0.0 	0.06 	0.03 	0.0 	0.02 	0.33 	0.0 	0.0 	0.0 	0.04 	0.1 	0.0 	0.0 	0.05 	0.12 	0.03 	0.0 	0.0 	0.07 	
40 	0.03 	0.0 	0.17 	0.32 	0.0 	0.09 	0.21 	0.01 	0.11 	0.0 	0.01 	0.01 	0.0 	0.0 	0.0 	0.01 	0.01 	0.0 	0.0 	0.01 	
41 	0.43 	0.0 	0.11 	0.0 	0.0 	0.0 	0.0 	0.0 	0.0 	0.06 	0.0 	0.0 	0.0 	0.04 	0.0 	0.03 	0.24 	0.0 	0.05 	0.03 	
42 	0.17 	0.0 	0.0 	0.0 	0.0 	0.0 	0.0 	0.05 	0.0 	0.03 	0.19 	0.0 	0.06 	0.0 	0.29 	0.07 	0.0 	0.0 	0.0 	0.12 	
43 	0.22 	0.05 	0.0 	0.03 	0.0 	0.11 	0.15 	0.0 	0.05 	0.0 	0.08 	0.04 	0.0 	0.0 	0.0 	0.22 	0.0 	0.0 	0.03 	0.0 	
44 	0.0 	0.15 	0.0 	0.0 	0.0 	0.0 	0.0 	0.0 	0.03 	0.0 	0.07 	0.59 	0.0 	0.0 	0.0 	0.09 	0.05 	0.0 	0.0 	0.0 	
45 	0.03 	0.0 	0.0 	0.0 	0.0 	0.0 	0.0 	0.0 	0.0 	0.09 	0.04 	0.0 	0.0 	0.65 	0.0 	0.0 	0.0 	0.0 	0.09 	0.08 	
46 	0.15 	0.04 	0.12 	0.0 	0.0 	0.0 	0.0 	0.05 	0.03 	0.05 	0.33 	0.0 	0.07 	0.0 	0.0 	0.03 	0.05 	0.0 	0.0 	0.07 	
47 	0.09 	0.21 	0.03 	0.0 	0.0 	0.1 	0.12 	0.0 	0.0 	0.21 	0.0 	0.16 	0.03 	0.0 	0.0 	0.0 	0.06 	0.0 	0.0 	0.0 	
48 	0.08 	0.0 	0.0 	0.0 	0.0 	0.0 	0.0 	0.0 	0.0 	0.03 	0.65 	0.0 	0.03 	0.17 	0.0 	0.0 	0.0 	0.0 	0.0 	0.03 	
49 	0.0 	0.03 	0.03 	0.0 	0.04 	0.0 	0.0 	0.0 	0.0 	0.23 	0.04 	0.05 	0.03 	0.0 	0.0 	0.0 	0.12 	0.0 	0.0 	0.44 	
50 	0.04 	0.23 	0.09 	0.03 	0.0 	0.23 	0.05 	0.0 	0.07 	0.0 	0.0 	0.11 	0.0 	0.0 	0.0 	0.03 	0.11 	0.0 	0.0 	0.0 	
51 	0.08 	0.0 	0.0 	0.0 	0.0 	0.0 	0.09 	0.0 	0.11 	0.09 	0.42 	0.0 	0.04 	0.04 	0.0 	0.03 	0.0 	0.0 	0.0 	0.11 	
52 	0.0 	0.0 	0.0 	0.0 	0.03 	0.0 	0.0 	0.0 	0.0 	0.11 	0.58 	0.0 	0.07 	0.07 	0.0 	0.0 	0.0 	0.0 	0.0 	0.14 	
53 	0.08 	0.92 	0.0 	0.0 	0.0 	0.0 	0.0 	0.0 	0.0 	0.0 	0.0 	0.0 	0.0 	0.0 	0.0 	0.0 	0.0 	0.0 	0.0 	0.0 	
54 	0.13 	0.04 	0.08 	0.0 	0.0 	0.08 	0.03 	0.09 	0.0 	0.05 	0.03 	0.0 	0.06 	0.03 	0.0 	0.03 	0.31 	0.0 	0.0 	0.03 	
55 	0.28 	0.0 	0.0 	0.0 	0.09 	0.0 	0.0 	0.0 	0.0 	0.04 	0.14 	0.0 	0.23 	0.0 	0.0 	0.15 	0.03 	0.0 	0.0 	0.04 	
56 	0.0 	0.06 	0.2 	0.18 	0.0 	0.0 	0.0 	0.03 	0.0 	0.0 	0.0 	0.1 	0.0 	0.0 	0.04 	0.24 	0.16 	0.0 	0.0 	0.0 	
57 	0.1 	0.1 	0.0 	0.07 	0.0 	0.0 	0.12 	0.06 	0.02 	0.04 	0.0 	0.11 	0.0 	0.05 	0.0 	0.06 	0.1 	0.0 	0.15 	0.03 	
58 	0.0 	0.0 	0.0 	0.12 	0.0 	0.0 	0.55 	0.04 	0.0 	0.0 	0.0 	0.09 	0.0 	0.0 	0.05 	0.06 	0.1 	0.0 	0.0 	0.0 	
59 	0.09 	0.0 	0.13 	0.15 	0.0 	0.24 	0.18 	0.0 	0.0 	0.0 	0.0 	0.0 	0.0 	0.0 	0.0 	0.03 	0.06 	0.0 	0.05 	0.08 	
60 	0.0 	0.0 	0.0 	0.0 	0.0 	0.0 	0.0 	0.0 	0.0 	0.44 	0.46 	0.0 	0.0 	0.0 	0.0 	0.0 	0.0 	0.0 	0.03 	0.07 	
61 	0.03 	0.0 	0.02 	0.0 	0.0 	0.17 	0.24 	0.0 	0.0 	0.0 	0.19 	0.07 	0.03 	0.0 	0.0 	0.1 	0.09 	0.0 	0.03 	0.04 	
62 	0.07 	0.03 	0.0 	0.0 	0.0 	0.23 	0.23 	0.02 	0.0 	0.0 	0.0 	0.11 	0.02 	0.03 	0.0 	0.21 	0.05 	0.0 	0.0 	0.0 	
63 	0.06 	0.0 	0.0 	0.0 	0.0 	0.0 	0.0 	0.0 	0.0 	0.34 	0.31 	0.0 	0.0 	0.0 	0.0 	0.0 	0.08 	0.0 	0.08 	0.13 	
64 	0.14 	0.03 	0.0 	0.0 	0.0 	0.0 	0.06 	0.0 	0.07 	0.0 	0.2 	0.0 	0.0 	0.0 	0.0 	0.03 	0.06 	0.21 	0.15 	0.05 	
65 	0.06 	0.11 	0.08 	0.0 	0.0 	0.07 	0.05 	0.0 	0.04 	0.0 	0.02 	0.16 	0.0 	0.0 	0.09 	0.21 	0.09 	0.0 	0.0 	0.0 	
66 	0.04 	0.0 	0.04 	0.04 	0.0 	0.35 	0.03 	0.0 	0.08 	0.0 	0.07 	0.16 	0.02 	0.04 	0.0 	0.04 	0.07 	0.0 	0.0 	0.0 	
67 	0.0 	0.0 	0.0 	0.0 	0.0 	0.0 	0.06 	0.0 	0.0 	0.11 	0.18 	0.0 	0.06 	0.2 	0.04 	0.0 	0.0 	0.0 	0.1 	0.2 	
68 	0.1 	0.04 	0.07 	0.08 	0.0 	0.04 	0.06 	0.0 	0.11 	0.09 	0.0 	0.21 	0.0 	0.03 	0.0 	0.09 	0.0 	0.0 	0.1 	0.0 	
69 	0.12 	0.0 	0.0 	0.03 	0.0 	0.13 	0.17 	0.05 	0.0 	0.04 	0.0 	0.18 	0.0 	0.0 	0.04 	0.09 	0.1 	0.0 	0.0 	0.05 	
70 	0.06 	0.05 	0.09 	0.0 	0.0 	0.06 	0.09 	0.1 	0.06 	0.0 	0.0 	0.26 	0.02 	0.0 	0.0 	0.05 	0.02 	0.03 	0.0 	0.09 	
71 	0.15 	0.0 	0.0 	0.0 	0.0 	0.15 	0.0 	0.05 	0.0 	0.03 	0.0 	0.22 	0.0 	0.0 	0.08 	0.2 	0.05 	0.0 	0.03 	0.06 	
72 	0.08 	0.07 	0.04 	0.19 	0.0 	0.05 	0.1 	0.06 	0.0 	0.0 	0.12 	0.09 	0.0 	0.0 	0.02 	0.09 	0.05 	0.0 	0.0 	0.04 	
73 	0.01 	0.03 	0.0 	0.0 	0.0 	0.0 	0.12 	0.01 	0.08 	0.03 	0.09 	0.1 	0.05 	0.04 	0.06 	0.07 	0.04 	0.0 	0.2 	0.06 	
74 	0.01 	0.4 	0.03 	0.07 	0.0 	0.14 	0.05 	0.01 	0.0 	0.0 	0.06 	0.11 	0.0 	0.0 	0.0 	0.01 	0.03 	0.04 	0.03 	0.01 	
75 	0.03 	0.18 	0.04 	0.0 	0.0 	0.06 	0.01 	0.04 	0.07 	0.0 	0.01 	0.09 	0.04 	0.0 	0.14 	0.11 	0.12 	0.0 	0.0 	0.05 	
76 	0.01 	0.0 	0.0 	0.0 	0.02 	0.05 	0.01 	0.01 	0.0 	0.16 	0.07 	0.01 	0.0 	0.0 	0.0 	0.03 	0.03 	0.31 	0.08 	0.19 	
77 	0.0 	0.0 	0.0 	0.0 	0.0 	0.0 	0.0 	0.0 	0.0 	0.2 	0.31 	0.0 	0.04 	0.15 	0.0 	0.03 	0.09 	0.0 	0.16 	0.0 	
78 	0.03 	0.09 	0.0 	0.0 	0.0 	0.0 	0.04 	0.0 	0.0 	0.06 	0.45 	0.0 	0.03 	0.11 	0.0 	0.0 	0.03 	0.03 	0.0 	0.11 	
79 	0.0 	0.0 	0.06 	0.69 	0.0 	0.14 	0.03 	0.0 	0.0 	0.0 	0.0 	0.0 	0.0 	0.0 	0.0 	0.05 	0.04 	0.0 	0.0 	0.0 	
80 	0.61 	0.0 	0.0 	0.0 	0.0 	0.0 	0.0 	0.08 	0.03 	0.0 	0.08 	0.0 	0.03 	0.0 	0.0 	0.08 	0.1 	0.0 	0.0 	0.0 	
81 	0.03 	0.0 	0.0 	0.0 	0.0 	0.0 	0.0 	0.0 	0.0 	0.09 	0.37 	0.0 	0.0 	0.0 	0.0 	0.0 	0.0 	0.0 	0.0 	0.51 	
82 	0.23 	0.0 	0.0 	0.0 	0.0 	0.0 	0.0 	0.0 	0.0 	0.08 	0.09 	0.0 	0.0 	0.08 	0.19 	0.06 	0.18 	0.0 	0.0 	0.11 	
83 	0.19 	0.11 	0.0 	0.0 	0.0 	0.19 	0.09 	0.0 	0.1 	0.03 	0.03 	0.0 	0.02 	0.04 	0.0 	0.16 	0.0 	0.0 	0.0 	0.04 	
84 	0.59 	0.0 	0.0 	0.0 	0.09 	0.0 	0.0 	0.0 	0.0 	0.09 	0.0 	0.0 	0.04 	0.0 	0.0 	0.06 	0.14 	0.0 	0.0 	0.0 	
85 	0.09 	0.0 	0.0 	0.0 	0.0 	0.11 	0.0 	0.68 	0.04 	0.0 	0.0 	0.0 	0.0 	0.0 	0.0 	0.08 	0.0 	0.0 	0.0 	0.0 	
86 	0.0 	0.0 	0.0 	0.0 	0.0 	0.09 	0.04 	0.0 	0.0 	0.0 	0.0 	0.0 	0.0 	0.0 	0.0 	0.05 	0.82 	0.0 	0.0 	0.0 	
87 	0.04 	0.03 	0.0 	0.0 	0.0 	0.0 	0.05 	0.21 	0.09 	0.0 	0.03 	0.1 	0.0 	0.02 	0.25 	0.12 	0.03 	0.0 	0.0 	0.02 	
88 	0.05 	0.03 	0.07 	0.17 	0.0 	0.06 	0.17 	0.04 	0.0 	0.0 	0.0 	0.0 	0.0 	0.0 	0.25 	0.03 	0.02 	0.0 	0.0 	0.11 	
89 	0.49 	0.0 	0.0 	0.0 	0.11 	0.0 	0.0 	0.02 	0.0 	0.0 	0.0 	0.0 	0.0 	0.0 	0.0 	0.22 	0.16 	0.0 	0.0 	0.0 	
90 	0.04 	0.0 	0.0 	0.0 	0.0 	0.0 	0.0 	0.0 	0.0 	0.13 	0.39 	0.0 	0.0 	0.15 	0.0 	0.03 	0.0 	0.0 	0.08 	0.18 	
91 	0.0 	0.14 	0.05 	0.05 	0.0 	0.1 	0.16 	0.0 	0.0 	0.03 	0.1 	0.21 	0.0 	0.0 	0.0 	0.03 	0.09 	0.0 	0.0 	0.05 	
92 	0.14 	0.0 	0.03 	0.0 	0.0 	0.03 	0.03 	0.0 	0.18 	0.0 	0.03 	0.0 	0.03 	0.29 	0.0 	0.03 	0.09 	0.0 	0.0 	0.12 	
93 	0.05 	0.0 	0.0 	0.0 	0.0 	0.0 	0.0 	0.0 	0.0 	0.62 	0.2 	0.0 	0.04 	0.0 	0.0 	0.03 	0.0 	0.0 	0.0 	0.06 	
94 	0.03 	0.03 	0.0 	0.03 	0.0 	0.03 	0.05 	0.0 	0.03 	0.08 	0.29 	0.25 	0.0 	0.03 	0.0 	0.03 	0.02 	0.0 	0.0 	0.09 	
95 	0.0 	0.07 	0.15 	0.19 	0.0 	0.17 	0.14 	0.0 	0.07 	0.03 	0.0 	0.1 	0.0 	0.0 	0.0 	0.03 	0.03 	0.0 	0.0 	0.03 	
96 	0.0 	0.05 	0.05 	0.0 	0.0 	0.04 	0.04 	0.0 	0.07 	0.03 	0.06 	0.13 	0.03 	0.14 	0.0 	0.0 	0.04 	0.3 	0.0 	0.03 	
97 	0.0 	0.0 	0.0 	0.0 	0.0 	0.03 	0.0 	0.0 	0.0 	0.43 	0.42 	0.0 	0.03 	0.09 	0.0 	0.0 	0.0 	0.0 	0.0 	0.0 	
98 	0.04 	0.06 	0.03 	0.09 	0.0 	0.0 	0.24 	0.01 	0.02 	0.04 	0.03 	0.26 	0.05 	0.0 	0.0 	0.08 	0.0 	0.0 	0.0 	0.03 	
99 	0.07 	0.13 	0.21 	0.0 	0.0 	0.0 	0.03 	0.0 	0.0 	0.0 	0.0 	0.22 	0.0 	0.0 	0.0 	0.2 	0.12 	0.0 	0.0 	0.0 	
100 	0.0 	0.02 	0.0 	0.08 	0.0 	0.03 	0.2 	0.2 	0.0 	0.0 	0.0 	0.29 	0.0 	0.04 	0.0 	0.09 	0.0 	0.0 	0.0 	0.03 	
101 	0.0 	0.04 	0.03 	0.29 	0.0 	0.11 	0.17 	0.0 	0.03 	0.05 	0.0 	0.18 	0.0 	0.0 	0.0 	0.04 	0.04 	0.0 	0.03 	0.0 	
102 	0.13 	0.0 	0.0 	0.0 	0.0 	0.0 	0.0 	0.0 	0.0 	0.3 	0.31 	0.0 	0.0 	0.03 	0.0 	0.09 	0.04 	0.0 	0.0 	0.08 	
103 	0.03 	0.03 	0.08 	0.0 	0.0 	0.06 	0.0 	0.0 	0.06 	0.0 	0.0 	0.17 	0.0 	0.05 	0.0 	0.16 	0.31 	0.0 	0.0 	0.03 	
104 	0.03 	0.0 	0.03 	0.08 	0.0 	0.04 	0.08 	0.12 	0.0 	0.13 	0.0 	0.03 	0.0 	0.0 	0.22 	0.13 	0.03 	0.0 	0.08 	0.0 	
105 	0.14 	0.0 	0.0 	0.0 	0.0 	0.02 	0.12 	0.04 	0.0 	0.09 	0.22 	0.04 	0.07 	0.02 	0.0 	0.0 	0.08 	0.03 	0.03 	0.07 	
106 	0.0 	0.09 	0.0 	0.0 	0.0 	0.06 	0.55 	0.0 	0.0 	0.0 	0.17 	0.06 	0.0 	0.0 	0.0 	0.0 	0.05 	0.0 	0.0 	0.0 	
107 	0.55 	0.0 	0.0 	0.0 	0.0 	0.12 	0.0 	0.03 	0.0 	0.09 	0.04 	0.04 	0.0 	0.05 	0.0 	0.03 	0.03 	0.0 	0.0 	0.03 	
108 	0.5 	0.0 	0.03 	0.09 	0.0 	0.0 	0.08 	0.0 	0.03 	0.02 	0.07 	0.0 	0.0 	0.0 	0.0 	0.06 	0.04 	0.0 	0.05 	0.03 	
109 	0.0 	0.11 	0.04 	0.0 	0.0 	0.28 	0.15 	0.0 	0.03 	0.08 	0.15 	0.03 	0.03 	0.0 	0.0 	0.0 	0.03 	0.0 	0.0 	0.08 	
110 	0.14 	0.0 	0.0 	0.0 	0.0 	0.0 	0.0 	0.0 	0.0 	0.1 	0.23 	0.0 	0.0 	0.08 	0.0 	0.05 	0.08 	0.03 	0.04 	0.24 	
111 	0.0 	0.0 	0.0 	0.0 	0.0 	0.0 	0.0 	0.0 	0.0 	0.25 	0.31 	0.0 	0.06 	0.06 	0.0 	0.0 	0.13 	0.0 	0.03 	0.16 	
112 	0.15 	0.0 	0.0 	0.0 	0.0 	0.0 	0.0 	0.08 	0.0 	0.02 	0.14 	0.13 	0.03 	0.0 	0.0 	0.14 	0.02 	0.0 	0.21 	0.08 	
113 	0.21 	0.0 	0.0 	0.0 	0.0 	0.02 	0.0 	0.0 	0.0 	0.03 	0.11 	0.09 	0.0 	0.02 	0.0 	0.27 	0.14 	0.0 	0.0 	0.11 	
114 	0.18 	0.0 	0.0 	0.0 	0.11 	0.0 	0.0 	0.0 	0.0 	0.11 	0.34 	0.0 	0.06 	0.0 	0.0 	0.07 	0.06 	0.0 	0.0 	0.07 	
115 	0.18 	0.0 	0.04 	0.0 	0.0 	0.12 	0.0 	0.12 	0.0 	0.0 	0.14 	0.0 	0.05 	0.0 	0.21 	0.0 	0.03 	0.0 	0.04 	0.08 	
116 	0.0 	0.14 	0.03 	0.03 	0.0 	0.0 	0.1 	0.0 	0.18 	0.04 	0.13 	0.11 	0.0 	0.14 	0.0 	0.09 	0.0 	0.0 	0.0 	0.0 	
117 	0.21 	0.0 	0.06 	0.0 	0.0 	0.0 	0.0 	0.0 	0.0 	0.19 	0.08 	0.0 	0.08 	0.0 	0.0 	0.08 	0.24 	0.0 	0.0 	0.07 	
118 	0.08 	0.15 	0.0 	0.0 	0.0 	0.07 	0.0 	0.0 	0.0 	0.0 	0.1 	0.04 	0.0 	0.0 	0.2 	0.12 	0.02 	0.0 	0.0 	0.21 	
119 	0.07 	0.14 	0.06 	0.0 	0.0 	0.09 	0.03 	0.0 	0.2 	0.03 	0.0 	0.03 	0.03 	0.05 	0.0 	0.07 	0.08 	0.0 	0.12 	0.0 	
120 	0.17 	0.0 	0.0 	0.0 	0.0 	0.0 	0.0 	0.0 	0.0 	0.0 	0.0 	0.0 	0.0 	0.0 	0.73 	0.0 	0.02 	0.0 	0.0 	0.08 	
121 	0.0 	0.0 	0.12 	0.23 	0.0 	0.0 	0.0 	0.02 	0.0 	0.05 	0.0 	0.0 	0.0 	0.0 	0.0 	0.25 	0.33 	0.0 	0.0 	0.0 	
122 	0.03 	0.04 	0.03 	0.06 	0.0 	0.08 	0.26 	0.0 	0.02 	0.04 	0.11 	0.08 	0.0 	0.0 	0.16 	0.03 	0.03 	0.0 	0.0 	0.03 	
123 	0.03 	0.02 	0.05 	0.03 	0.0 	0.17 	0.42 	0.0 	0.1 	0.0 	0.0 	0.08 	0.0 	0.0 	0.03 	0.04 	0.03 	0.0 	0.0 	0.0 	
124 	0.1 	0.06 	0.02 	0.0 	0.0 	0.03 	0.0 	0.0 	0.0 	0.23 	0.14 	0.0 	0.0 	0.0 	0.0 	0.07 	0.09 	0.0 	0.2 	0.06 	
125 	0.13 	0.0 	0.0 	0.0 	0.0 	0.0 	0.0 	0.0 	0.0 	0.14 	0.36 	0.0 	0.14 	0.05 	0.0 	0.0 	0.0 	0.0 	0.0 	0.17 	
126 	0.03 	0.2 	0.07 	0.04 	0.0 	0.16 	0.12 	0.0 	0.08 	0.0 	0.0 	0.18 	0.0 	0.0 	0.03 	0.04 	0.03 	0.0 	0.0 	0.03 	
127 	0.27 	0.0 	0.0 	0.03 	0.0 	0.08 	0.2 	0.0 	0.0 	0.05 	0.11 	0.05 	0.02 	0.0 	0.0 	0.12 	0.0 	0.0 	0.07 	0.0 	
128 	0.19 	0.0 	0.0 	0.0 	0.0 	0.03 	0.0 	0.0 	0.0 	0.15 	0.3 	0.0 	0.0 	0.29 	0.0 	0.02 	0.0 	0.0 	0.0 	0.02 	
129 	0.18 	0.04 	0.03 	0.0 	0.0 	0.0 	0.12 	0.0 	0.03 	0.14 	0.04 	0.0 	0.0 	0.32 	0.0 	0.03 	0.07 	0.0 	0.0 	0.0 	
130 	0.0 	0.06 	0.12 	0.05 	0.0 	0.04 	0.2 	0.11 	0.0 	0.0 	0.06 	0.08 	0.0 	0.0 	0.04 	0.23 	0.0 	0.0 	0.0 	0.0 	
131 	0.0 	0.0 	0.0 	0.0 	0.0 	0.04 	0.0 	0.0 	0.0 	0.03 	0.61 	0.11 	0.06 	0.09 	0.0 	0.0 	0.06 	0.0 	0.0 	0.0 	
132 	0.27 	0.0 	0.0 	0.0 	0.06 	0.0 	0.0 	0.0 	0.05 	0.08 	0.18 	0.0 	0.03 	0.15 	0.0 	0.0 	0.0 	0.0 	0.0 	0.19 	
133 	0.0 	0.07 	0.02 	0.09 	0.0 	0.1 	0.13 	0.0 	0.07 	0.0 	0.0 	0.28 	0.03 	0.05 	0.0 	0.0 	0.11 	0.0 	0.0 	0.03 	
134 	0.01 	0.0 	0.06 	0.17 	0.0 	0.0 	0.09 	0.12 	0.0 	0.0 	0.01 	0.03 	0.04 	0.0 	0.0 	0.39 	0.07 	0.0 	0.0 	0.0 	
135 	0.01 	0.06 	0.0 	0.12 	0.0 	0.06 	0.03 	0.01 	0.06 	0.01 	0.08 	0.04 	0.0 	0.0 	0.24 	0.23 	0.03 	0.0 	0.0 	0.01 	
136 	0.07 	0.14 	0.03 	0.01 	0.03 	0.12 	0.01 	0.06 	0.0 	0.06 	0.05 	0.11 	0.03 	0.13 	0.01 	0.01 	0.01 	0.0 	0.0 	0.15 	
137 	0.05 	0.01 	0.03 	0.01 	0.0 	0.01 	0.01 	0.06 	0.0 	0.12 	0.06 	0.01 	0.0 	0.01 	0.08 	0.19 	0.01 	0.0 	0.0 	0.35 	
138 	0.01 	0.24 	0.01 	0.01 	0.0 	0.08 	0.05 	0.01 	0.03 	0.01 	0.06 	0.07 	0.09 	0.01 	0.01 	0.19 	0.08 	0.0 	0.0 	0.03 	
139 	0.05 	0.04 	0.28 	0.05 	0.0 	0.09 	0.06 	0.07 	0.03 	0.01 	0.02 	0.15 	0.0 	0.01 	0.01 	0.08 	0.04 	0.0 	0.01 	0.01 	
140 	0.01 	0.04 	0.11 	0.1 	0.03 	0.24 	0.07 	0.01 	0.03 	0.01 	0.05 	0.01 	0.0 	0.08 	0.01 	0.09 	0.04 	0.0 	0.07 	0.01 	
141 	0.12 	0.04 	0.01 	0.01 	0.0 	0.07 	0.16 	0.01 	0.0 	0.01 	0.05 	0.07 	0.04 	0.01 	0.28 	0.09 	0.01 	0.0 	0.01 	0.01 	
142 	0.04 	0.01 	0.12 	0.03 	0.0 	0.01 	0.01 	0.04 	0.0 	0.08 	0.04 	0.01 	0.0 	0.1 	0.05 	0.01 	0.11 	0.0 	0.14 	0.17 	
143 	0.08 	0.01 	0.0 	0.01 	0.0 	0.0 	0.01 	0.01 	0.0 	0.11 	0.6 	0.01 	0.0 	0.0 	0.01 	0.01 	0.01 	0.0 	0.0 	0.14 	
144 	0.06 	0.4 	0.27 	0.01 	0.0 	0.03 	0.01 	0.01 	0.03 	0.01 	0.04 	0.01 	0.0 	0.0 	0.11 	0.01 	0.01 	0.0 	0.0 	0.01 	
145 	0.03 	0.0 	0.0 	0.0 	0.0 	0.18 	0.19 	0.0 	0.05 	0.0 	0.01 	0.19 	0.0 	0.0 	0.05 	0.13 	0.1 	0.0 	0.0 	0.05 	
146 	0.11 	0.0 	0.0 	0.05 	0.0 	0.0 	0.11 	0.0 	0.05 	0.0 	0.05 	0.0 	0.0 	0.0 	0.0 	0.38 	0.16 	0.0 	0.0 	0.08 	
147 	0.49 	0.0 	0.0 	0.0 	0.12 	0.0 	0.0 	0.03 	0.0 	0.0 	0.08 	0.0 	0.0 	0.0 	0.0 	0.0 	0.08 	0.0 	0.0 	0.19 	
148 	0.0 	0.0 	0.0 	0.0 	0.08 	0.0 	0.0 	0.0 	0.0 	0.05 	0.25 	0.0 	0.16 	0.06 	0.05 	0.0 	0.04 	0.13 	0.08 	0.12 	
149 	0.0 	0.0 	0.03 	0.0 	0.0 	0.0 	0.0 	0.0 	0.0 	0.18 	0.68 	0.0 	0.03 	0.03 	0.0 	0.0 	0.0 	0.0 	0.06 	0.0 	
150 	0.46 	0.0 	0.0 	0.0 	0.0 	0.0 	0.0 	0.2 	0.0 	0.11 	0.0 	0.0 	0.0 	0.0 	0.0 	0.2 	0.03 	0.0 	0.0 	0.0 	
151 	0.18 	0.0 	0.0 	0.0 	0.0 	0.0 	0.05 	0.0 	0.0 	0.12 	0.08 	0.0 	0.0 	0.17 	0.0 	0.0 	0.02 	0.0 	0.33 	0.04 	
152 	0.15 	0.0 	0.0 	0.05 	0.04 	0.0 	0.0 	0.53 	0.0 	0.0 	0.0 	0.0 	0.0 	0.03 	0.0 	0.14 	0.06 	0.0 	0.0 	0.0 	
153 	0.15 	0.08 	0.1 	0.03 	0.0 	0.0 	0.11 	0.0 	0.06 	0.03 	0.0 	0.06 	0.0 	0.0 	0.0 	0.25 	0.13 	0.0 	0.0 	0.0 	
154 	0.06 	0.0 	0.0 	0.0 	0.0 	0.0 	0.0 	0.0 	0.0 	0.03 	0.42 	0.0 	0.23 	0.11 	0.0 	0.0 	0.0 	0.0 	0.0 	0.16 	
155 	0.0 	0.0 	0.0 	0.03 	0.03 	0.0 	0.0 	0.03 	0.0 	0.1 	0.08 	0.0 	0.0 	0.0 	0.0 	0.0 	0.0 	0.0 	0.05 	0.67 	
156 	0.04 	0.28 	0.3 	0.0 	0.0 	0.0 	0.0 	0.07 	0.15 	0.0 	0.0 	0.0 	0.0 	0.09 	0.03 	0.02 	0.0 	0.0 	0.0 	0.0 	
157 	0.03 	0.23 	0.12 	0.05 	0.0 	0.03 	0.0 	0.1 	0.04 	0.0 	0.03 	0.31 	0.0 	0.0 	0.0 	0.06 	0.0 	0.0 	0.0 	0.0 	
158 	0.06 	0.06 	0.08 	0.0 	0.0 	0.0 	0.0 	0.03 	0.0 	0.0 	0.11 	0.0 	0.0 	0.04 	0.0 	0.02 	0.0 	0.0 	0.49 	0.09 	
159 	0.04 	0.0 	0.0 	0.0 	0.58 	0.07 	0.0 	0.0 	0.06 	0.03 	0.0 	0.0 	0.0 	0.0 	0.03 	0.03 	0.03 	0.0 	0.14 	0.0 	
160 	0.09 	0.1 	0.06 	0.02 	0.03 	0.11 	0.0 	0.13 	0.0 	0.05 	0.0 	0.07 	0.0 	0.0 	0.03 	0.1 	0.0 	0.0 	0.0 	0.2 	
161 	0.03 	0.0 	0.28 	0.0 	0.0 	0.11 	0.14 	0.02 	0.1 	0.03 	0.0 	0.09 	0.0 	0.0 	0.08 	0.06 	0.03 	0.0 	0.0 	0.03 	
162 	0.0 	0.03 	0.15 	0.0 	0.0 	0.05 	0.08 	0.03 	0.06 	0.0 	0.08 	0.08 	0.05 	0.0 	0.03 	0.0 	0.29 	0.0 	0.04 	0.03 	
163 	0.0 	0.06 	0.11 	0.03 	0.04 	0.07 	0.0 	0.11 	0.0 	0.0 	0.02 	0.03 	0.0 	0.03 	0.15 	0.05 	0.05 	0.0 	0.07 	0.18 	
164 	0.17 	0.06 	0.07 	0.13 	0.11 	0.04 	0.05 	0.0 	0.03 	0.0 	0.0 	0.0 	0.0 	0.0 	0.0 	0.2 	0.11 	0.0 	0.02 	0.0 	
165 	0.06 	0.03 	0.0 	0.0 	0.36 	0.0 	0.09 	0.07 	0.0 	0.07 	0.08 	0.14 	0.0 	0.03 	0.0 	0.05 	0.0 	0.0 	0.02 	0.0 	
166 	0.03 	0.05 	0.0 	0.08 	0.0 	0.03 	0.0 	0.0 	0.1 	0.06 	0.11 	0.0 	0.0 	0.04 	0.3 	0.04 	0.06 	0.0 	0.07 	0.03 	
167 	0.02 	0.06 	0.12 	0.2 	0.0 	0.07 	0.12 	0.05 	0.0 	0.0 	0.0 	0.19 	0.0 	0.0 	0.05 	0.08 	0.0 	0.0 	0.0 	0.02 	
168 	0.12 	0.03 	0.09 	0.03 	0.0 	0.06 	0.37 	0.03 	0.02 	0.0 	0.0 	0.1 	0.0 	0.0 	0.03 	0.0 	0.04 	0.0 	0.09 	0.0 	
169 	0.13 	0.0 	0.0 	0.0 	0.03 	0.0 	0.03 	0.0 	0.0 	0.08 	0.33 	0.04 	0.03 	0.03 	0.0 	0.0 	0.0 	0.0 	0.14 	0.17 	
170 	0.05 	0.0 	0.0 	0.0 	0.0 	0.0 	0.05 	0.07 	0.0 	0.18 	0.35 	0.06 	0.0 	0.0 	0.0 	0.05 	0.0 	0.0 	0.0 	0.16 	
171 	0.0 	0.03 	0.15 	0.06 	0.0 	0.13 	0.2 	0.0 	0.0 	0.0 	0.03 	0.25 	0.0 	0.0 	0.07 	0.06 	0.0 	0.0 	0.0 	0.0 	
172 	0.11 	0.07 	0.0 	0.03 	0.0 	0.06 	0.05 	0.0 	0.0 	0.03 	0.0 	0.14 	0.0 	0.05 	0.24 	0.0 	0.03 	0.03 	0.12 	0.03 	
173 	0.03 	0.0 	0.0 	0.0 	0.0 	0.0 	0.0 	0.0 	0.0 	0.24 	0.26 	0.11 	0.0 	0.16 	0.0 	0.0 	0.03 	0.0 	0.0 	0.17 	
174 	0.17 	0.1 	0.03 	0.03 	0.0 	0.1 	0.0 	0.0 	0.28 	0.0 	0.0 	0.11 	0.0 	0.0 	0.05 	0.08 	0.0 	0.0 	0.03 	0.03 	
175 	0.09 	0.0 	0.17 	0.18 	0.0 	0.02 	0.08 	0.03 	0.03 	0.0 	0.11 	0.03 	0.0 	0.0 	0.0 	0.0 	0.08 	0.0 	0.08 	0.1 	
176 	0.03 	0.02 	0.0 	0.03 	0.03 	0.1 	0.03 	0.04 	0.08 	0.14 	0.22 	0.06 	0.0 	0.18 	0.0 	0.0 	0.0 	0.0 	0.03 	0.0 	
177 	0.13 	0.0 	0.0 	0.0 	0.07 	0.0 	0.0 	0.0 	0.0 	0.06 	0.5 	0.0 	0.13 	0.0 	0.0 	0.0 	0.04 	0.0 	0.0 	0.05 	
178 	0.08 	0.08 	0.02 	0.03 	0.0 	0.15 	0.09 	0.14 	0.0 	0.0 	0.0 	0.11 	0.03 	0.0 	0.0 	0.17 	0.06 	0.0 	0.0 	0.03 	
179 	0.04 	0.04 	0.03 	0.05 	0.0 	0.2 	0.19 	0.15 	0.08 	0.0 	0.01 	0.15 	0.0 	0.0 	0.05 	0.0 	0.0 	0.0 	0.0 	0.0 	
180 	0.29 	0.0 	0.0 	0.0 	0.04 	0.03 	0.0 	0.06 	0.04 	0.03 	0.16 	0.0 	0.03 	0.07 	0.04 	0.12 	0.04 	0.0 	0.03 	0.0 	
181 	0.07 	0.05 	0.03 	0.04 	0.0 	0.03 	0.14 	0.05 	0.0 	0.16 	0.06 	0.11 	0.0 	0.0 	0.0 	0.04 	0.04 	0.0 	0.05 	0.12 	
182 	0.05 	0.03 	0.21 	0.12 	0.0 	0.06 	0.06 	0.08 	0.0 	0.0 	0.03 	0.15 	0.0 	0.0 	0.04 	0.15 	0.0 	0.0 	0.0 	0.0 	
183 	0.2 	0.09 	0.12 	0.12 	0.0 	0.05 	0.08 	0.0 	0.0 	0.0 	0.0 	0.17 	0.0 	0.0 	0.04 	0.04 	0.0 	0.0 	0.04 	0.04 	
184 	0.12 	0.03 	0.08 	0.04 	0.0 	0.0 	0.21 	0.27 	0.0 	0.0 	0.04 	0.06 	0.0 	0.0 	0.03 	0.08 	0.04 	0.0 	0.0 	0.0 	
185 	0.0 	0.03 	0.14 	0.32 	0.0 	0.0 	0.02 	0.03 	0.05 	0.0 	0.0 	0.24 	0.0 	0.0 	0.0 	0.07 	0.06 	0.0 	0.04 	0.0 	
186 	0.0 	0.09 	0.1 	0.08 	0.0 	0.0 	0.31 	0.0 	0.0 	0.03 	0.0 	0.11 	0.0 	0.02 	0.0 	0.14 	0.09 	0.0 	0.02 	0.0 	
187 	0.0 	0.05 	0.06 	0.17 	0.0 	0.03 	0.39 	0.0 	0.03 	0.0 	0.0 	0.0 	0.0 	0.0 	0.03 	0.0 	0.03 	0.05 	0.13 	0.03 	
188 	0.0 	0.13 	0.02 	0.13 	0.0 	0.05 	0.27 	0.0 	0.03 	0.0 	0.0 	0.23 	0.0 	0.0 	0.0 	0.0 	0.0 	0.0 	0.07 	0.08 	
189 	0.11 	0.05 	0.0 	0.0 	0.0 	0.0 	0.0 	0.0 	0.0 	0.38 	0.05 	0.13 	0.03 	0.0 	0.0 	0.0 	0.19 	0.0 	0.0 	0.06 	
190 	0.02 	0.02 	0.0 	0.0 	0.0 	0.2 	0.0 	0.0 	0.03 	0.09 	0.12 	0.03 	0.02 	0.06 	0.04 	0.05 	0.04 	0.0 	0.03 	0.26 	
191 	0.11 	0.0 	0.0 	0.0 	0.0 	0.0 	0.0 	0.0 	0.0 	0.05 	0.4 	0.0 	0.13 	0.04 	0.0 	0.0 	0.08 	0.0 	0.04 	0.15 	
192 	0.3 	0.0 	0.0 	0.0 	0.0 	0.0 	0.0 	0.0 	0.0 	0.24 	0.04 	0.0 	0.03 	0.06 	0.0 	0.0 	0.0 	0.0 	0.33 	0.02 	
193 	0.0 	0.0 	0.0 	0.0 	0.0 	0.0 	0.04 	0.0 	0.0 	0.22 	0.64 	0.0 	0.0 	0.04 	0.0 	0.0 	0.03 	0.0 	0.0 	0.03 	
194 	0.0 	0.24 	0.0 	0.0 	0.0 	0.08 	0.0 	0.0 	0.0 	0.0 	0.11 	0.49 	0.03 	0.05 	0.0 	0.0 	0.0 	0.0 	0.0 	0.0 	
195 	0.56 	0.0 	0.0 	0.0 	0.03 	0.0 	0.04 	0.08 	0.0 	0.0 	0.0 	0.0 	0.0 	0.0 	0.0 	0.05 	0.11 	0.0 	0.0 	0.14 	
196 	0.0 	0.0 	0.0 	0.0 	0.0 	0.0 	0.0 	0.0 	0.0 	0.28 	0.72 	0.0 	0.0 	0.0 	0.0 	0.0 	0.0 	0.0 	0.0 	0.0 	
197 	0.06 	0.07 	0.0 	0.0 	0.0 	0.0 	0.0 	0.71 	0.0 	0.0 	0.0 	0.11 	0.0 	0.0 	0.0 	0.05 	0.0 	0.0 	0.0 	0.0 	
198 	0.0 	0.0 	0.91 	0.0 	0.0 	0.0 	0.0 	0.0 	0.0 	0.0 	0.0 	0.04 	0.0 	0.0 	0.0 	0.0 	0.0 	0.0 	0.0 	0.05 	
199 	0.47 	0.0 	0.0 	0.0 	0.0 	0.0 	0.0 	0.0 	0.0 	0.06 	0.11 	0.0 	0.16 	0.03 	0.0 	0.0 	0.11 	0.0 	0.0 	0.03 	
200 	0.05 	0.09 	0.0 	0.0 	0.0 	0.0 	0.0 	0.7 	0.04 	0.0 	0.06 	0.04 	0.0 	0.0 	0.0 	0.0 	0.0 	0.0 	0.0 	0.0 	
201 	0.01 	0.0 	0.04 	0.0 	0.0 	0.15 	0.03 	0.01 	0.34 	0.08 	0.17 	0.01 	0.0 	0.0 	0.0 	0.05 	0.1 	0.0 	0.0 	0.01 	
202 	0.04 	0.04 	0.01 	0.13 	0.0 	0.01 	0.04 	0.05 	0.0 	0.01 	0.04 	0.07 	0.0 	0.0 	0.52 	0.01 	0.01 	0.0 	0.0 	0.01 	
203 	0.13 	0.04 	0.12 	0.04 	0.0 	0.08 	0.18 	0.01 	0.0 	0.03 	0.08 	0.12 	0.0 	0.0 	0.01 	0.11 	0.04 	0.0 	0.0 	0.01 	
204 	0.01 	0.01 	0.04 	0.04 	0.0 	0.01 	0.01 	0.12 	0.0 	0.21 	0.01 	0.01 	0.0 	0.0 	0.01 	0.35 	0.1 	0.0 	0.0 	0.08 	
205 	0.04 	0.0 	0.0 	0.0 	0.0 	0.0 	0.01 	0.01 	0.0 	0.41 	0.21 	0.0 	0.0 	0.03 	0.0 	0.04 	0.05 	0.0 	0.0 	0.17 	
206 	0.04 	0.16 	0.14 	0.0 	0.0 	0.0 	0.04 	0.0 	0.0 	0.0 	0.0 	0.25 	0.0 	0.0 	0.15 	0.11 	0.0 	0.0 	0.07 	0.03 	
207 	0.08 	0.11 	0.0 	0.0 	0.0 	0.03 	0.07 	0.0 	0.09 	0.0 	0.09 	0.07 	0.0 	0.0 	0.08 	0.05 	0.09 	0.0 	0.03 	0.21 	
208 	0.04 	0.0 	0.0 	0.0 	0.0 	0.0 	0.0 	0.0 	0.0 	0.22 	0.42 	0.0 	0.09 	0.2 	0.0 	0.0 	0.0 	0.0 	0.0 	0.03 	
209 	0.03 	0.0 	0.03 	0.0 	0.0 	0.14 	0.35 	0.0 	0.0 	0.0 	0.14 	0.11 	0.03 	0.0 	0.0 	0.04 	0.05 	0.0 	0.0 	0.08 	
210 	0.0 	0.06 	0.0 	0.03 	0.0 	0.14 	0.07 	0.0 	0.04 	0.0 	0.0 	0.35 	0.0 	0.0 	0.28 	0.0 	0.04 	0.0 	0.0 	0.0 	
211 	0.0 	0.0 	0.0 	0.0 	0.07 	0.0 	0.0 	0.0 	0.0 	0.18 	0.14 	0.0 	0.0 	0.12 	0.0 	0.04 	0.0 	0.0 	0.37 	0.06 	
212 	0.12 	0.0 	0.0 	0.0 	0.0 	0.0 	0.0 	0.0 	0.0 	0.22 	0.43 	0.0 	0.12 	0.03 	0.0 	0.0 	0.06 	0.0 	0.0 	0.0 	
213 	0.01 	0.03 	0.0 	0.0 	0.0 	0.05 	0.32 	0.01 	0.0 	0.07 	0.12 	0.0 	0.0 	0.0 	0.3 	0.01 	0.0 	0.0 	0.0 	0.06 	
214 	0.14 	0.0 	0.06 	0.14 	0.0 	0.0 	0.06 	0.4 	0.03 	0.05 	0.0 	0.0 	0.0 	0.0 	0.0 	0.0 	0.03 	0.0 	0.0 	0.07 	
215 	0.03 	0.07 	0.0 	0.0 	0.0 	0.07 	0.14 	0.09 	0.03 	0.0 	0.1 	0.16 	0.0 	0.1 	0.05 	0.06 	0.06 	0.0 	0.03 	0.01 	
216 	0.05 	0.08 	0.01 	0.01 	0.0 	0.01 	0.12 	0.17 	0.04 	0.04 	0.1 	0.16 	0.0 	0.01 	0.05 	0.12 	0.01 	0.0 	0.01 	0.01 	
217 	0.05 	0.01 	0.01 	0.01 	0.08 	0.11 	0.02 	0.13 	0.01 	0.01 	0.02 	0.12 	0.01 	0.01 	0.09 	0.21 	0.06 	0.0 	0.01 	0.02 	
218 	0.2 	0.01 	0.04 	0.01 	0.01 	0.01 	0.02 	0.07 	0.01 	0.08 	0.05 	0.02 	0.01 	0.01 	0.17 	0.22 	0.04 	0.0 	0.01 	0.02 	
219 	0.23 	0.01 	0.01 	0.01 	0.01 	0.01 	0.02 	0.02 	0.01 	0.12 	0.16 	0.02 	0.01 	0.01 	0.01 	0.06 	0.07 	0.0 	0.01 	0.2 	
220 	0.07 	0.01 	0.01 	0.13 	0.0 	0.01 	0.04 	0.02 	0.01 	0.01 	0.02 	0.01 	0.01 	0.01 	0.04 	0.28 	0.22 	0.0 	0.01 	0.07 	
221 	0.04 	0.01 	0.05 	0.04 	0.01 	0.11 	0.25 	0.06 	0.09 	0.01 	0.02 	0.1 	0.01 	0.01 	0.01 	0.07 	0.02 	0.0 	0.01 	0.05 	
222 	0.02 	0.05 	0.01 	0.01 	0.0 	0.01 	0.01 	0.01 	0.03 	0.07 	0.33 	0.01 	0.0 	0.07 	0.1 	0.01 	0.06 	0.0 	0.04 	0.13 	
223 	0.05 	0.01 	0.05 	0.01 	0.0 	0.01 	0.2 	0.01 	0.0 	0.01 	0.01 	0.04 	0.0 	0.01 	0.19 	0.32 	0.06 	0.0 	0.0 	0.01 	
224 	0.05 	0.01 	0.05 	0.01 	0.0 	0.03 	0.01 	0.01 	0.0 	0.06 	0.18 	0.06 	0.03 	0.01 	0.08 	0.01 	0.32 	0.0 	0.0 	0.08 	
225 	0.01 	0.22 	0.0 	0.01 	0.0 	0.03 	0.01 	0.01 	0.08 	0.01 	0.09 	0.06 	0.03 	0.13 	0.01 	0.05 	0.13 	0.0 	0.12 	0.01 	
226 	0.0 	0.0 	0.0 	0.0 	0.0 	0.18 	0.03 	0.0 	0.0 	0.3 	0.09 	0.0 	0.05 	0.0 	0.0 	0.0 	0.0 	0.0 	0.0 	0.32 	
227 	0.02 	0.64 	0.0 	0.0 	0.0 	0.22 	0.0 	0.0 	0.08 	0.0 	0.04 	0.0 	0.0 	0.0 	0.0 	0.0 	0.0 	0.0 	0.0 	0.0 	
228 	0.09 	0.0 	0.0 	0.0 	0.0 	0.04 	0.03 	0.0 	0.0 	0.05 	0.11 	0.11 	0.06 	0.0 	0.0 	0.0 	0.26 	0.0 	0.05 	0.19 	
229 	0.23 	0.04 	0.05 	0.17 	0.0 	0.06 	0.13 	0.0 	0.03 	0.0 	0.12 	0.0 	0.05 	0.0 	0.0 	0.0 	0.08 	0.0 	0.0 	0.03 	
230 	0.67 	0.0 	0.0 	0.0 	0.0 	0.0 	0.0 	0.0 	0.0 	0.06 	0.0 	0.0 	0.2 	0.0 	0.0 	0.0 	0.0 	0.0 	0.04 	0.03 	
231 	0.04 	0.0 	0.0 	0.04 	0.0 	0.0 	0.0 	0.0 	0.0 	0.25 	0.19 	0.0 	0.03 	0.0 	0.05 	0.0 	0.03 	0.0 	0.0 	0.38 	
232 	0.08 	0.0 	0.0 	0.1 	0.0 	0.11 	0.14 	0.04 	0.04 	0.0 	0.05 	0.03 	0.14 	0.08 	0.0 	0.0 	0.06 	0.05 	0.0 	0.09 	
233 	0.59 	0.02 	0.03 	0.0 	0.06 	0.0 	0.0 	0.0 	0.0 	0.05 	0.0 	0.0 	0.0 	0.0 	0.0 	0.21 	0.0 	0.0 	0.0 	0.03 	
234 	0.0 	0.0 	0.0 	0.0 	0.0 	0.0 	0.0 	0.0 	0.0 	0.03 	0.68 	0.0 	0.03 	0.19 	0.0 	0.0 	0.05 	0.0 	0.02 	0.0 	
235 	0.0 	0.41 	0.03 	0.19 	0.0 	0.04 	0.0 	0.04 	0.03 	0.0 	0.0 	0.1 	0.0 	0.0 	0.0 	0.12 	0.0 	0.0 	0.03 	0.0 	
236 	0.01 	0.12 	0.21 	0.06 	0.0 	0.05 	0.09 	0.01 	0.0 	0.04 	0.1 	0.22 	0.0 	0.0 	0.01 	0.04 	0.04 	0.0 	0.0 	0.01 	
237 	0.05 	0.0 	0.0 	0.0 	0.0 	0.0 	0.0 	0.01 	0.0 	0.25 	0.37 	0.0 	0.14 	0.03 	0.03 	0.0 	0.0 	0.0 	0.0 	0.1 	
238 	0.31 	0.06 	0.04 	0.0 	0.0 	0.0 	0.09 	0.06 	0.05 	0.0 	0.0 	0.12 	0.0 	0.02 	0.0 	0.09 	0.08 	0.0 	0.0 	0.06 	
239 	0.0 	0.03 	0.0 	0.2 	0.04 	0.0 	0.1 	0.0 	0.0 	0.05 	0.06 	0.34 	0.06 	0.0 	0.03 	0.0 	0.03 	0.03 	0.0 	0.0 	
240 	0.0 	0.11 	0.03 	0.03 	0.03 	0.03 	0.09 	0.03 	0.0 	0.03 	0.03 	0.15 	0.0 	0.04 	0.07 	0.03 	0.21 	0.0 	0.03 	0.07 	
241 	0.05 	0.08 	0.07 	0.23 	0.11 	0.06 	0.1 	0.0 	0.0 	0.03 	0.0 	0.0 	0.18 	0.03 	0.0 	0.0 	0.0 	0.0 	0.06 	0.0 	
242 	0.01 	0.04 	0.05 	0.04 	0.0 	0.0 	0.12 	0.01 	0.0 	0.0 	0.05 	0.0 	0.0 	0.0 	0.59 	0.06 	0.0 	0.0 	0.0 	0.0 	
243 	0.09 	0.29 	0.01 	0.01 	0.0 	0.04 	0.08 	0.03 	0.03 	0.01 	0.01 	0.21 	0.0 	0.01 	0.01 	0.12 	0.04 	0.0 	0.0 	0.01 	
244 	0.01 	0.01 	0.04 	0.01 	0.0 	0.05 	0.01 	0.01 	0.04 	0.06 	0.18 	0.28 	0.11 	0.01 	0.01 	0.01 	0.08 	0.0 	0.0 	0.08 	
245 	0.18 	0.0 	0.0 	0.03 	0.0 	0.0 	0.0 	0.0 	0.0 	0.27 	0.05 	0.0 	0.0 	0.0 	0.0 	0.0 	0.0 	0.0 	0.03 	0.39 	
246 	0.01 	0.24 	0.0 	0.0 	0.0 	0.44 	0.0 	0.06 	0.06 	0.0 	0.01 	0.1 	0.0 	0.0 	0.0 	0.0 	0.0 	0.0 	0.05 	0.0 	
247 	0.07 	0.03 	0.03 	0.03 	0.0 	0.09 	0.25 	0.03 	0.0 	0.0 	0.0 	0.16 	0.0 	0.0 	0.05 	0.16 	0.06 	0.0 	0.03 	0.0 	
248 	0.04 	0.0 	0.0 	0.0 	0.0 	0.0 	0.0 	0.0 	0.0 	0.28 	0.05 	0.09 	0.0 	0.0 	0.0 	0.0 	0.1 	0.0 	0.03 	0.39 	
249 	0.17 	0.0 	0.0 	0.0 	0.0 	0.0 	0.0 	0.0 	0.0 	0.0 	0.58 	0.0 	0.0 	0.08 	0.0 	0.04 	0.06 	0.0 	0.0 	0.04 	
250 	0.0 	0.0 	0.06 	0.0 	0.0 	0.0 	0.0 	0.0 	0.0 	0.03 	0.35 	0.0 	0.17 	0.12 	0.0 	0.0 	0.0 	0.0 	0.17 	0.07 	
251 	0.0 	0.12 	0.03 	0.14 	0.0 	0.21 	0.08 	0.0 	0.0 	0.0 	0.0 	0.14 	0.0 	0.0 	0.21 	0.04 	0.0 	0.0 	0.0 	0.0 	
252 	0.03 	0.0 	0.0 	0.0 	0.0 	0.0 	0.0 	0.0 	0.0 	0.51 	0.22 	0.0 	0.0 	0.0 	0.0 	0.0 	0.09 	0.0 	0.0 	0.13 	
253 	0.04 	0.0 	0.0 	0.0 	0.0 	0.0 	0.0 	0.0 	0.0 	0.05 	0.14 	0.0 	0.03 	0.28 	0.0 	0.0 	0.0 	0.0 	0.43 	0.0 	
254 	0.03 	0.1 	0.0 	0.0 	0.0 	0.12 	0.08 	0.0 	0.02 	0.03 	0.19 	0.15 	0.17 	0.0 	0.0 	0.0 	0.0 	0.0 	0.0 	0.1 	
255 	0.0 	0.04 	0.72 	0.21 	0.0 	0.02 	0.0 	0.0 	0.0 	0.0 	0.0 	0.0 	0.0 	0.0 	0.0 	0.0 	0.0 	0.0 	0.0 	0.0 	
256 	0.0 	0.31 	0.0 	0.06 	0.0 	0.06 	0.05 	0.03 	0.08 	0.06 	0.0 	0.1 	0.0 	0.0 	0.04 	0.0 	0.15 	0.0 	0.0 	0.07 	
257 	0.24 	0.02 	0.09 	0.02 	0.0 	0.16 	0.0 	0.11 	0.0 	0.0 	0.0 	0.15 	0.06 	0.0 	0.0 	0.03 	0.03 	0.0 	0.0 	0.09 	
258 	0.06 	0.0 	0.04 	0.03 	0.0 	0.03 	0.39 	0.0 	0.0 	0.11 	0.16 	0.02 	0.0 	0.04 	0.0 	0.03 	0.0 	0.0 	0.03 	0.06 	
259 	0.08 	0.02 	0.03 	0.13 	0.0 	0.05 	0.07 	0.0 	0.19 	0.0 	0.03 	0.08 	0.0 	0.0 	0.18 	0.04 	0.06 	0.0 	0.0 	0.05 	
260 	0.0 	0.0 	0.0 	0.0 	0.0 	0.06 	0.09 	0.03 	0.17 	0.0 	0.0 	0.0 	0.0 	0.05 	0.26 	0.17 	0.07 	0.0 	0.06 	0.06 	
261 	0.0 	0.03 	0.0 	0.03 	0.0 	0.0 	0.76 	0.03 	0.03 	0.0 	0.0 	0.09 	0.0 	0.0 	0.03 	0.0 	0.0 	0.0 	0.0 	0.0 	
262 	0.0 	0.0 	0.0 	0.0 	0.0 	0.0 	0.0 	0.0 	0.0 	0.26 	0.28 	0.09 	0.0 	0.0 	0.0 	0.0 	0.0 	0.0 	0.0 	0.37 	
263 	0.0 	1.0 	0.0 	0.0 	0.0 	0.0 	0.0 	0.0 	0.0 	0.0 	0.0 	0.0 	0.0 	0.0 	0.0 	0.0 	0.0 	0.0 	0.0 	0.0 	
264 	0.02 	0.0 	0.05 	0.0 	0.15 	0.0 	0.0 	0.0 	0.0 	0.22 	0.09 	0.0 	0.28 	0.0 	0.0 	0.0 	0.11 	0.0 	0.0 	0.09 	
265 	0.34 	0.04 	0.0 	0.0 	0.0 	0.0 	0.04 	0.0 	0.0 	0.05 	0.1 	0.07 	0.1 	0.0 	0.0 	0.06 	0.12 	0.0 	0.0 	0.08 	
266 	0.87 	0.0 	0.0 	0.0 	0.0 	0.0 	0.0 	0.0 	0.0 	0.0 	0.0 	0.0 	0.0 	0.0 	0.0 	0.13 	0.0 	0.0 	0.0 	0.0 	
267 	0.14 	0.0 	0.0 	0.0 	0.13 	0.0 	0.0 	0.0 	0.0 	0.03 	0.16 	0.0 	0.0 	0.05 	0.0 	0.02 	0.0 	0.0 	0.24 	0.22 	
268 	0.14 	0.0 	0.0 	0.0 	0.0 	0.06 	0.0 	0.0 	0.14 	0.11 	0.31 	0.0 	0.02 	0.04 	0.0 	0.0 	0.0 	0.07 	0.06 	0.06 	
269 	0.13 	0.07 	0.0 	0.0 	0.0 	0.08 	0.02 	0.0 	0.0 	0.05 	0.18 	0.0 	0.06 	0.0 	0.0 	0.08 	0.05 	0.0 	0.0 	0.28 	
270 	0.08 	0.0 	0.0 	0.0 	0.0 	0.0 	0.0 	0.0 	0.0 	0.23 	0.44 	0.0 	0.07 	0.09 	0.0 	0.0 	0.0 	0.0 	0.0 	0.09 	
271 	0.05 	0.0 	0.0 	0.0 	0.0 	0.0 	0.0 	0.0 	0.0 	0.18 	0.16 	0.0 	0.33 	0.19 	0.0 	0.0 	0.0 	0.0 	0.0 	0.08 	
272 	0.0 	0.19 	0.05 	0.03 	0.0 	0.03 	0.26 	0.0 	0.07 	0.04 	0.05 	0.19 	0.0 	0.0 	0.0 	0.0 	0.05 	0.0 	0.03 	0.0 	
273 	0.03 	0.0 	0.07 	0.0 	0.11 	0.0 	0.0 	0.0 	0.0 	0.0 	0.0 	0.0 	0.0 	0.0 	0.0 	0.19 	0.51 	0.05 	0.0 	0.0 	
274 	0.05 	0.11 	0.23 	0.11 	0.04 	0.1 	0.01 	0.06 	0.04 	0.05 	0.01 	0.12 	0.0 	0.0 	0.01 	0.03 	0.01 	0.0 	0.0 	0.01 	
275 	0.0 	0.0 	0.0 	0.0 	0.0 	0.0 	0.0 	0.0 	0.0 	0.0 	0.03 	0.0 	0.0 	0.0 	0.9 	0.0 	0.0 	0.0 	0.0 	0.03 	
276 	0.03 	0.0 	0.04 	0.0 	0.07 	0.0 	0.14 	0.1 	0.0 	0.0 	0.0 	0.0 	0.0 	0.0 	0.25 	0.31 	0.06 	0.0 	0.0 	0.0 	
277 	0.13 	0.0 	0.0 	0.04 	0.0 	0.07 	0.07 	0.04 	0.05 	0.0 	0.15 	0.0 	0.17 	0.0 	0.0 	0.12 	0.0 	0.03 	0.06 	0.06 	
278 	0.22 	0.0 	0.04 	0.03 	0.0 	0.0 	0.2 	0.1 	0.03 	0.05 	0.0 	0.0 	0.06 	0.0 	0.07 	0.15 	0.0 	0.0 	0.0 	0.03 	
279 	0.0 	0.0 	0.0 	0.15 	0.0 	0.0 	0.0 	0.0 	0.04 	0.03 	0.22 	0.0 	0.18 	0.0 	0.0 	0.04 	0.08 	0.05 	0.0 	0.2 	
280 	0.08 	0.0 	0.0 	0.0 	0.0 	0.0 	0.0 	0.0 	0.0 	0.14 	0.4 	0.02 	0.03 	0.03 	0.0 	0.0 	0.0 	0.05 	0.03 	0.22 	
281 	0.06 	0.0 	0.15 	0.03 	0.0 	0.31 	0.04 	0.0 	0.0 	0.02 	0.0 	0.09 	0.06 	0.0 	0.0 	0.1 	0.1 	0.0 	0.0 	0.03 	
282 	0.06 	0.23 	0.06 	0.0 	0.0 	0.15 	0.06 	0.0 	0.04 	0.05 	0.0 	0.09 	0.06 	0.0 	0.0 	0.0 	0.2 	0.0 	0.0 	0.0 	
283 	0.0 	0.0 	0.0 	0.0 	0.0 	0.0 	0.0 	0.0 	0.0 	0.47 	0.2 	0.0 	0.18 	0.0 	0.0 	0.0 	0.0 	0.0 	0.0 	0.14 	
284 	0.55 	0.0 	0.0 	0.0 	0.0 	0.0 	0.0 	0.03 	0.0 	0.1 	0.03 	0.07 	0.0 	0.0 	0.0 	0.08 	0.0 	0.0 	0.0 	0.16 	
285 	0.0 	0.03 	0.2 	0.03 	0.0 	0.11 	0.29 	0.05 	0.0 	0.0 	0.0 	0.08 	0.0 	0.0 	0.0 	0.12 	0.0 	0.0 	0.0 	0.08 	
286 	0.05 	0.04 	0.02 	0.0 	0.0 	0.1 	0.05 	0.03 	0.0 	0.15 	0.12 	0.04 	0.04 	0.12 	0.0 	0.1 	0.0 	0.0 	0.08 	0.05 	
287 	0.05 	0.0 	0.0 	0.0 	0.0 	0.0 	0.0 	0.0 	0.0 	0.04 	0.43 	0.0 	0.07 	0.0 	0.0 	0.03 	0.28 	0.0 	0.0 	0.1 	
288 	0.02 	0.07 	0.18 	0.03 	0.0 	0.06 	0.13 	0.0 	0.06 	0.0 	0.11 	0.11 	0.03 	0.0 	0.11 	0.04 	0.0 	0.05 	0.0 	0.0 	
289 	0.0 	0.06 	0.11 	0.0 	0.0 	0.08 	0.0 	0.0 	0.07 	0.03 	0.03 	0.26 	0.0 	0.03 	0.0 	0.11 	0.07 	0.09 	0.05 	0.0 	
290 	0.0 	0.0 	0.0 	0.31 	0.0 	0.0 	0.69 	0.0 	0.0 	0.0 	0.0 	0.0 	0.0 	0.0 	0.0 	0.0 	0.0 	0.0 	0.0 	0.0 	
291 	0.0 	0.06 	0.0 	0.0 	0.0 	0.14 	0.07 	0.0 	0.0 	0.0 	0.03 	0.05 	0.08 	0.0 	0.3 	0.1 	0.17 	0.0 	0.0 	0.0 	
292 	0.0 	0.0 	0.47 	0.03 	0.0 	0.03 	0.0 	0.0 	0.0 	0.03 	0.0 	0.0 	0.0 	0.0 	0.03 	0.3 	0.0 	0.0 	0.0 	0.11 	
293 	0.0 	0.06 	0.04 	0.03 	0.0 	0.13 	0.11 	0.0 	0.06 	0.03 	0.16 	0.17 	0.08 	0.0 	0.05 	0.0 	0.04 	0.0 	0.0 	0.04 	
294 	0.0 	0.0 	0.0 	0.0 	0.0 	0.73 	0.09 	0.0 	0.07 	0.0 	0.0 	0.0 	0.0 	0.0 	0.0 	0.0 	0.0 	0.0 	0.11 	0.0 	
295 	0.0 	0.0 	0.0 	0.0 	0.0 	0.0 	0.0 	0.0 	0.0 	0.0 	0.02 	0.0 	0.11 	0.05 	0.0 	0.0 	0.0 	0.0 	0.0 	0.82 	
296 	0.3 	0.16 	0.17 	0.0 	0.0 	0.0 	0.0 	0.11 	0.0 	0.0 	0.1 	0.09 	0.0 	0.0 	0.0 	0.0 	0.0 	0.0 	0.0 	0.06 	
297 	0.24 	0.0 	0.17 	0.0 	0.0 	0.0 	0.0 	0.08 	0.0 	0.0 	0.0 	0.03 	0.0 	0.0 	0.0 	0.42 	0.03 	0.0 	0.0 	0.03 	
298 	0.18 	0.0 	0.0 	0.0 	0.0 	0.0 	0.0 	0.0 	0.0 	0.05 	0.03 	0.0 	0.0 	0.6 	0.0 	0.0 	0.0 	0.0 	0.06 	0.09 	
299 	0.0 	0.0 	0.0 	0.0 	0.0 	0.0 	0.0 	0.0 	0.0 	0.13 	0.04 	0.0 	0.03 	0.0 	0.0 	0.0 	0.22 	0.0 	0.0 	0.58 	
300 	0.09 	0.0 	0.0 	0.0 	0.0 	0.11 	0.0 	0.0 	0.03 	0.0 	0.11 	0.2 	0.0 	0.03 	0.0 	0.04 	0.08 	0.03 	0.23 	0.04 	
301 	0.0 	0.0 	0.04 	0.05 	0.0 	0.03 	0.0 	0.04 	0.0 	0.0 	0.0 	0.0 	0.0 	0.0 	0.0 	0.73 	0.08 	0.0 	0.0 	0.0 	
302 	0.13 	0.0 	0.07 	0.0 	0.0 	0.06 	0.0 	0.0 	0.29 	0.08 	0.03 	0.0 	0.03 	0.0 	0.0 	0.04 	0.16 	0.0 	0.03 	0.07 	
303 	0.0 	0.0 	0.0 	0.0 	0.0 	0.0 	0.0 	0.0 	0.0 	0.38 	0.39 	0.0 	0.18 	0.0 	0.0 	0.0 	0.0 	0.0 	0.0 	0.03 	
304 	0.09 	0.34 	0.03 	0.03 	0.0 	0.07 	0.08 	0.0 	0.0 	0.04 	0.04 	0.23 	0.02 	0.0 	0.0 	0.0 	0.0 	0.0 	0.05 	0.0 	
305 	0.17 	0.0 	0.17 	0.08 	0.0 	0.04 	0.0 	0.0 	0.06 	0.0 	0.0 	0.0 	0.0 	0.0 	0.0 	0.41 	0.06 	0.0 	0.0 	0.0 	
306 	0.13 	0.0 	0.0 	0.0 	0.0 	0.0 	0.0 	0.0 	0.0 	0.39 	0.32 	0.0 	0.0 	0.1 	0.0 	0.03 	0.0 	0.0 	0.03 	0.0 	
307 	0.22 	0.08 	0.0 	0.0 	0.03 	0.08 	0.0 	0.03 	0.0 	0.03 	0.17 	0.0 	0.03 	0.0 	0.0 	0.21 	0.07 	0.0 	0.02 	0.03 	
308 	0.04 	0.18 	0.25 	0.09 	0.0 	0.0 	0.11 	0.0 	0.03 	0.0 	0.03 	0.25 	0.0 	0.0 	0.0 	0.04 	0.0 	0.0 	0.0 	0.0 	
309 	0.03 	0.0 	0.03 	0.0 	0.0 	0.0 	0.0 	0.0 	0.0 	0.0 	0.16 	0.0 	0.0 	0.08 	0.0 	0.59 	0.08 	0.0 	0.0 	0.03 	
310 	0.0 	0.03 	0.0 	0.03 	0.0 	0.04 	0.33 	0.0 	0.0 	0.0 	0.0 	0.13 	0.0 	0.0 	0.03 	0.1 	0.31 	0.0 	0.0 	0.0 	
311 	0.11 	0.06 	0.18 	0.11 	0.05 	0.03 	0.12 	0.03 	0.04 	0.0 	0.03 	0.0 	0.04 	0.0 	0.0 	0.1 	0.07 	0.0 	0.0 	0.03 	
312 	0.0 	0.0 	0.0 	0.0 	0.0 	0.0 	0.0 	0.0 	0.0 	0.0 	0.1 	0.0 	0.0 	0.0 	0.78 	0.06 	0.03 	0.0 	0.03 	0.0 	
313 	0.13 	0.04 	0.0 	0.19 	0.11 	0.0 	0.19 	0.04 	0.03 	0.03 	0.0 	0.03 	0.0 	0.03 	0.0 	0.08 	0.0 	0.0 	0.1 	0.0 	
314 	0.0 	0.0 	0.1 	0.0 	0.0 	0.0 	0.1 	0.0 	0.09 	0.04 	0.07 	0.13 	0.03 	0.1 	0.0 	0.09 	0.0 	0.1 	0.08 	0.07 	
315 	0.06 	0.1 	0.0 	0.0 	0.0 	0.31 	0.08 	0.0 	0.03 	0.0 	0.04 	0.2 	0.0 	0.04 	0.03 	0.06 	0.0 	0.0 	0.03 	0.0 	
316 	0.03 	0.03 	0.15 	0.24 	0.0 	0.05 	0.1 	0.0 	0.03 	0.0 	0.0 	0.04 	0.13 	0.0 	0.03 	0.03 	0.07 	0.0 	0.04 	0.0 	
317 	0.0 	0.0 	0.0 	0.0 	0.0 	0.0 	0.0 	0.0 	0.0 	0.11 	0.53 	0.0 	0.04 	0.04 	0.0 	0.0 	0.04 	0.0 	0.0 	0.21 	
318 	0.53 	0.17 	0.0 	0.0 	0.0 	0.0 	0.0 	0.0 	0.0 	0.0 	0.0 	0.16 	0.0 	0.0 	0.0 	0.14 	0.0 	0.0 	0.0 	0.0 	
319 	0.25 	0.12 	0.1 	0.0 	0.0 	0.05 	0.0 	0.0 	0.0 	0.07 	0.0 	0.15 	0.0 	0.0 	0.0 	0.14 	0.0 	0.0 	0.0 	0.09 	
320 	0.34 	0.13 	0.07 	0.0 	0.0 	0.0 	0.05 	0.0 	0.0 	0.0 	0.11 	0.14 	0.0 	0.0 	0.0 	0.0 	0.05 	0.0 	0.0 	0.09 	
321 	0.38 	0.0 	0.0 	0.0 	0.35 	0.0 	0.0 	0.0 	0.0 	0.07 	0.06 	0.0 	0.0 	0.0 	0.0 	0.0 	0.0 	0.0 	0.0 	0.11 	
322 	0.0 	0.26 	0.12 	0.0 	0.0 	0.15 	0.0 	0.0 	0.0 	0.0 	0.0 	0.24 	0.0 	0.0 	0.0 	0.22 	0.0 	0.0 	0.0 	0.0 	
323 	0.16 	0.0 	0.11 	0.0 	0.0 	0.04 	0.15 	0.0 	0.0 	0.07 	0.0 	0.0 	0.04 	0.0 	0.0 	0.19 	0.0 	0.0 	0.0 	0.22 	
324 	0.61 	0.0 	0.0 	0.0 	0.0 	0.0 	0.0 	0.0 	0.0 	0.0 	0.1 	0.06 	0.05 	0.0 	0.0 	0.04 	0.0 	0.0 	0.0 	0.11 	
325 	0.0 	0.18 	0.04 	0.0 	0.0 	0.0 	0.0 	0.0 	0.0 	0.12 	0.32 	0.05 	0.03 	0.0 	0.0 	0.0 	0.0 	0.0 	0.0 	0.23 	
326 	0.06 	0.08 	0.13 	0.0 	0.0 	0.0 	0.14 	0.06 	0.04 	0.0 	0.0 	0.35 	0.0 	0.0 	0.04 	0.0 	0.0 	0.0 	0.12 	0.0 	
327 	0.05 	0.0 	0.06 	0.0 	0.0 	0.06 	0.0 	0.0 	0.06 	0.2 	0.33 	0.0 	0.15 	0.04 	0.0 	0.0 	0.0 	0.0 	0.0 	0.05 	
328 	0.0 	0.0 	0.06 	0.0 	0.0 	0.0 	0.0 	0.0 	0.0 	0.06 	0.7 	0.0 	0.0 	0.0 	0.0 	0.0 	0.0 	0.0 	0.0 	0.19 	
329 	0.06 	0.0 	0.2 	0.0 	0.0 	0.0 	0.0 	0.09 	0.0 	0.0 	0.0 	0.06 	0.0 	0.0 	0.0 	0.35 	0.18 	0.0 	0.06 	0.0 	
330 	0.0 	0.04 	0.09 	0.07 	0.0 	0.06 	0.0 	0.0 	0.11 	0.0 	0.0 	0.04 	0.0 	0.0 	0.41 	0.14 	0.04 	0.0 	0.0 	0.0 	
331 	0.0 	0.11 	0.06 	0.0 	0.0 	0.0 	0.18 	0.0 	0.1 	0.0 	0.0 	0.5 	0.0 	0.0 	0.0 	0.04 	0.0 	0.0 	0.0 	0.0 	
332 	0.0 	0.0 	0.0 	0.0 	0.0 	0.0 	0.0 	0.0 	0.0 	0.23 	0.36 	0.0 	0.0 	0.31 	0.0 	0.0 	0.0 	0.0 	0.1 	0.0 	
333 	0.0 	0.06 	0.0 	0.77 	0.0 	0.0 	0.07 	0.0 	0.0 	0.0 	0.0 	0.0 	0.0 	0.0 	0.0 	0.11 	0.0 	0.0 	0.0 	0.0 	
334 	0.0 	0.72 	0.07 	0.0 	0.0 	0.0 	0.0 	0.0 	0.0 	0.0 	0.0 	0.12 	0.0 	0.0 	0.0 	0.09 	0.0 	0.0 	0.0 	0.0 	
335 	0.0 	0.0 	0.0 	0.0 	0.0 	0.0 	0.0 	0.0 	0.0 	0.0 	0.58 	0.0 	0.11 	0.0 	0.0 	0.31 	0.0 	0.0 	0.0 	0.0 	
336 	0.0 	0.0 	0.0 	0.0 	0.0 	0.0 	0.0 	1.0 	0.0 	0.0 	0.0 	0.0 	0.0 	0.0 	0.0 	0.0 	0.0 	0.0 	0.0 	0.0 	
