	A 	R 	N 	D 	C 	Q 	E 	G 	H 	I 	L 	K 	M 	F 	P 	S 	T 	W 	Y 	V 	
1 	0.0 	0.43 	0.0 	0.0 	0.0 	0.41 	0.03 	0.0 	0.0 	0.0 	0.0 	0.12 	0.0 	0.0 	0.0 	0.0 	0.0 	0.0 	0.0 	0.0 	
2 	0.02 	0.0 	0.17 	0.59 	0.0 	0.0 	0.02 	0.0 	0.15 	0.0 	0.0 	0.0 	0.0 	0.0 	0.02 	0.03 	0.0 	0.0 	0.0 	0.0 	
3 	0.0 	0.0 	0.0 	0.02 	0.18 	0.0 	0.0 	0.8 	0.0 	0.0 	0.0 	0.0 	0.0 	0.0 	0.0 	0.0 	0.0 	0.0 	0.0 	0.0 	
4 	0.03 	0.01 	0.13 	0.03 	0.0 	0.07 	0.12 	0.27 	0.06 	0.04 	0.02 	0.06 	0.0 	0.0 	0.0 	0.1 	0.01 	0.0 	0.0 	0.06 	
5 	0.0 	0.0 	0.0 	0.0 	0.0 	0.0 	0.0 	0.0 	0.0 	0.0 	0.07 	0.0 	0.0 	0.02 	0.0 	0.0 	0.0 	0.83 	0.0 	0.07 	
6 	0.05 	0.0 	0.03 	0.05 	0.0 	0.0 	0.02 	0.3 	0.0 	0.0 	0.0 	0.0 	0.0 	0.0 	0.0 	0.5 	0.06 	0.0 	0.0 	0.0 	
7 	0.06 	0.02 	0.01 	0.04 	0.14 	0.0 	0.14 	0.04 	0.03 	0.0 	0.03 	0.02 	0.0 	0.0 	0.24 	0.14 	0.07 	0.0 	0.0 	0.01 	
8 	0.0 	0.0 	0.0 	0.0 	0.0 	0.0 	0.0 	0.0 	0.0 	0.0 	0.0 	0.0 	0.0 	0.02 	0.0 	0.0 	0.0 	0.95 	0.03 	0.0 	
9 	0.01 	0.02 	0.0 	0.02 	0.0 	0.03 	0.03 	0.19 	0.0 	0.0 	0.0 	0.0 	0.0 	0.0 	0.0 	0.54 	0.1 	0.0 	0.0 	0.05 	
10 	0.06 	0.01 	0.02 	0.04 	0.0 	0.03 	0.11 	0.02 	0.0 	0.0 	0.02 	0.08 	0.0 	0.01 	0.36 	0.22 	0.01 	0.0 	0.0 	0.0 	
11 	0.0 	0.01 	0.0 	0.0 	0.0 	0.0 	0.03 	0.0 	0.01 	0.0 	0.0 	0.0 	0.0 	0.03 	0.01 	0.0 	0.0 	0.87 	0.03 	0.0 	
12 	0.03 	0.04 	0.03 	0.0 	0.0 	0.0 	0.02 	0.16 	0.0 	0.0 	0.0 	0.0 	0.0 	0.0 	0.0 	0.67 	0.06 	0.0 	0.0 	0.0 	
13 	0.14 	0.03 	0.03 	0.05 	0.0 	0.03 	0.16 	0.01 	0.01 	0.01 	0.06 	0.03 	0.01 	0.0 	0.24 	0.12 	0.05 	0.0 	0.0 	0.02 	
14 	0.0 	0.0 	0.0 	0.0 	1.0 	0.0 	0.0 	0.0 	0.0 	0.0 	0.0 	0.0 	0.0 	0.0 	0.0 	0.0 	0.0 	0.0 	0.0 	0.0 	
15 	0.02 	0.0 	0.09 	0.06 	0.0 	0.0 	0.01 	0.08 	0.0 	0.0 	0.01 	0.01 	0.0 	0.0 	0.0 	0.62 	0.04 	0.0 	0.0 	0.03 	
16 	0.14 	0.28 	0.03 	0.01 	0.0 	0.04 	0.01 	0.06 	0.0 	0.01 	0.06 	0.04 	0.0 	0.02 	0.01 	0.05 	0.08 	0.0 	0.01 	0.13 	
17 	0.04 	0.04 	0.02 	0.05 	0.0 	0.01 	0.01 	0.03 	0.02 	0.01 	0.01 	0.05 	0.0 	0.01 	0.04 	0.24 	0.41 	0.0 	0.0 	0.01 	
18 	0.01 	0.01 	0.01 	0.01 	0.79 	0.01 	0.01 	0.01 	0.0 	0.01 	0.01 	0.01 	0.0 	0.01 	0.01 	0.01 	0.01 	0.0 	0.07 	0.01 	
19 	0.05 	0.09 	0.03 	0.03 	0.0 	0.04 	0.01 	0.57 	0.02 	0.01 	0.01 	0.01 	0.0 	0.0 	0.01 	0.06 	0.07 	0.0 	0.0 	0.01 	
20 	0.04 	0.05 	0.02 	0.05 	0.0 	0.02 	0.02 	0.41 	0.08 	0.02 	0.0 	0.07 	0.02 	0.01 	0.04 	0.05 	0.03 	0.0 	0.0 	0.04 	
21 	0.03 	0.04 	0.0 	0.0 	0.0 	0.03 	0.0 	0.78 	0.0 	0.0 	0.0 	0.04 	0.0 	0.0 	0.0 	0.0 	0.0 	0.05 	0.0 	0.0 	
22 	0.03 	0.06 	0.05 	0.0 	0.0 	0.03 	0.01 	0.02 	0.02 	0.12 	0.03 	0.09 	0.01 	0.04 	0.04 	0.04 	0.05 	0.02 	0.0 	0.33 	
23 	0.02 	0.32 	0.0 	0.0 	0.0 	0.28 	0.02 	0.0 	0.0 	0.03 	0.02 	0.12 	0.05 	0.0 	0.0 	0.06 	0.02 	0.0 	0.0 	0.03 	
24 	0.02 	0.03 	0.0 	0.02 	0.0 	0.02 	0.07 	0.0 	0.03 	0.04 	0.05 	0.11 	0.03 	0.06 	0.0 	0.22 	0.16 	0.0 	0.05 	0.09 	
25 	0.06 	0.74 	0.0 	0.0 	0.0 	0.06 	0.03 	0.03 	0.0 	0.0 	0.0 	0.0 	0.0 	0.0 	0.0 	0.05 	0.03 	0.0 	0.0 	0.0 	
26 	0.02 	0.11 	0.01 	0.02 	0.0 	0.08 	0.07 	0.0 	0.02 	0.05 	0.06 	0.04 	0.03 	0.01 	0.0 	0.19 	0.25 	0.0 	0.02 	0.02 	
27 	0.0 	0.9 	0.0 	0.0 	0.0 	0.0 	0.0 	0.0 	0.0 	0.0 	0.0 	0.04 	0.0 	0.0 	0.0 	0.0 	0.0 	0.0 	0.0 	0.03 	
28 	0.03 	0.07 	0.02 	0.04 	0.0 	0.12 	0.12 	0.0 	0.06 	0.01 	0.09 	0.03 	0.02 	0.02 	0.03 	0.08 	0.12 	0.04 	0.03 	0.04 	
29 	0.01 	0.01 	0.03 	0.01 	0.77 	0.01 	0.01 	0.03 	0.0 	0.04 	0.03 	0.01 	0.0 	0.0 	0.01 	0.01 	0.01 	0.0 	0.0 	0.03 	
30 	0.01 	0.03 	0.22 	0.1 	0.0 	0.02 	0.01 	0.01 	0.0 	0.06 	0.11 	0.04 	0.0 	0.0 	0.02 	0.12 	0.14 	0.0 	0.02 	0.09 	
31 	0.04 	0.12 	0.32 	0.05 	0.0 	0.06 	0.02 	0.03 	0.03 	0.0 	0.02 	0.03 	0.03 	0.0 	0.02 	0.13 	0.08 	0.0 	0.0 	0.02 	
32 	0.01 	0.01 	0.01 	0.01 	0.0 	0.03 	0.06 	0.01 	0.0 	0.03 	0.03 	0.04 	0.03 	0.01 	0.59 	0.07 	0.01 	0.0 	0.01 	0.04 	
33 	0.14 	0.07 	0.01 	0.01 	0.0 	0.05 	0.12 	0.05 	0.01 	0.01 	0.02 	0.1 	0.03 	0.04 	0.12 	0.06 	0.08 	0.0 	0.0 	0.08 	
34 	0.03 	0.01 	0.03 	0.02 	0.0 	0.01 	0.01 	0.04 	0.0 	0.01 	0.03 	0.04 	0.0 	0.01 	0.69 	0.01 	0.01 	0.0 	0.01 	0.03 	
35 	0.08 	0.11 	0.01 	0.04 	0.0 	0.26 	0.03 	0.06 	0.01 	0.03 	0.05 	0.11 	0.02 	0.01 	0.01 	0.12 	0.02 	0.0 	0.04 	0.01 	
36 	0.02 	0.06 	0.3 	0.04 	0.07 	0.01 	0.02 	0.07 	0.04 	0.02 	0.03 	0.02 	0.03 	0.11 	0.02 	0.06 	0.02 	0.0 	0.04 	0.03 	
37 	0.05 	0.01 	0.05 	0.01 	0.03 	0.01 	0.07 	0.58 	0.0 	0.01 	0.05 	0.02 	0.0 	0.0 	0.04 	0.03 	0.01 	0.0 	0.0 	0.03 	
38 	0.03 	0.01 	0.03 	0.01 	0.0 	0.0 	0.04 	0.8 	0.0 	0.01 	0.01 	0.01 	0.0 	0.0 	0.01 	0.03 	0.01 	0.0 	0.0 	0.01 	
39 	0.1 	0.2 	0.02 	0.04 	0.0 	0.09 	0.1 	0.0 	0.02 	0.01 	0.02 	0.2 	0.0 	0.0 	0.0 	0.07 	0.08 	0.0 	0.03 	0.02 	
40 	0.1 	0.05 	0.02 	0.07 	0.0 	0.04 	0.04 	0.03 	0.03 	0.01 	0.01 	0.01 	0.01 	0.05 	0.25 	0.07 	0.04 	0.0 	0.13 	0.05 	
41 	0.0 	0.0 	0.0 	0.0 	0.91 	0.0 	0.0 	0.0 	0.0 	0.0 	0.0 	0.0 	0.0 	0.0 	0.0 	0.0 	0.03 	0.0 	0.0 	0.05 	
42 	0.0 	0.04 	0.02 	0.01 	0.0 	0.04 	0.25 	0.01 	0.0 	0.02 	0.04 	0.03 	0.01 	0.01 	0.24 	0.1 	0.03 	0.02 	0.0 	0.12 	
43 	0.01 	0.01 	0.03 	0.01 	0.0 	0.01 	0.03 	0.78 	0.0 	0.01 	0.01 	0.01 	0.0 	0.01 	0.01 	0.01 	0.06 	0.0 	0.0 	0.01 	
44 	0.03 	0.07 	0.04 	0.03 	0.0 	0.19 	0.2 	0.02 	0.01 	0.0 	0.03 	0.04 	0.03 	0.0 	0.13 	0.06 	0.09 	0.01 	0.0 	0.02 	
45 	0.12 	0.18 	0.05 	0.09 	0.0 	0.05 	0.02 	0.02 	0.01 	0.04 	0.12 	0.02 	0.01 	0.0 	0.02 	0.14 	0.06 	0.0 	0.0 	0.05 	
46 	0.03 	0.13 	0.01 	0.0 	0.12 	0.07 	0.03 	0.0 	0.04 	0.04 	0.08 	0.08 	0.03 	0.01 	0.0 	0.06 	0.12 	0.01 	0.01 	0.12 	
47 	0.0 	0.14 	0.05 	0.04 	0.0 	0.23 	0.35 	0.0 	0.01 	0.02 	0.0 	0.04 	0.07 	0.0 	0.01 	0.03 	0.01 	0.0 	0.0 	0.0 	
48 	0.03 	0.05 	0.01 	0.0 	0.0 	0.02 	0.09 	0.02 	0.04 	0.01 	0.02 	0.04 	0.0 	0.12 	0.0 	0.1 	0.27 	0.0 	0.17 	0.0 	
49 	0.03 	0.26 	0.0 	0.01 	0.0 	0.21 	0.09 	0.01 	0.03 	0.03 	0.03 	0.17 	0.0 	0.02 	0.0 	0.05 	0.04 	0.0 	0.0 	0.0 	
50 	0.16 	0.03 	0.03 	0.05 	0.0 	0.02 	0.03 	0.0 	0.01 	0.02 	0.12 	0.06 	0.03 	0.02 	0.08 	0.16 	0.12 	0.0 	0.02 	0.05 	
51 	0.0 	0.0 	0.0 	0.0 	1.0 	0.0 	0.0 	0.0 	0.0 	0.0 	0.0 	0.0 	0.0 	0.0 	0.0 	0.0 	0.0 	0.0 	0.0 	0.0 	
52 	0.03 	0.08 	0.36 	0.03 	0.0 	0.14 	0.06 	0.0 	0.02 	0.0 	0.0 	0.02 	0.0 	0.0 	0.02 	0.07 	0.15 	0.0 	0.0 	0.02 	
53 	0.0 	0.05 	0.0 	0.04 	0.0 	0.05 	0.09 	0.0 	0.0 	0.01 	0.06 	0.05 	0.0 	0.0 	0.08 	0.19 	0.37 	0.0 	0.0 	0.0 	
54 	0.0 	0.0 	0.09 	0.5 	0.0 	0.0 	0.41 	0.0 	0.0 	0.0 	0.0 	0.0 	0.0 	0.0 	0.0 	0.0 	0.0 	0.0 	0.0 	0.0 	
