	A 	R 	N 	D 	C 	Q 	E 	G 	H 	I 	L 	K 	M 	F 	P 	S 	T 	W 	Y 	V 	
1 	0.0 	0.0 	0.0 	0.0 	0.0 	0.5 	0.5 	0.0 	0.0 	0.0 	0.0 	0.0 	0.0 	0.0 	0.0 	0.0 	0.0 	0.0 	0.0 	0.0 	
2 	0.0 	0.0 	0.0 	0.0 	0.0 	0.0 	0.0 	0.0 	0.0 	0.0 	0.0 	0.0 	0.0 	0.0 	0.0 	0.0 	1.0 	0.0 	0.0 	0.0 	
3 	0.39 	0.0 	0.0 	0.0 	0.61 	0.0 	0.0 	0.0 	0.0 	0.0 	0.0 	0.0 	0.0 	0.0 	0.0 	0.0 	0.0 	0.0 	0.0 	0.0 	
4 	1.0 	0.0 	0.0 	0.0 	0.0 	0.0 	0.0 	0.0 	0.0 	0.0 	0.0 	0.0 	0.0 	0.0 	0.0 	0.0 	0.0 	0.0 	0.0 	0.0 	
5 	0.0 	0.0 	0.0 	0.0 	0.0 	0.0 	0.0 	0.39 	0.0 	0.0 	0.0 	0.0 	0.0 	0.0 	0.0 	0.61 	0.0 	0.0 	0.0 	0.0 	
6 	0.0 	0.61 	0.0 	0.0 	0.0 	0.39 	0.0 	0.0 	0.0 	0.0 	0.0 	0.0 	0.0 	0.0 	0.0 	0.0 	0.0 	0.0 	0.0 	0.0 	
7 	0.0 	0.0 	0.0 	0.0 	1.0 	0.0 	0.0 	0.0 	0.0 	0.0 	0.0 	0.0 	0.0 	0.0 	0.0 	0.0 	0.0 	0.0 	0.0 	0.0 	
8 	0.0 	0.0 	0.0 	0.0 	0.0 	0.0 	0.0 	0.0 	0.0 	0.0 	0.0 	0.0 	0.0 	0.0 	0.61 	0.0 	0.0 	0.0 	0.39 	0.0 	
9 	0.0 	0.61 	0.0 	0.0 	0.0 	0.0 	0.0 	0.0 	0.0 	0.0 	0.0 	0.39 	0.0 	0.0 	0.0 	0.0 	0.0 	0.0 	0.0 	0.0 	
10 	0.03 	0.2 	0.0 	0.0 	0.0 	0.0 	0.0 	0.0 	0.0 	0.0 	0.52 	0.0 	0.0 	0.0 	0.22 	0.0 	0.0 	0.0 	0.0 	0.03 	
11 	0.0 	0.0 	0.0 	0.0 	1.0 	0.0 	0.0 	0.0 	0.0 	0.0 	0.0 	0.0 	0.0 	0.0 	0.0 	0.0 	0.0 	0.0 	0.0 	0.0 	
12 	0.23 	0.0 	0.1 	0.0 	0.0 	0.0 	0.0 	0.08 	0.0 	0.0 	0.0 	0.0 	0.0 	0.0 	0.5 	0.09 	0.0 	0.0 	0.0 	0.0 	
13 	0.08 	0.0 	0.21 	0.0 	0.0 	0.05 	0.02 	0.31 	0.0 	0.0 	0.04 	0.0 	0.0 	0.0 	0.16 	0.12 	0.0 	0.0 	0.0 	0.0 	
14 	0.0 	0.03 	0.24 	0.05 	0.07 	0.0 	0.03 	0.57 	0.0 	0.0 	0.0 	0.0 	0.0 	0.0 	0.0 	0.0 	0.0 	0.0 	0.0 	0.0 	
15 	0.06 	0.13 	0.03 	0.0 	0.0 	0.05 	0.0 	0.0 	0.0 	0.02 	0.67 	0.0 	0.03 	0.0 	0.0 	0.0 	0.0 	0.0 	0.0 	0.0 	
16 	0.0 	0.0 	0.0 	0.0 	1.0 	0.0 	0.0 	0.0 	0.0 	0.0 	0.0 	0.0 	0.0 	0.0 	0.0 	0.0 	0.0 	0.0 	0.0 	0.0 	
17 	0.0 	0.0 	0.0 	0.0 	1.0 	0.0 	0.0 	0.0 	0.0 	0.0 	0.0 	0.0 	0.0 	0.0 	0.0 	0.0 	0.0 	0.0 	0.0 	0.0 	
18 	0.0 	0.0 	0.0 	0.0 	0.0 	0.0 	0.0 	0.0 	0.0 	0.0 	0.0 	0.0 	0.0 	0.0 	0.0 	1.0 	0.0 	0.0 	0.0 	0.0 	
19 	0.0 	0.09 	0.07 	0.0 	0.0 	0.34 	0.09 	0.0 	0.0 	0.1 	0.0 	0.21 	0.0 	0.0 	0.0 	0.05 	0.0 	0.0 	0.0 	0.05 	
20 	0.0 	0.0 	0.0 	0.0 	0.0 	0.0 	0.0 	0.0 	0.11 	0.0 	0.0 	0.0 	0.0 	0.54 	0.0 	0.0 	0.0 	0.11 	0.24 	0.0 	
21 	0.0 	0.0 	0.06 	0.0 	0.0 	0.0 	0.0 	0.94 	0.0 	0.0 	0.0 	0.0 	0.0 	0.0 	0.0 	0.0 	0.0 	0.0 	0.0 	0.0 	
22 	0.0 	0.0 	0.0 	0.0 	0.0 	0.0 	0.0 	0.0 	0.0 	0.0 	0.0 	0.0 	0.0 	0.12 	0.0 	0.0 	0.0 	0.67 	0.22 	0.0 	
23 	0.0 	0.0 	0.0 	0.0 	1.0 	0.0 	0.0 	0.0 	0.0 	0.0 	0.0 	0.0 	0.0 	0.0 	0.0 	0.0 	0.0 	0.0 	0.0 	0.0 	
24 	0.04 	0.0 	0.0 	0.0 	0.0 	0.0 	0.0 	0.96 	0.0 	0.0 	0.0 	0.0 	0.0 	0.0 	0.0 	0.0 	0.0 	0.0 	0.0 	0.0 	
25 	0.0 	0.0 	0.22 	0.04 	0.0 	0.0 	0.0 	0.05 	0.0 	0.0 	0.07 	0.0 	0.0 	0.0 	0.0 	0.35 	0.26 	0.0 	0.0 	0.0 	
26 	0.0 	0.0 	0.0 	0.03 	0.0 	0.0 	0.0 	0.19 	0.0 	0.0 	0.0 	0.0 	0.0 	0.0 	0.0 	0.0 	0.78 	0.0 	0.0 	0.0 	
27 	0.17 	0.0 	0.17 	0.15 	0.0 	0.03 	0.07 	0.0 	0.0 	0.0 	0.0 	0.04 	0.0 	0.0 	0.16 	0.13 	0.06 	0.0 	0.0 	0.02 	
28 	0.23 	0.0 	0.0 	0.56 	0.0 	0.0 	0.14 	0.0 	0.0 	0.0 	0.0 	0.0 	0.0 	0.0 	0.07 	0.0 	0.0 	0.0 	0.0 	0.0 	
29 	0.0 	0.0 	0.0 	0.0 	0.0 	0.0 	0.0 	0.0 	0.03 	0.0 	0.0 	0.0 	0.0 	0.05 	0.0 	0.0 	0.0 	0.0 	0.91 	0.0 	
30 	0.0 	0.0 	0.0 	0.0 	1.0 	0.0 	0.0 	0.0 	0.0 	0.0 	0.0 	0.0 	0.0 	0.0 	0.0 	0.0 	0.0 	0.0 	0.0 	0.0 	
31 	0.0 	0.06 	0.0 	0.04 	0.0 	0.0 	0.0 	0.65 	0.0 	0.0 	0.0 	0.09 	0.0 	0.0 	0.0 	0.14 	0.02 	0.0 	0.0 	0.0 	
32 	0.07 	0.0 	0.0 	0.08 	0.0 	0.04 	0.0 	0.13 	0.0 	0.02 	0.04 	0.1 	0.0 	0.0 	0.22 	0.09 	0.1 	0.0 	0.0 	0.1 	
33 	0.01 	0.0 	0.03 	0.02 	0.0 	0.0 	0.02 	0.57 	0.0 	0.0 	0.01 	0.07 	0.0 	0.0 	0.07 	0.15 	0.03 	0.0 	0.0 	0.0 	
34 	0.02 	0.01 	0.22 	0.06 	0.16 	0.05 	0.01 	0.08 	0.0 	0.01 	0.02 	0.1 	0.05 	0.01 	0.01 	0.13 	0.03 	0.0 	0.01 	0.01 	
35 	0.0 	0.08 	0.0 	0.0 	0.78 	0.08 	0.0 	0.0 	0.0 	0.0 	0.0 	0.0 	0.0 	0.0 	0.0 	0.07 	0.0 	0.0 	0.0 	0.0 	
36 	0.0 	0.06 	0.0 	0.0 	0.0 	0.78 	0.0 	0.0 	0.0 	0.0 	0.0 	0.0 	0.0 	0.0 	0.0 	0.1 	0.07 	0.0 	0.0 	0.0 	
37 	0.0 	0.0 	0.0 	0.0 	0.06 	0.0 	0.0 	0.2 	0.0 	0.0 	0.0 	0.0 	0.0 	0.0 	0.0 	0.58 	0.07 	0.0 	0.1 	0.0 	
38 	0.0 	0.08 	0.05 	0.0 	0.0 	0.6 	0.0 	0.07 	0.0 	0.0 	0.0 	0.0 	0.0 	0.0 	0.16 	0.05 	0.0 	0.0 	0.0 	0.0 	
39 	0.09 	0.0 	0.0 	0.0 	0.91 	0.0 	0.0 	0.0 	0.0 	0.0 	0.0 	0.0 	0.0 	0.0 	0.0 	0.0 	0.0 	0.0 	0.0 	0.0 	
40 	0.03 	0.29 	0.0 	0.0 	0.0 	0.0 	0.0 	0.19 	0.0 	0.0 	0.0 	0.08 	0.0 	0.0 	0.2 	0.07 	0.09 	0.05 	0.0 	0.0 	
41 	0.0 	0.0 	0.0 	0.0 	0.0 	0.0 	0.0 	1.0 	0.0 	0.0 	0.0 	0.0 	0.0 	0.0 	0.0 	0.0 	0.0 	0.0 	0.0 	0.0 	
