	A 	R 	N 	D 	C 	Q 	E 	G 	H 	I 	L 	K 	M 	F 	P 	S 	T 	W 	Y 	V 	
1 	0.0 	0.0 	0.0 	0.0 	0.0 	0.0 	1.0 	0.0 	0.0 	0.0 	0.0 	0.0 	0.0 	0.0 	0.0 	0.0 	0.0 	0.0 	0.0 	0.0 	
2 	0.0 	0.19 	0.0 	0.0 	0.0 	0.0 	0.0 	0.0 	0.0 	0.0 	0.0 	0.81 	0.0 	0.0 	0.0 	0.0 	0.0 	0.0 	0.0 	0.0 	
3 	0.0 	0.0 	0.0 	0.0 	0.0 	0.0 	0.0 	0.0 	0.0 	0.0 	0.0 	0.0 	0.0 	0.0 	1.0 	0.0 	0.0 	0.0 	0.0 	0.0 	
4 	0.0 	0.0 	0.54 	0.0 	0.0 	0.0 	0.0 	0.0 	0.0 	0.0 	0.0 	0.0 	0.0 	0.0 	0.0 	0.27 	0.19 	0.0 	0.0 	0.0 	
5 	0.0 	0.0 	0.0 	0.0 	1.0 	0.0 	0.0 	0.0 	0.0 	0.0 	0.0 	0.0 	0.0 	0.0 	0.0 	0.0 	0.0 	0.0 	0.0 	0.0 	
6 	0.0 	0.0 	0.0 	0.0 	0.0 	0.0 	0.0 	0.0 	0.0 	0.0 	1.0 	0.0 	0.0 	0.0 	0.0 	0.0 	0.0 	0.0 	0.0 	0.0 	
7 	0.09 	0.0 	0.07 	0.23 	0.0 	0.0 	0.28 	0.0 	0.0 	0.0 	0.0 	0.07 	0.0 	0.0 	0.0 	0.26 	0.0 	0.0 	0.0 	0.0 	
8 	0.0 	0.0 	0.0 	0.0 	0.0 	0.0 	0.0 	0.0 	0.0 	0.0 	0.45 	0.0 	0.0 	0.0 	0.36 	0.0 	0.0 	0.0 	0.0 	0.19 	
9 	0.0 	0.31 	0.0 	0.0 	0.0 	0.14 	0.0 	0.0 	0.0 	0.19 	0.36 	0.0 	0.0 	0.0 	0.0 	0.0 	0.0 	0.0 	0.0 	0.0 	
10 	0.0 	0.08 	0.2 	0.3 	0.0 	0.0 	0.07 	0.0 	0.19 	0.0 	0.0 	0.0 	0.0 	0.0 	0.0 	0.16 	0.0 	0.0 	0.0 	0.0 	
11 	0.0 	0.14 	0.0 	0.0 	0.0 	0.0 	0.0 	0.0 	0.0 	0.0 	0.16 	0.0 	0.0 	0.21 	0.0 	0.23 	0.19 	0.0 	0.0 	0.07 	
12 	0.0 	0.0 	0.0 	0.0 	1.0 	0.0 	0.0 	0.0 	0.0 	0.0 	0.0 	0.0 	0.0 	0.0 	0.0 	0.0 	0.0 	0.0 	0.0 	0.0 	
13 	0.0 	0.51 	0.0 	0.0 	0.0 	0.0 	0.27 	0.0 	0.0 	0.0 	0.0 	0.14 	0.0 	0.08 	0.0 	0.0 	0.0 	0.0 	0.0 	0.0 	
14 	0.15 	0.27 	0.19 	0.0 	0.0 	0.0 	0.09 	0.0 	0.0 	0.0 	0.0 	0.0 	0.0 	0.0 	0.0 	0.08 	0.22 	0.0 	0.0 	0.0 	
15 	0.0 	0.0 	0.23 	0.5 	0.0 	0.0 	0.0 	0.0 	0.0 	0.0 	0.0 	0.0 	0.0 	0.0 	0.0 	0.27 	0.0 	0.0 	0.0 	0.0 	
16 	0.0 	0.27 	0.0 	0.0 	0.0 	0.0 	0.19 	0.0 	0.15 	0.0 	0.0 	0.0 	0.0 	0.0 	0.16 	0.0 	0.0 	0.0 	0.23 	0.0 	
17 	0.0 	0.07 	0.0 	0.0 	0.0 	0.0 	0.0 	0.0 	0.0 	0.14 	0.57 	0.0 	0.0 	0.0 	0.0 	0.0 	0.0 	0.0 	0.0 	0.22 	
18 	0.0 	0.0 	0.0 	0.0 	1.0 	0.0 	0.0 	0.0 	0.0 	0.0 	0.0 	0.0 	0.0 	0.0 	0.0 	0.0 	0.0 	0.0 	0.0 	0.0 	
19 	0.0 	1.0 	0.0 	0.0 	0.0 	0.0 	0.0 	0.0 	0.0 	0.0 	0.0 	0.0 	0.0 	0.0 	0.0 	0.0 	0.0 	0.0 	0.0 	0.0 	
20 	0.0 	0.0 	0.0 	0.0 	0.0 	0.0 	0.0 	0.0 	0.0 	0.0 	0.0 	0.0 	0.0 	0.0 	0.27 	0.54 	0.19 	0.0 	0.0 	0.0 	
21 	0.0 	0.68 	0.0 	0.0 	0.0 	0.0 	0.0 	0.13 	0.0 	0.0 	0.0 	0.0 	0.0 	0.0 	0.0 	0.0 	0.0 	0.0 	0.19 	0.0 	
22 	0.0 	0.0 	0.0 	0.0 	0.0 	0.0 	0.0 	0.0 	0.0 	0.0 	0.72 	0.0 	0.0 	0.0 	0.0 	0.0 	0.0 	0.0 	0.28 	0.0 	
23 	0.38 	0.19 	0.0 	0.0 	0.0 	0.0 	0.0 	0.0 	0.0 	0.0 	0.07 	0.0 	0.08 	0.07 	0.0 	0.13 	0.0 	0.0 	0.0 	0.08 	
24 	0.14 	0.0 	0.0 	0.45 	0.0 	0.0 	0.09 	0.13 	0.0 	0.0 	0.0 	0.0 	0.0 	0.0 	0.0 	0.0 	0.19 	0.0 	0.0 	0.0 	
25 	0.0 	0.0 	0.0 	0.0 	0.0 	0.0 	0.0 	0.0 	0.0 	0.0 	0.13 	0.0 	0.0 	0.87 	0.0 	0.0 	0.0 	0.0 	0.0 	0.0 	
26 	0.0 	0.0 	0.0 	0.0 	0.0 	0.58 	0.0 	0.0 	0.15 	0.0 	0.0 	0.0 	0.0 	0.14 	0.0 	0.0 	0.0 	0.0 	0.0 	0.13 	
27 	0.29 	0.0 	0.0 	0.0 	0.0 	0.0 	0.0 	0.0 	0.13 	0.0 	0.0 	0.0 	0.0 	0.09 	0.0 	0.0 	0.49 	0.0 	0.0 	0.0 	
28 	0.0 	0.0 	0.38 	0.0 	0.0 	0.0 	0.19 	0.0 	0.16 	0.0 	0.0 	0.0 	0.0 	0.0 	0.13 	0.14 	0.0 	0.0 	0.0 	0.0 	
29 	0.0 	0.0 	0.0 	0.0 	0.87 	0.0 	0.0 	0.0 	0.0 	0.0 	0.0 	0.0 	0.0 	0.0 	0.0 	0.13 	0.0 	0.0 	0.0 	0.0 	
30 	0.27 	0.08 	0.0 	0.0 	0.0 	0.3 	0.0 	0.0 	0.16 	0.0 	0.0 	0.0 	0.0 	0.0 	0.0 	0.0 	0.0 	0.19 	0.0 	0.0 	
31 	0.15 	0.0 	0.0 	0.0 	0.0 	0.13 	0.0 	0.0 	0.0 	0.0 	0.0 	0.0 	0.0 	0.0 	0.72 	0.0 	0.0 	0.0 	0.0 	0.0 	
32 	0.16 	0.14 	0.01 	0.01 	0.0 	0.01 	0.15 	0.01 	0.0 	0.01 	0.02 	0.01 	0.16 	0.01 	0.01 	0.25 	0.01 	0.0 	0.01 	0.01 	
33 	0.01 	0.01 	0.01 	0.17 	0.0 	0.01 	0.01 	0.01 	0.0 	0.01 	0.11 	0.01 	0.0 	0.08 	0.28 	0.15 	0.01 	0.0 	0.08 	0.01 	
34 	0.01 	0.35 	0.01 	0.01 	0.0 	0.17 	0.01 	0.15 	0.19 	0.01 	0.01 	0.01 	0.0 	0.01 	0.01 	0.01 	0.01 	0.0 	0.01 	0.01 	
35 	0.0 	0.13 	0.0 	0.0 	0.0 	0.0 	0.0 	0.0 	0.0 	0.16 	0.0 	0.0 	0.0 	0.0 	0.0 	0.36 	0.17 	0.0 	0.0 	0.19 	
36 	0.28 	0.14 	0.0 	0.0 	0.0 	0.0 	0.0 	0.0 	0.0 	0.08 	0.36 	0.0 	0.0 	0.0 	0.0 	0.0 	0.0 	0.0 	0.0 	0.14 	
37 	0.0 	0.0 	0.0 	0.14 	0.0 	0.0 	0.0 	0.35 	0.0 	0.0 	0.0 	0.0 	0.0 	0.0 	0.13 	0.23 	0.15 	0.0 	0.0 	0.0 	
38 	0.13 	0.07 	0.07 	0.0 	0.0 	0.0 	0.0 	0.16 	0.0 	0.0 	0.0 	0.19 	0.0 	0.0 	0.0 	0.22 	0.16 	0.0 	0.0 	0.0 	
39 	0.0 	0.0 	0.0 	0.0 	0.87 	0.0 	0.0 	0.13 	0.0 	0.0 	0.0 	0.0 	0.0 	0.0 	0.0 	0.0 	0.0 	0.0 	0.0 	0.0 	
40 	0.16 	0.28 	0.0 	0.0 	0.0 	0.0 	0.0 	0.0 	0.0 	0.0 	0.14 	0.0 	0.0 	0.0 	0.42 	0.0 	0.0 	0.0 	0.0 	0.0 	
41 	0.08 	0.09 	0.0 	0.0 	0.0 	0.0 	0.33 	0.2 	0.0 	0.0 	0.0 	0.14 	0.0 	0.0 	0.0 	0.0 	0.16 	0.0 	0.0 	0.0 	
42 	0.0 	0.13 	0.0 	0.43 	0.0 	0.0 	0.44 	0.0 	0.0 	0.0 	0.0 	0.0 	0.0 	0.0 	0.0 	0.0 	0.0 	0.0 	0.0 	0.0 	
43 	0.0 	0.0 	0.29 	0.0 	0.0 	0.16 	0.0 	0.33 	0.0 	0.0 	0.0 	0.0 	0.0 	0.0 	0.13 	0.09 	0.0 	0.0 	0.0 	0.0 	
44 	0.01 	0.01 	0.01 	0.01 	0.0 	0.01 	0.01 	0.15 	0.0 	0.01 	0.14 	0.01 	0.0 	0.01 	0.01 	0.2 	0.01 	0.0 	0.39 	0.01 	
45 	0.23 	0.0 	0.0 	0.19 	0.0 	0.15 	0.0 	0.0 	0.0 	0.0 	0.0 	0.0 	0.0 	0.0 	0.27 	0.16 	0.0 	0.0 	0.0 	0.0 	
46 	0.37 	0.3 	0.0 	0.14 	0.0 	0.0 	0.0 	0.0 	0.0 	0.0 	0.0 	0.0 	0.0 	0.0 	0.0 	0.19 	0.0 	0.0 	0.0 	0.0 	
47 	0.0 	0.13 	0.0 	0.0 	0.87 	0.0 	0.0 	0.0 	0.0 	0.0 	0.0 	0.0 	0.0 	0.0 	0.0 	0.0 	0.0 	0.0 	0.0 	0.0 	
48 	0.0 	0.19 	0.0 	0.0 	0.0 	0.0 	0.0 	0.0 	0.0 	0.0 	0.81 	0.0 	0.0 	0.0 	0.0 	0.0 	0.0 	0.0 	0.0 	0.0 	
49 	0.19 	0.43 	0.0 	0.0 	0.0 	0.0 	0.0 	0.15 	0.0 	0.0 	0.23 	0.0 	0.0 	0.0 	0.0 	0.0 	0.0 	0.0 	0.0 	0.0 	
50 	0.65 	0.0 	0.0 	0.0 	0.0 	0.0 	0.0 	0.13 	0.0 	0.0 	0.0 	0.0 	0.0 	0.0 	0.0 	0.15 	0.0 	0.0 	0.0 	0.07 	
51 	0.0 	0.0 	0.0 	0.0 	0.0 	0.0 	0.0 	0.0 	0.0 	0.0 	0.0 	0.0 	0.0 	0.0 	0.13 	0.0 	0.0 	0.0 	0.87 	0.0 	
52 	0.22 	0.13 	0.0 	0.0 	0.0 	0.0 	0.0 	0.0 	0.0 	0.0 	0.35 	0.0 	0.0 	0.0 	0.0 	0.14 	0.16 	0.0 	0.0 	0.0 	
53 	0.0 	0.0 	0.0 	0.0 	0.0 	0.0 	0.0 	1.0 	0.0 	0.0 	0.0 	0.0 	0.0 	0.0 	0.0 	0.0 	0.0 	0.0 	0.0 	0.0 	
54 	0.0 	0.0 	0.0 	0.0 	0.0 	0.0 	0.0 	0.0 	0.0 	0.09 	0.52 	0.0 	0.08 	0.0 	0.0 	0.0 	0.19 	0.0 	0.0 	0.13 	
55 	0.13 	0.0 	0.0 	0.0 	0.0 	0.0 	0.0 	0.0 	0.0 	0.61 	0.0 	0.0 	0.0 	0.19 	0.0 	0.0 	0.0 	0.0 	0.0 	0.07 	
56 	0.0 	0.0 	0.0 	0.0 	0.0 	0.0 	0.0 	1.0 	0.0 	0.0 	0.0 	0.0 	0.0 	0.0 	0.0 	0.0 	0.0 	0.0 	0.0 	0.0 	
57 	0.0 	0.0 	0.0 	0.0 	0.0 	0.0 	0.0 	0.0 	0.0 	0.0 	0.0 	0.0 	0.0 	0.15 	0.0 	0.09 	0.76 	0.0 	0.0 	0.0 	
58 	0.29 	0.0 	0.0 	0.15 	0.0 	0.0 	0.0 	0.0 	0.0 	0.0 	0.0 	0.0 	0.0 	0.0 	0.09 	0.0 	0.0 	0.0 	0.0 	0.47 	
59 	0.0 	0.0 	0.0 	0.0 	0.0 	0.0 	0.0 	0.0 	0.0 	0.09 	0.19 	0.0 	0.45 	0.0 	0.0 	0.0 	0.0 	0.0 	0.0 	0.27 	
60 	0.01 	0.01 	0.01 	0.01 	0.0 	0.01 	0.01 	0.01 	0.0 	0.01 	0.02 	0.01 	0.0 	0.01 	0.01 	0.01 	0.82 	0.0 	0.01 	0.01 	
61 	0.01 	0.01 	0.01 	0.01 	0.0 	0.01 	0.01 	0.01 	0.0 	0.01 	0.02 	0.01 	0.0 	0.01 	0.82 	0.01 	0.01 	0.0 	0.01 	0.01 	
62 	0.01 	0.01 	0.82 	0.01 	0.0 	0.01 	0.01 	0.01 	0.0 	0.01 	0.02 	0.01 	0.0 	0.01 	0.01 	0.01 	0.01 	0.0 	0.01 	0.01 	
63 	0.01 	0.01 	0.01 	0.01 	0.0 	0.01 	0.01 	0.01 	0.0 	0.17 	0.02 	0.01 	0.0 	0.01 	0.01 	0.01 	0.01 	0.0 	0.01 	0.66 	
64 	0.66 	0.0 	0.0 	0.0 	0.0 	0.19 	0.0 	0.0 	0.0 	0.0 	0.0 	0.0 	0.0 	0.0 	0.0 	0.15 	0.0 	0.0 	0.0 	0.0 	
65 	0.0 	0.0 	0.0 	0.0 	0.0 	0.0 	0.0 	0.0 	0.0 	0.0 	0.16 	0.0 	0.0 	0.0 	0.65 	0.0 	0.0 	0.0 	0.0 	0.19 	
66 	0.0 	0.0 	0.0 	0.0 	0.0 	0.0 	0.0 	0.0 	0.0 	0.0 	0.0 	0.0 	0.0 	0.0 	0.19 	0.16 	0.0 	0.65 	0.0 	0.0 	
67 	0.0 	0.0 	0.0 	0.0 	1.0 	0.0 	0.0 	0.0 	0.0 	0.0 	0.0 	0.0 	0.0 	0.0 	0.0 	0.0 	0.0 	0.0 	0.0 	0.0 	
68 	0.19 	0.0 	0.08 	0.27 	0.0 	0.0 	0.0 	0.14 	0.0 	0.0 	0.0 	0.0 	0.0 	0.0 	0.0 	0.07 	0.25 	0.0 	0.0 	0.0 	
69 	0.0 	0.0 	0.0 	0.0 	1.0 	0.0 	0.0 	0.0 	0.0 	0.0 	0.0 	0.0 	0.0 	0.0 	0.0 	0.0 	0.0 	0.0 	0.0 	0.0 	
70 	0.07 	0.43 	0.09 	0.0 	0.0 	0.0 	0.07 	0.13 	0.0 	0.0 	0.0 	0.07 	0.0 	0.0 	0.0 	0.14 	0.0 	0.0 	0.0 	0.0 	
71 	0.36 	0.0 	0.14 	0.0 	0.0 	0.0 	0.0 	0.31 	0.0 	0.0 	0.0 	0.0 	0.0 	0.0 	0.0 	0.19 	0.0 	0.0 	0.0 	0.0 	
72 	0.0 	0.0 	0.0 	0.0 	0.0 	0.0 	0.0 	0.0 	0.0 	0.19 	0.0 	0.0 	0.0 	0.0 	0.0 	0.81 	0.0 	0.0 	0.0 	0.0 	
73 	0.0 	0.0 	0.0 	0.0 	0.0 	0.0 	0.0 	0.81 	0.0 	0.0 	0.0 	0.0 	0.0 	0.0 	0.0 	0.0 	0.19 	0.0 	0.0 	0.0 	
74 	0.0 	0.0 	0.81 	0.0 	0.0 	0.19 	0.0 	0.0 	0.0 	0.0 	0.0 	0.0 	0.0 	0.0 	0.0 	0.0 	0.0 	0.0 	0.0 	0.0 	
75 	0.0 	0.36 	0.0 	0.14 	0.0 	0.0 	0.0 	0.19 	0.0 	0.0 	0.23 	0.0 	0.08 	0.0 	0.0 	0.0 	0.0 	0.0 	0.0 	0.0 	
76 	0.0 	0.27 	0.0 	0.0 	0.0 	0.25 	0.34 	0.0 	0.0 	0.0 	0.14 	0.0 	0.0 	0.0 	0.0 	0.0 	0.0 	0.0 	0.0 	0.0 	
77 	0.0 	0.0 	0.0 	0.08 	0.0 	0.0 	0.92 	0.0 	0.0 	0.0 	0.0 	0.0 	0.0 	0.0 	0.0 	0.0 	0.0 	0.0 	0.0 	0.0 	
78 	0.0 	0.0 	0.0 	0.2 	0.0 	0.0 	0.61 	0.0 	0.0 	0.0 	0.0 	0.0 	0.0 	0.0 	0.19 	0.0 	0.0 	0.0 	0.0 	0.0 	
79 	0.0 	0.0 	0.0 	0.0 	1.0 	0.0 	0.0 	0.0 	0.0 	0.0 	0.0 	0.0 	0.0 	0.0 	0.0 	0.0 	0.0 	0.0 	0.0 	0.0 	
80 	0.0 	0.0 	0.0 	0.0 	0.0 	0.0 	0.67 	0.0 	0.0 	0.0 	0.14 	0.0 	0.19 	0.0 	0.0 	0.0 	0.0 	0.0 	0.0 	0.0 	
81 	0.46 	0.0 	0.0 	0.0 	0.0 	0.08 	0.0 	0.0 	0.0 	0.0 	0.0 	0.29 	0.08 	0.0 	0.0 	0.09 	0.0 	0.0 	0.0 	0.0 	
82 	0.0 	0.0 	0.0 	0.0 	0.0 	0.0 	0.0 	0.0 	0.0 	0.0 	0.16 	0.0 	0.0 	0.84 	0.0 	0.0 	0.0 	0.0 	0.0 	0.0 	
83 	0.0 	0.27 	0.0 	0.0 	0.0 	0.19 	0.16 	0.0 	0.0 	0.0 	0.38 	0.0 	0.0 	0.0 	0.0 	0.0 	0.0 	0.0 	0.0 	0.0 	
84 	0.0 	0.15 	0.14 	0.0 	0.0 	0.0 	0.0 	0.21 	0.28 	0.0 	0.0 	0.22 	0.0 	0.0 	0.0 	0.0 	0.0 	0.0 	0.0 	0.0 	
85 	0.0 	0.0 	0.0 	0.15 	0.0 	0.0 	0.0 	0.0 	0.0 	0.0 	0.36 	0.0 	0.19 	0.22 	0.0 	0.08 	0.0 	0.0 	0.0 	0.0 	
86 	0.0 	0.0 	0.0 	0.0 	0.0 	0.0 	0.0 	0.0 	0.0 	0.0 	0.19 	0.0 	0.0 	0.81 	0.0 	0.0 	0.0 	0.0 	0.0 	0.0 	
87 	0.0 	0.0 	0.0 	0.0 	0.0 	0.0 	0.0 	0.0 	0.19 	0.0 	0.0 	0.14 	0.0 	0.0 	0.0 	0.16 	0.51 	0.0 	0.0 	0.0 	
88 	0.0 	0.27 	0.0 	0.23 	0.0 	0.08 	0.15 	0.0 	0.08 	0.0 	0.0 	0.0 	0.0 	0.0 	0.0 	0.19 	0.0 	0.0 	0.0 	0.0 	
89 	0.0 	0.0 	0.81 	0.0 	0.0 	0.0 	0.0 	0.0 	0.0 	0.0 	0.0 	0.19 	0.0 	0.0 	0.0 	0.0 	0.0 	0.0 	0.0 	0.0 	
90 	0.0 	0.13 	0.0 	0.0 	0.0 	0.0 	0.0 	0.0 	0.0 	0.0 	0.0 	0.0 	0.0 	0.0 	0.45 	0.19 	0.14 	0.0 	0.0 	0.09 	
91 	0.0 	0.0 	0.0 	0.0 	1.0 	0.0 	0.0 	0.0 	0.0 	0.0 	0.0 	0.0 	0.0 	0.0 	0.0 	0.0 	0.0 	0.0 	0.0 	0.0 	
92 	0.0 	0.0 	0.0 	0.0 	0.0 	0.0 	0.0 	0.0 	0.0 	0.0 	0.81 	0.0 	0.0 	0.19 	0.0 	0.0 	0.0 	0.0 	0.0 	0.0 	
93 	0.0 	0.19 	0.0 	0.32 	0.0 	0.11 	0.0 	0.0 	0.0 	0.0 	0.0 	0.17 	0.0 	0.0 	0.0 	0.0 	0.1 	0.0 	0.0 	0.1 	
94 	0.0 	0.0 	0.47 	0.0 	0.0 	0.0 	0.2 	0.32 	0.0 	0.0 	0.0 	0.0 	0.0 	0.0 	0.0 	0.0 	0.0 	0.0 	0.0 	0.0 	
95 	1.0 	0.0 	0.0 	0.0 	0.0 	0.0 	0.0 	0.0 	0.0 	0.0 	0.0 	0.0 	0.0 	0.0 	0.0 	0.0 	0.0 	0.0 	0.0 	0.0 	
96 	0.0 	0.0 	0.0 	0.0 	0.0 	0.0 	0.0 	0.0 	0.0 	1.0 	0.0 	0.0 	0.0 	0.0 	0.0 	0.0 	0.0 	0.0 	0.0 	0.0 	
97 	0.2 	0.0 	0.0 	0.0 	0.0 	0.8 	0.0 	0.0 	0.0 	0.0 	0.0 	0.0 	0.0 	0.0 	0.0 	0.0 	0.0 	0.0 	0.0 	0.0 	
98 	1.0 	0.0 	0.0 	0.0 	0.0 	0.0 	0.0 	0.0 	0.0 	0.0 	0.0 	0.0 	0.0 	0.0 	0.0 	0.0 	0.0 	0.0 	0.0 	0.0 	
99 	0.0 	0.0 	0.0 	0.0 	0.0 	0.0 	0.0 	0.0 	0.0 	0.0 	0.0 	0.0 	0.0 	1.0 	0.0 	0.0 	0.0 	0.0 	0.0 	0.0 	
100 	0.25 	0.0 	0.0 	0.0 	0.0 	0.0 	0.0 	0.75 	0.0 	0.0 	0.0 	0.0 	0.0 	0.0 	0.0 	0.0 	0.0 	0.0 	0.0 	0.0 	
