	A 	R 	N 	D 	C 	Q 	E 	G 	H 	I 	L 	K 	M 	F 	P 	S 	T 	W 	Y 	V 	
1 	0.0 	0.0 	0.13 	0.12 	0.0 	0.0 	0.0 	0.0 	0.0 	0.0 	0.0 	0.0 	0.0 	0.0 	0.0 	0.75 	0.0 	0.0 	0.0 	0.0 	
2 	0.01 	0.45 	0.01 	0.0 	0.0 	0.07 	0.01 	0.0 	0.02 	0.02 	0.01 	0.26 	0.0 	0.02 	0.0 	0.03 	0.07 	0.01 	0.02 	0.01 	
3 	0.04 	0.01 	0.03 	0.01 	0.0 	0.01 	0.4 	0.0 	0.01 	0.06 	0.16 	0.0 	0.06 	0.02 	0.0 	0.03 	0.09 	0.0 	0.02 	0.05 	
4 	0.07 	0.0 	0.05 	0.0 	0.0 	0.0 	0.0 	0.76 	0.0 	0.0 	0.0 	0.0 	0.0 	0.0 	0.0 	0.08 	0.0 	0.0 	0.04 	0.0 	
5 	0.0 	0.0 	0.02 	0.11 	0.1 	0.0 	0.63 	0.03 	0.0 	0.0 	0.0 	0.0 	0.0 	0.0 	0.0 	0.1 	0.0 	0.0 	0.0 	0.0 	
6 	0.01 	0.0 	0.0 	0.0 	0.0 	0.0 	0.0 	0.0 	0.0 	0.29 	0.46 	0.0 	0.03 	0.0 	0.02 	0.0 	0.01 	0.0 	0.0 	0.17 	
7 	0.02 	0.0 	0.0 	0.0 	0.0 	0.0 	0.0 	0.0 	0.0 	0.42 	0.3 	0.0 	0.0 	0.04 	0.0 	0.0 	0.0 	0.0 	0.0 	0.21 	
8 	0.0 	0.0 	0.04 	0.75 	0.0 	0.02 	0.12 	0.01 	0.01 	0.01 	0.0 	0.02 	0.0 	0.0 	0.0 	0.0 	0.03 	0.0 	0.0 	0.0 	
9 	0.03 	0.0 	0.0 	0.0 	0.01 	0.0 	0.0 	0.0 	0.0 	0.09 	0.6 	0.0 	0.11 	0.04 	0.0 	0.01 	0.03 	0.0 	0.04 	0.05 	
10 	0.49 	0.0 	0.0 	0.0 	0.0 	0.0 	0.0 	0.45 	0.0 	0.0 	0.02 	0.0 	0.0 	0.0 	0.0 	0.03 	0.0 	0.0 	0.0 	0.0 	
11 	0.05 	0.0 	0.0 	0.01 	0.02 	0.01 	0.11 	0.0 	0.0 	0.08 	0.08 	0.0 	0.0 	0.0 	0.0 	0.04 	0.04 	0.0 	0.0 	0.55 	
12 	0.04 	0.01 	0.06 	0.13 	0.0 	0.07 	0.28 	0.01 	0.01 	0.01 	0.02 	0.32 	0.0 	0.0 	0.0 	0.03 	0.01 	0.0 	0.0 	0.01 	
13 	0.09 	0.01 	0.04 	0.0 	0.02 	0.04 	0.07 	0.0 	0.22 	0.01 	0.21 	0.03 	0.04 	0.03 	0.0 	0.02 	0.07 	0.0 	0.07 	0.02 	
14 	0.01 	0.0 	0.16 	0.19 	0.0 	0.01 	0.11 	0.35 	0.01 	0.0 	0.0 	0.15 	0.0 	0.0 	0.0 	0.01 	0.0 	0.0 	0.0 	0.0 	
15 	0.01 	0.0 	0.02 	0.0 	0.0 	0.0 	0.0 	0.0 	0.0 	0.43 	0.16 	0.0 	0.02 	0.07 	0.0 	0.0 	0.01 	0.0 	0.0 	0.27 	
16 	0.0 	0.0 	0.0 	0.0 	0.0 	0.0 	0.0 	0.0 	0.0 	0.46 	0.07 	0.0 	0.01 	0.01 	0.0 	0.0 	0.0 	0.0 	0.0 	0.45 	
17 	0.02 	0.05 	0.04 	0.15 	0.0 	0.11 	0.27 	0.01 	0.0 	0.02 	0.04 	0.12 	0.0 	0.0 	0.0 	0.02 	0.07 	0.0 	0.0 	0.08 	
18 	0.0 	0.23 	0.0 	0.0 	0.0 	0.02 	0.0 	0.0 	0.0 	0.0 	0.0 	0.76 	0.0 	0.0 	0.0 	0.0 	0.0 	0.0 	0.0 	0.0 	
19 	0.19 	0.01 	0.03 	0.0 	0.0 	0.0 	0.02 	0.01 	0.0 	0.01 	0.02 	0.16 	0.01 	0.0 	0.0 	0.54 	0.02 	0.0 	0.0 	0.0 	
20 	0.0 	0.0 	0.0 	0.04 	0.0 	0.0 	0.0 	0.96 	0.0 	0.0 	0.0 	0.0 	0.0 	0.0 	0.0 	0.0 	0.0 	0.0 	0.0 	0.0 	
21 	0.51 	0.0 	0.05 	0.0 	0.0 	0.0 	0.02 	0.02 	0.0 	0.0 	0.0 	0.0 	0.0 	0.0 	0.0 	0.32 	0.05 	0.0 	0.0 	0.03 	
22 	0.04 	0.0 	0.0 	0.0 	0.0 	0.0 	0.0 	0.0 	0.01 	0.0 	0.0 	0.0 	0.0 	0.03 	0.0 	0.04 	0.0 	0.87 	0.02 	0.0 	
23 	0.0 	0.0 	0.0 	0.0 	0.0 	0.0 	0.0 	0.0 	0.0 	0.0 	0.02 	0.0 	0.0 	0.27 	0.0 	0.0 	0.0 	0.0 	0.71 	0.0 	
24 	0.09 	0.0 	0.03 	0.0 	0.0 	0.0 	0.0 	0.01 	0.0 	0.0 	0.0 	0.01 	0.0 	0.02 	0.0 	0.71 	0.06 	0.0 	0.06 	0.01 	
25 	0.0 	0.0 	0.0 	0.0 	0.01 	0.0 	0.0 	0.0 	0.01 	0.05 	0.04 	0.0 	0.01 	0.12 	0.0 	0.0 	0.0 	0.0 	0.76 	0.0 	
26 	0.0 	0.03 	0.3 	0.05 	0.0 	0.06 	0.17 	0.22 	0.0 	0.01 	0.0 	0.11 	0.0 	0.0 	0.02 	0.02 	0.0 	0.0 	0.0 	0.01 	
27 	0.03 	0.0 	0.08 	0.24 	0.0 	0.01 	0.08 	0.44 	0.0 	0.0 	0.0 	0.02 	0.0 	0.0 	0.0 	0.1 	0.01 	0.0 	0.0 	0.0 	
28 	0.01 	0.03 	0.05 	0.2 	0.0 	0.11 	0.37 	0.0 	0.02 	0.02 	0.0 	0.05 	0.0 	0.0 	0.0 	0.02 	0.06 	0.0 	0.01 	0.05 	
29 	0.0 	0.29 	0.16 	0.0 	0.0 	0.07 	0.0 	0.0 	0.0 	0.0 	0.0 	0.39 	0.0 	0.0 	0.0 	0.05 	0.0 	0.0 	0.01 	0.03 	
30 	0.0 	0.0 	0.0 	0.0 	0.0 	0.0 	0.0 	0.0 	0.0 	0.54 	0.41 	0.0 	0.02 	0.01 	0.0 	0.0 	0.0 	0.0 	0.02 	0.0 	
31 	0.11 	0.0 	0.0 	0.02 	0.0 	0.0 	0.0 	0.82 	0.0 	0.0 	0.0 	0.0 	0.0 	0.0 	0.0 	0.02 	0.0 	0.0 	0.0 	0.0 	
32 	0.0 	0.02 	0.0 	0.0 	0.0 	0.89 	0.03 	0.0 	0.02 	0.03 	0.0 	0.0 	0.0 	0.0 	0.0 	0.0 	0.0 	0.0 	0.0 	0.01 	
33 	0.0 	0.0 	0.0 	0.0 	0.0 	0.0 	0.0 	1.0 	0.0 	0.0 	0.0 	0.0 	0.0 	0.0 	0.0 	0.0 	0.0 	0.0 	0.0 	0.0 	
34 	0.01 	0.48 	0.0 	0.0 	0.0 	0.0 	0.0 	0.01 	0.0 	0.02 	0.0 	0.44 	0.01 	0.0 	0.0 	0.03 	0.0 	0.0 	0.0 	0.0 	
35 	0.1 	0.0 	0.04 	0.19 	0.0 	0.01 	0.56 	0.0 	0.0 	0.0 	0.0 	0.0 	0.0 	0.02 	0.01 	0.04 	0.03 	0.0 	0.0 	0.01 	
36 	0.08 	0.01 	0.64 	0.0 	0.0 	0.02 	0.0 	0.02 	0.01 	0.0 	0.0 	0.16 	0.0 	0.01 	0.0 	0.04 	0.0 	0.0 	0.0 	0.0 	
37 	0.49 	0.0 	0.0 	0.0 	0.0 	0.0 	0.0 	0.0 	0.0 	0.01 	0.1 	0.0 	0.0 	0.0 	0.0 	0.09 	0.07 	0.0 	0.0 	0.25 	
38 	0.03 	0.22 	0.0 	0.0 	0.02 	0.0 	0.03 	0.02 	0.0 	0.13 	0.03 	0.38 	0.03 	0.03 	0.0 	0.01 	0.02 	0.0 	0.0 	0.07 	
39 	0.09 	0.04 	0.11 	0.02 	0.0 	0.16 	0.13 	0.02 	0.0 	0.03 	0.05 	0.19 	0.0 	0.0 	0.0 	0.07 	0.05 	0.0 	0.01 	0.02 	
40 	0.01 	0.0 	0.0 	0.0 	0.01 	0.01 	0.02 	0.0 	0.01 	0.0 	0.06 	0.0 	0.01 	0.33 	0.0 	0.0 	0.01 	0.09 	0.39 	0.05 	
41 	0.0 	0.0 	0.0 	0.0 	0.0 	0.0 	0.0 	0.0 	0.0 	0.02 	0.91 	0.0 	0.04 	0.03 	0.0 	0.0 	0.0 	0.0 	0.0 	0.0 	
42 	0.08 	0.15 	0.03 	0.02 	0.0 	0.03 	0.13 	0.0 	0.0 	0.03 	0.05 	0.34 	0.02 	0.01 	0.0 	0.05 	0.01 	0.0 	0.0 	0.04 	
43 	0.04 	0.01 	0.05 	0.15 	0.0 	0.05 	0.53 	0.01 	0.02 	0.01 	0.0 	0.06 	0.0 	0.0 	0.0 	0.03 	0.03 	0.0 	0.0 	0.02 	
44 	0.0 	0.02 	0.6 	0.04 	0.0 	0.01 	0.03 	0.0 	0.21 	0.0 	0.0 	0.07 	0.0 	0.0 	0.0 	0.0 	0.01 	0.0 	0.0 	0.0 	
45 	0.02 	0.01 	0.02 	0.0 	0.0 	0.01 	0.07 	0.0 	0.01 	0.03 	0.02 	0.11 	0.0 	0.0 	0.64 	0.01 	0.04 	0.0 	0.0 	0.01 	
46 	0.13 	0.0 	0.03 	0.19 	0.0 	0.03 	0.45 	0.01 	0.01 	0.0 	0.0 	0.05 	0.0 	0.0 	0.01 	0.07 	0.02 	0.0 	0.0 	0.01 	
47 	0.05 	0.02 	0.0 	0.02 	0.0 	0.01 	0.01 	0.0 	0.0 	0.27 	0.32 	0.01 	0.06 	0.04 	0.0 	0.01 	0.02 	0.0 	0.01 	0.18 	
48 	0.43 	0.05 	0.0 	0.0 	0.01 	0.03 	0.01 	0.02 	0.0 	0.02 	0.1 	0.02 	0.03 	0.13 	0.02 	0.03 	0.06 	0.0 	0.03 	0.0 	
49 	0.14 	0.02 	0.16 	0.2 	0.0 	0.06 	0.18 	0.04 	0.02 	0.02 	0.02 	0.03 	0.01 	0.01 	0.0 	0.03 	0.02 	0.0 	0.0 	0.03 	
50 	0.05 	0.01 	0.01 	0.03 	0.0 	0.08 	0.62 	0.0 	0.0 	0.03 	0.0 	0.07 	0.0 	0.01 	0.0 	0.0 	0.07 	0.0 	0.01 	0.0 	
51 	0.0 	0.0 	0.0 	0.0 	0.0 	0.0 	0.0 	0.0 	0.0 	0.65 	0.23 	0.0 	0.0 	0.02 	0.0 	0.0 	0.0 	0.0 	0.0 	0.09 	
52 	0.0 	0.03 	0.01 	0.13 	0.0 	0.02 	0.58 	0.0 	0.01 	0.01 	0.01 	0.06 	0.02 	0.01 	0.0 	0.03 	0.03 	0.0 	0.01 	0.02 	
53 	0.11 	0.08 	0.11 	0.04 	0.0 	0.17 	0.07 	0.03 	0.02 	0.02 	0.01 	0.2 	0.01 	0.01 	0.0 	0.02 	0.07 	0.0 	0.01 	0.01 	
54 	0.05 	0.11 	0.0 	0.01 	0.0 	0.13 	0.03 	0.02 	0.0 	0.04 	0.1 	0.44 	0.02 	0.01 	0.0 	0.01 	0.03 	0.0 	0.0 	0.0 	
55 	0.0 	0.0 	0.0 	0.0 	0.0 	0.0 	0.0 	0.0 	0.0 	0.41 	0.23 	0.0 	0.0 	0.0 	0.0 	0.0 	0.05 	0.0 	0.0 	0.32 	
56 	0.0 	0.69 	0.0 	0.0 	0.0 	0.02 	0.0 	0.0 	0.0 	0.03 	0.04 	0.14 	0.01 	0.02 	0.0 	0.0 	0.0 	0.0 	0.02 	0.04 	
57 	0.07 	0.01 	0.05 	0.15 	0.0 	0.1 	0.48 	0.0 	0.0 	0.0 	0.01 	0.08 	0.0 	0.0 	0.0 	0.03 	0.01 	0.0 	0.0 	0.01 	
58 	0.11 	0.02 	0.01 	0.0 	0.01 	0.08 	0.04 	0.01 	0.06 	0.06 	0.1 	0.36 	0.07 	0.03 	0.0 	0.03 	0.0 	0.0 	0.0 	0.01 	
59 	0.01 	0.0 	0.01 	0.0 	0.0 	0.0 	0.0 	0.0 	0.0 	0.14 	0.73 	0.0 	0.07 	0.02 	0.0 	0.0 	0.0 	0.0 	0.0 	0.02 	
60 	0.0 	0.0 	0.0 	0.0 	0.0 	0.0 	0.0 	0.0 	0.0 	0.14 	0.58 	0.0 	0.05 	0.19 	0.0 	0.0 	0.0 	0.0 	0.0 	0.04 	
