	A 	R 	N 	D 	C 	Q 	E 	G 	H 	I 	L 	K 	M 	F 	P 	S 	T 	W 	Y 	V 	
1 	0.0 	0.0 	0.0 	0.0 	0.0 	0.0 	0.0 	0.0 	0.0 	0.0 	0.0 	0.0 	0.0 	0.0 	0.0 	0.38 	0.62 	0.0 	0.0 	0.0 	
2 	0.13 	0.0 	0.07 	0.11 	0.0 	0.0 	0.07 	0.0 	0.0 	0.03 	0.06 	0.0 	0.34 	0.0 	0.0 	0.0 	0.09 	0.0 	0.0 	0.12 	
3 	0.05 	0.03 	0.27 	0.07 	0.0 	0.1 	0.04 	0.0 	0.0 	0.0 	0.0 	0.0 	0.0 	0.0 	0.0 	0.44 	0.0 	0.0 	0.0 	0.0 	
4 	0.02 	0.04 	0.17 	0.36 	0.0 	0.04 	0.09 	0.04 	0.0 	0.0 	0.05 	0.0 	0.0 	0.0 	0.03 	0.09 	0.08 	0.0 	0.0 	0.0 	
5 	0.21 	0.0 	0.02 	0.01 	0.0 	0.0 	0.01 	0.08 	0.0 	0.06 	0.11 	0.05 	0.03 	0.0 	0.06 	0.09 	0.1 	0.0 	0.0 	0.14 	
6 	0.22 	0.0 	0.01 	0.05 	0.0 	0.07 	0.04 	0.02 	0.0 	0.03 	0.06 	0.0 	0.03 	0.0 	0.19 	0.05 	0.1 	0.0 	0.02 	0.11 	
7 	0.03 	0.0 	0.0 	0.0 	0.0 	0.0 	0.0 	0.0 	0.01 	0.13 	0.15 	0.02 	0.0 	0.02 	0.22 	0.02 	0.02 	0.0 	0.03 	0.35 	
8 	0.02 	0.0 	0.0 	0.07 	0.0 	0.0 	0.13 	0.0 	0.01 	0.2 	0.22 	0.03 	0.03 	0.02 	0.02 	0.01 	0.05 	0.0 	0.03 	0.17 	
9 	0.0 	0.14 	0.01 	0.0 	0.04 	0.02 	0.0 	0.0 	0.01 	0.05 	0.06 	0.57 	0.03 	0.0 	0.0 	0.0 	0.02 	0.0 	0.02 	0.02 	
10 	0.11 	0.02 	0.0 	0.0 	0.03 	0.1 	0.36 	0.01 	0.04 	0.0 	0.02 	0.03 	0.02 	0.0 	0.0 	0.21 	0.04 	0.0 	0.0 	0.03 	
11 	0.02 	0.0 	0.01 	0.0 	0.0 	0.0 	0.0 	0.96 	0.0 	0.0 	0.0 	0.0 	0.0 	0.0 	0.0 	0.01 	0.0 	0.0 	0.0 	0.0 	
12 	0.04 	0.0 	0.0 	0.0 	0.03 	0.02 	0.01 	0.0 	0.01 	0.01 	0.01 	0.02 	0.02 	0.09 	0.05 	0.0 	0.01 	0.29 	0.34 	0.03 	
13 	0.0 	0.0 	0.0 	0.0 	0.02 	0.0 	0.0 	0.0 	0.0 	0.04 	0.83 	0.0 	0.07 	0.0 	0.01 	0.0 	0.0 	0.0 	0.0 	0.04 	
14 	0.02 	0.05 	0.0 	0.05 	0.0 	0.01 	0.06 	0.0 	0.1 	0.05 	0.13 	0.06 	0.05 	0.02 	0.0 	0.11 	0.03 	0.03 	0.16 	0.07 	
15 	0.02 	0.1 	0.0 	0.0 	0.0 	0.02 	0.02 	0.0 	0.0 	0.0 	0.03 	0.81 	0.0 	0.0 	0.0 	0.0 	0.0 	0.0 	0.0 	0.0 	
16 	0.01 	0.21 	0.01 	0.0 	0.01 	0.22 	0.01 	0.0 	0.02 	0.03 	0.06 	0.25 	0.03 	0.02 	0.0 	0.06 	0.02 	0.04 	0.01 	0.01 	
17 	0.09 	0.01 	0.02 	0.03 	0.01 	0.02 	0.04 	0.45 	0.0 	0.01 	0.0 	0.04 	0.0 	0.0 	0.02 	0.16 	0.08 	0.0 	0.0 	0.02 	
18 	0.08 	0.04 	0.11 	0.06 	0.0 	0.04 	0.03 	0.17 	0.09 	0.02 	0.02 	0.06 	0.0 	0.05 	0.03 	0.14 	0.02 	0.02 	0.0 	0.04 	
19 	0.04 	0.19 	0.04 	0.01 	0.0 	0.02 	0.04 	0.07 	0.02 	0.06 	0.06 	0.1 	0.0 	0.12 	0.0 	0.09 	0.04 	0.0 	0.07 	0.03 	
20 	0.03 	0.2 	0.07 	0.0 	0.0 	0.01 	0.0 	0.03 	0.01 	0.12 	0.14 	0.09 	0.1 	0.06 	0.0 	0.02 	0.04 	0.0 	0.01 	0.09 	
21 	0.01 	0.16 	0.03 	0.0 	0.01 	0.06 	0.03 	0.03 	0.02 	0.0 	0.02 	0.42 	0.0 	0.03 	0.05 	0.07 	0.04 	0.0 	0.01 	0.0 	
22 	0.03 	0.08 	0.18 	0.04 	0.0 	0.03 	0.06 	0.14 	0.01 	0.02 	0.05 	0.07 	0.0 	0.01 	0.04 	0.11 	0.11 	0.0 	0.0 	0.02 	
23 	0.02 	0.0 	0.01 	0.0 	0.0 	0.0 	0.0 	0.0 	0.0 	0.0 	0.02 	0.01 	0.01 	0.07 	0.02 	0.01 	0.0 	0.74 	0.06 	0.0 	
24 	0.04 	0.09 	0.04 	0.0 	0.0 	0.17 	0.0 	0.01 	0.04 	0.0 	0.02 	0.47 	0.02 	0.0 	0.02 	0.03 	0.03 	0.0 	0.0 	0.02 	
25 	0.01 	0.22 	0.03 	0.02 	0.0 	0.07 	0.07 	0.0 	0.01 	0.01 	0.04 	0.32 	0.0 	0.0 	0.08 	0.04 	0.04 	0.0 	0.01 	0.03 	
26 	0.01 	0.74 	0.03 	0.0 	0.0 	0.0 	0.0 	0.0 	0.02 	0.0 	0.04 	0.02 	0.01 	0.06 	0.0 	0.01 	0.0 	0.0 	0.05 	0.02 	
27 	0.0 	0.03 	0.0 	0.0 	0.0 	0.0 	0.0 	0.0 	0.05 	0.0 	0.01 	0.03 	0.02 	0.07 	0.0 	0.0 	0.0 	0.56 	0.24 	0.0 	
28 	0.03 	0.0 	0.0 	0.0 	0.06 	0.0 	0.0 	0.03 	0.0 	0.0 	0.06 	0.0 	0.01 	0.72 	0.0 	0.0 	0.0 	0.0 	0.0 	0.08 	
29 	0.06 	0.06 	0.0 	0.01 	0.02 	0.02 	0.0 	0.01 	0.01 	0.12 	0.05 	0.03 	0.01 	0.08 	0.0 	0.03 	0.04 	0.0 	0.01 	0.44 	
30 	0.0 	0.0 	0.0 	0.0 	0.01 	0.02 	0.0 	0.0 	0.0 	0.07 	0.78 	0.0 	0.0 	0.04 	0.0 	0.0 	0.0 	0.0 	0.01 	0.06 	
31 	0.03 	0.19 	0.02 	0.1 	0.02 	0.05 	0.01 	0.0 	0.02 	0.01 	0.03 	0.26 	0.0 	0.09 	0.0 	0.03 	0.08 	0.03 	0.01 	0.02 	
32 	0.03 	0.06 	0.18 	0.05 	0.01 	0.07 	0.08 	0.2 	0.01 	0.01 	0.02 	0.04 	0.0 	0.02 	0.06 	0.1 	0.01 	0.0 	0.03 	0.01 	
33 	0.03 	0.06 	0.17 	0.31 	0.0 	0.01 	0.03 	0.05 	0.05 	0.0 	0.02 	0.06 	0.01 	0.01 	0.03 	0.09 	0.06 	0.0 	0.01 	0.0 	
34 	0.04 	0.05 	0.03 	0.01 	0.08 	0.08 	0.04 	0.24 	0.01 	0.04 	0.02 	0.06 	0.08 	0.01 	0.03 	0.05 	0.03 	0.0 	0.03 	0.05 	
35 	0.03 	0.05 	0.01 	0.01 	0.02 	0.02 	0.01 	0.04 	0.03 	0.04 	0.41 	0.02 	0.02 	0.0 	0.02 	0.14 	0.06 	0.0 	0.0 	0.04 	
36 	0.0 	0.0 	0.0 	0.0 	0.01 	0.02 	0.0 	0.0 	0.03 	0.06 	0.31 	0.04 	0.01 	0.15 	0.0 	0.06 	0.06 	0.0 	0.19 	0.04 	
37 	0.01 	0.0 	0.02 	0.02 	0.03 	0.0 	0.03 	0.02 	0.0 	0.1 	0.26 	0.0 	0.04 	0.04 	0.0 	0.04 	0.02 	0.01 	0.3 	0.08 	
38 	0.02 	0.04 	0.0 	0.01 	0.04 	0.04 	0.04 	0.05 	0.05 	0.01 	0.01 	0.01 	0.0 	0.1 	0.01 	0.12 	0.05 	0.03 	0.35 	0.02 	
39 	0.01 	0.01 	0.0 	0.0 	0.0 	0.02 	0.03 	0.02 	0.03 	0.0 	0.01 	0.04 	0.0 	0.1 	0.02 	0.03 	0.02 	0.02 	0.59 	0.04 	
40 	0.07 	0.07 	0.03 	0.03 	0.0 	0.01 	0.05 	0.08 	0.02 	0.01 	0.02 	0.27 	0.01 	0.05 	0.03 	0.07 	0.02 	0.01 	0.13 	0.02 	
41 	0.05 	0.07 	0.11 	0.21 	0.01 	0.02 	0.12 	0.04 	0.01 	0.0 	0.01 	0.09 	0.02 	0.0 	0.0 	0.16 	0.04 	0.0 	0.0 	0.02 	
42 	0.01 	0.01 	0.04 	0.12 	0.0 	0.08 	0.14 	0.01 	0.02 	0.02 	0.02 	0.12 	0.01 	0.02 	0.07 	0.15 	0.05 	0.02 	0.05 	0.06 	
43 	0.07 	0.05 	0.03 	0.04 	0.02 	0.05 	0.07 	0.05 	0.03 	0.03 	0.05 	0.22 	0.01 	0.0 	0.12 	0.06 	0.08 	0.0 	0.0 	0.01 	
44 	0.07 	0.02 	0.03 	0.21 	0.02 	0.09 	0.17 	0.04 	0.01 	0.02 	0.02 	0.13 	0.01 	0.0 	0.04 	0.08 	0.03 	0.0 	0.0 	0.01 	
45 	0.07 	0.02 	0.04 	0.25 	0.01 	0.03 	0.14 	0.03 	0.02 	0.01 	0.01 	0.1 	0.01 	0.01 	0.03 	0.08 	0.08 	0.01 	0.02 	0.04 	
46 	0.09 	0.03 	0.03 	0.02 	0.0 	0.05 	0.07 	0.05 	0.01 	0.01 	0.06 	0.24 	0.01 	0.04 	0.07 	0.09 	0.04 	0.0 	0.01 	0.08 	
47 	0.11 	0.03 	0.05 	0.05 	0.02 	0.04 	0.11 	0.01 	0.03 	0.05 	0.02 	0.06 	0.01 	0.0 	0.21 	0.08 	0.05 	0.01 	0.02 	0.03 	
48 	0.02 	0.06 	0.02 	0.05 	0.01 	0.11 	0.03 	0.04 	0.04 	0.03 	0.13 	0.19 	0.02 	0.05 	0.05 	0.09 	0.04 	0.0 	0.01 	0.03 	
49 	0.02 	0.11 	0.03 	0.05 	0.02 	0.01 	0.05 	0.36 	0.01 	0.0 	0.07 	0.06 	0.01 	0.05 	0.01 	0.05 	0.02 	0.0 	0.02 	0.04 	
50 	0.04 	0.04 	0.01 	0.01 	0.03 	0.07 	0.12 	0.04 	0.02 	0.09 	0.03 	0.03 	0.01 	0.02 	0.08 	0.11 	0.1 	0.0 	0.04 	0.11 	
51 	0.01 	0.06 	0.0 	0.03 	0.01 	0.02 	0.05 	0.01 	0.0 	0.33 	0.05 	0.03 	0.02 	0.11 	0.01 	0.03 	0.03 	0.0 	0.01 	0.17 	
52 	0.02 	0.01 	0.05 	0.2 	0.01 	0.02 	0.05 	0.08 	0.01 	0.01 	0.04 	0.01 	0.01 	0.02 	0.34 	0.04 	0.02 	0.0 	0.03 	0.02 	
53 	0.01 	0.07 	0.01 	0.01 	0.02 	0.0 	0.02 	0.01 	0.01 	0.05 	0.57 	0.03 	0.01 	0.04 	0.0 	0.04 	0.01 	0.0 	0.0 	0.07 	
54 	0.02 	0.04 	0.1 	0.06 	0.01 	0.04 	0.06 	0.17 	0.0 	0.05 	0.08 	0.03 	0.01 	0.01 	0.04 	0.13 	0.07 	0.0 	0.02 	0.04 	
55 	0.09 	0.04 	0.18 	0.1 	0.02 	0.02 	0.07 	0.11 	0.03 	0.01 	0.04 	0.03 	0.01 	0.01 	0.03 	0.1 	0.06 	0.0 	0.02 	0.02 	
56 	0.03 	0.0 	0.02 	0.0 	0.06 	0.0 	0.0 	0.02 	0.02 	0.28 	0.13 	0.01 	0.01 	0.11 	0.0 	0.02 	0.02 	0.0 	0.12 	0.13 	
57 	0.03 	0.09 	0.06 	0.07 	0.02 	0.04 	0.12 	0.03 	0.03 	0.02 	0.05 	0.03 	0.02 	0.02 	0.0 	0.22 	0.12 	0.0 	0.03 	0.01 	
58 	0.06 	0.02 	0.0 	0.01 	0.02 	0.04 	0.03 	0.04 	0.01 	0.12 	0.18 	0.03 	0.04 	0.01 	0.0 	0.03 	0.04 	0.0 	0.02 	0.29 	
59 	0.16 	0.12 	0.04 	0.05 	0.02 	0.04 	0.04 	0.06 	0.02 	0.02 	0.02 	0.09 	0.03 	0.0 	0.0 	0.12 	0.04 	0.0 	0.01 	0.11 	
60 	0.05 	0.05 	0.01 	0.05 	0.0 	0.03 	0.15 	0.11 	0.05 	0.02 	0.05 	0.07 	0.05 	0.01 	0.04 	0.08 	0.07 	0.0 	0.07 	0.04 	
61 	0.18 	0.03 	0.04 	0.02 	0.24 	0.02 	0.06 	0.04 	0.01 	0.05 	0.03 	0.0 	0.03 	0.0 	0.03 	0.04 	0.01 	0.0 	0.04 	0.14 	
62 	0.08 	0.04 	0.02 	0.05 	0.03 	0.11 	0.08 	0.05 	0.03 	0.05 	0.09 	0.08 	0.01 	0.0 	0.03 	0.05 	0.03 	0.01 	0.06 	0.1 	
63 	0.05 	0.03 	0.02 	0.06 	0.02 	0.01 	0.13 	0.04 	0.02 	0.1 	0.07 	0.07 	0.01 	0.04 	0.05 	0.07 	0.08 	0.01 	0.02 	0.11 	
64 	0.06 	0.04 	0.03 	0.06 	0.04 	0.01 	0.1 	0.02 	0.02 	0.06 	0.11 	0.06 	0.06 	0.01 	0.04 	0.08 	0.06 	0.0 	0.0 	0.12 	
65 	0.03 	0.18 	0.01 	0.08 	0.03 	0.04 	0.11 	0.04 	0.02 	0.04 	0.03 	0.15 	0.0 	0.01 	0.04 	0.11 	0.04 	0.0 	0.01 	0.03 	
66 	0.06 	0.02 	0.07 	0.12 	0.01 	0.01 	0.05 	0.05 	0.03 	0.03 	0.08 	0.11 	0.01 	0.01 	0.02 	0.11 	0.05 	0.0 	0.04 	0.1 	
67 	0.09 	0.02 	0.04 	0.16 	0.01 	0.03 	0.18 	0.08 	0.01 	0.04 	0.06 	0.07 	0.02 	0.01 	0.03 	0.1 	0.03 	0.0 	0.01 	0.02 	
68 	0.13 	0.07 	0.05 	0.08 	0.0 	0.02 	0.09 	0.05 	0.01 	0.02 	0.05 	0.16 	0.01 	0.03 	0.03 	0.15 	0.03 	0.02 	0.0 	0.01 	
69 	0.06 	0.03 	0.09 	0.07 	0.01 	0.03 	0.08 	0.09 	0.0 	0.03 	0.03 	0.12 	0.03 	0.01 	0.17 	0.11 	0.03 	0.0 	0.0 	0.02 	
70 	0.02 	0.3 	0.03 	0.01 	0.0 	0.02 	0.09 	0.03 	0.0 	0.0 	0.04 	0.29 	0.0 	0.01 	0.0 	0.03 	0.06 	0.0 	0.01 	0.04 	
71 	0.0 	0.07 	0.03 	0.17 	0.01 	0.02 	0.07 	0.04 	0.03 	0.01 	0.01 	0.13 	0.01 	0.01 	0.26 	0.06 	0.04 	0.0 	0.01 	0.03 	
72 	0.04 	0.03 	0.26 	0.02 	0.05 	0.01 	0.01 	0.05 	0.17 	0.01 	0.02 	0.05 	0.0 	0.17 	0.0 	0.03 	0.02 	0.01 	0.04 	0.01 	
73 	0.07 	0.05 	0.01 	0.04 	0.18 	0.02 	0.02 	0.03 	0.01 	0.01 	0.1 	0.05 	0.06 	0.02 	0.04 	0.08 	0.1 	0.0 	0.01 	0.09 	
74 	0.01 	0.03 	0.0 	0.01 	0.01 	0.0 	0.06 	0.0 	0.0 	0.03 	0.11 	0.01 	0.0 	0.64 	0.0 	0.01 	0.03 	0.02 	0.02 	0.01 	
75 	0.03 	0.02 	0.0 	0.02 	0.03 	0.12 	0.29 	0.0 	0.01 	0.07 	0.08 	0.12 	0.01 	0.02 	0.01 	0.03 	0.06 	0.0 	0.01 	0.05 	
76 	0.06 	0.0 	0.0 	0.01 	0.0 	0.0 	0.0 	0.0 	0.01 	0.33 	0.18 	0.02 	0.02 	0.02 	0.03 	0.01 	0.05 	0.0 	0.0 	0.25 	
77 	0.02 	0.13 	0.02 	0.01 	0.01 	0.01 	0.05 	0.05 	0.01 	0.18 	0.03 	0.12 	0.01 	0.09 	0.01 	0.09 	0.04 	0.0 	0.04 	0.1 	
78 	0.06 	0.02 	0.04 	0.03 	0.14 	0.03 	0.01 	0.05 	0.12 	0.01 	0.07 	0.01 	0.02 	0.04 	0.05 	0.04 	0.19 	0.0 	0.0 	0.05 	
79 	0.08 	0.07 	0.03 	0.05 	0.0 	0.04 	0.03 	0.07 	0.01 	0.05 	0.09 	0.07 	0.02 	0.06 	0.12 	0.05 	0.07 	0.01 	0.01 	0.08 	
80 	0.04 	0.02 	0.05 	0.12 	0.0 	0.2 	0.1 	0.06 	0.03 	0.03 	0.03 	0.06 	0.01 	0.03 	0.04 	0.07 	0.03 	0.0 	0.03 	0.06 	
81 	0.03 	0.12 	0.03 	0.03 	0.01 	0.03 	0.02 	0.17 	0.02 	0.06 	0.06 	0.14 	0.02 	0.04 	0.02 	0.02 	0.05 	0.05 	0.02 	0.05 	
82 	0.04 	0.09 	0.05 	0.03 	0.0 	0.07 	0.02 	0.03 	0.02 	0.02 	0.03 	0.08 	0.0 	0.02 	0.01 	0.06 	0.35 	0.0 	0.02 	0.05 	
83 	0.02 	0.02 	0.01 	0.08 	0.02 	0.02 	0.03 	0.02 	0.06 	0.05 	0.07 	0.08 	0.03 	0.05 	0.12 	0.07 	0.18 	0.0 	0.01 	0.05 	
84 	0.03 	0.1 	0.04 	0.03 	0.01 	0.04 	0.14 	0.02 	0.01 	0.03 	0.04 	0.07 	0.02 	0.07 	0.02 	0.05 	0.09 	0.0 	0.05 	0.13 	
85 	0.04 	0.14 	0.02 	0.03 	0.01 	0.01 	0.02 	0.03 	0.01 	0.12 	0.08 	0.08 	0.01 	0.02 	0.05 	0.08 	0.08 	0.01 	0.02 	0.11 	
86 	0.04 	0.06 	0.08 	0.05 	0.01 	0.06 	0.1 	0.02 	0.06 	0.03 	0.05 	0.07 	0.01 	0.04 	0.02 	0.13 	0.08 	0.0 	0.05 	0.05 	
87 	0.02 	0.18 	0.02 	0.01 	0.02 	0.03 	0.02 	0.02 	0.03 	0.04 	0.11 	0.05 	0.0 	0.06 	0.01 	0.03 	0.01 	0.03 	0.29 	0.02 	
88 	0.03 	0.01 	0.05 	0.03 	0.02 	0.05 	0.03 	0.01 	0.05 	0.09 	0.07 	0.03 	0.04 	0.06 	0.01 	0.05 	0.17 	0.01 	0.1 	0.11 	
89 	0.01 	0.0 	0.0 	0.0 	0.01 	0.0 	0.01 	0.01 	0.0 	0.04 	0.35 	0.03 	0.02 	0.41 	0.0 	0.01 	0.0 	0.01 	0.08 	0.01 	
90 	0.1 	0.07 	0.01 	0.0 	0.1 	0.17 	0.0 	0.0 	0.04 	0.01 	0.02 	0.11 	0.02 	0.02 	0.0 	0.08 	0.06 	0.0 	0.15 	0.03 	
91 	0.76 	0.0 	0.0 	0.0 	0.03 	0.0 	0.0 	0.01 	0.01 	0.03 	0.03 	0.0 	0.01 	0.0 	0.0 	0.03 	0.05 	0.0 	0.0 	0.03 	
92 	0.05 	0.03 	0.06 	0.25 	0.02 	0.06 	0.23 	0.01 	0.0 	0.01 	0.01 	0.02 	0.0 	0.0 	0.07 	0.12 	0.03 	0.0 	0.0 	0.03 	
93 	0.01 	0.0 	0.11 	0.15 	0.01 	0.0 	0.01 	0.01 	0.03 	0.0 	0.0 	0.02 	0.0 	0.0 	0.0 	0.47 	0.19 	0.0 	0.0 	0.0 	
94 	0.13 	0.08 	0.02 	0.03 	0.02 	0.05 	0.24 	0.03 	0.01 	0.0 	0.03 	0.06 	0.01 	0.0 	0.18 	0.04 	0.03 	0.0 	0.0 	0.05 	
95 	0.09 	0.05 	0.03 	0.1 	0.0 	0.08 	0.27 	0.0 	0.01 	0.01 	0.02 	0.15 	0.01 	0.0 	0.03 	0.04 	0.02 	0.01 	0.0 	0.08 	
96 	0.05 	0.0 	0.01 	0.19 	0.0 	0.05 	0.47 	0.0 	0.02 	0.01 	0.03 	0.01 	0.0 	0.0 	0.0 	0.12 	0.02 	0.0 	0.0 	0.01 	
97 	0.22 	0.23 	0.0 	0.0 	0.05 	0.04 	0.0 	0.0 	0.0 	0.0 	0.09 	0.09 	0.25 	0.01 	0.0 	0.0 	0.02 	0.0 	0.0 	0.0 	
98 	0.02 	0.06 	0.11 	0.07 	0.0 	0.22 	0.25 	0.0 	0.04 	0.01 	0.05 	0.11 	0.01 	0.0 	0.0 	0.02 	0.05 	0.0 	0.0 	0.01 	
99 	0.07 	0.07 	0.0 	0.11 	0.02 	0.08 	0.34 	0.02 	0.02 	0.03 	0.03 	0.06 	0.03 	0.01 	0.0 	0.11 	0.0 	0.0 	0.01 	0.02 	
100 	0.0 	0.0 	0.0 	0.0 	0.0 	0.0 	0.0 	0.0 	0.0 	0.0 	0.0 	0.0 	0.0 	0.0 	0.0 	0.0 	0.0 	1.0 	0.0 	0.0 	
101 	0.0 	0.0 	0.0 	0.0 	0.01 	0.0 	0.0 	0.0 	0.01 	0.34 	0.11 	0.02 	0.15 	0.01 	0.0 	0.01 	0.02 	0.0 	0.01 	0.31 	
102 	0.04 	0.08 	0.08 	0.09 	0.0 	0.13 	0.12 	0.02 	0.04 	0.02 	0.01 	0.18 	0.01 	0.01 	0.0 	0.07 	0.09 	0.01 	0.0 	0.03 	
103 	0.44 	0.03 	0.0 	0.01 	0.02 	0.04 	0.01 	0.06 	0.01 	0.07 	0.01 	0.05 	0.0 	0.02 	0.0 	0.11 	0.04 	0.0 	0.0 	0.09 	
104 	0.0 	0.0 	0.0 	0.0 	0.01 	0.0 	0.0 	0.0 	0.0 	0.41 	0.48 	0.0 	0.03 	0.03 	0.0 	0.0 	0.0 	0.0 	0.0 	0.04 	
105 	0.02 	0.14 	0.1 	0.01 	0.02 	0.37 	0.07 	0.05 	0.01 	0.01 	0.03 	0.09 	0.02 	0.0 	0.0 	0.04 	0.02 	0.0 	0.0 	0.02 	
106 	0.08 	0.09 	0.04 	0.03 	0.01 	0.05 	0.08 	0.03 	0.02 	0.04 	0.05 	0.1 	0.03 	0.02 	0.01 	0.15 	0.12 	0.01 	0.0 	0.04 	
107 	0.39 	0.0 	0.01 	0.0 	0.03 	0.0 	0.01 	0.04 	0.0 	0.06 	0.07 	0.01 	0.01 	0.01 	0.0 	0.05 	0.03 	0.0 	0.0 	0.29 	
108 	0.18 	0.02 	0.02 	0.0 	0.04 	0.06 	0.0 	0.0 	0.01 	0.23 	0.05 	0.07 	0.01 	0.0 	0.0 	0.18 	0.08 	0.0 	0.0 	0.05 	
109 	0.07 	0.07 	0.09 	0.18 	0.0 	0.09 	0.08 	0.03 	0.03 	0.0 	0.0 	0.1 	0.0 	0.06 	0.0 	0.13 	0.05 	0.0 	0.03 	0.0 	
110 	0.06 	0.19 	0.04 	0.04 	0.04 	0.05 	0.0 	0.17 	0.04 	0.01 	0.03 	0.1 	0.0 	0.01 	0.0 	0.11 	0.04 	0.0 	0.01 	0.04 	
111 	0.14 	0.04 	0.07 	0.0 	0.0 	0.0 	0.0 	0.05 	0.0 	0.08 	0.21 	0.0 	0.04 	0.1 	0.0 	0.0 	0.1 	0.0 	0.12 	0.05 	
112 	0.02 	0.07 	0.01 	0.03 	0.0 	0.13 	0.04 	0.01 	0.08 	0.0 	0.06 	0.27 	0.0 	0.0 	0.04 	0.05 	0.12 	0.0 	0.0 	0.06 	
113 	0.04 	0.11 	0.18 	0.07 	0.02 	0.17 	0.15 	0.0 	0.04 	0.0 	0.03 	0.14 	0.0 	0.0 	0.0 	0.04 	0.02 	0.0 	0.0 	0.0 	
114 	0.02 	0.28 	0.0 	0.03 	0.0 	0.14 	0.16 	0.0 	0.04 	0.0 	0.0 	0.19 	0.02 	0.0 	0.0 	0.02 	0.08 	0.02 	0.02 	0.0 	
115 	0.0 	0.0 	0.02 	0.17 	0.0 	0.03 	0.41 	0.1 	0.04 	0.02 	0.03 	0.05 	0.0 	0.0 	0.04 	0.04 	0.0 	0.0 	0.0 	0.05 	
116 	0.0 	0.09 	0.0 	0.1 	0.0 	0.1 	0.5 	0.0 	0.07 	0.0 	0.0 	0.11 	0.0 	0.0 	0.03 	0.0 	0.0 	0.0 	0.0 	0.0 	
117 	0.0 	0.0 	0.0 	0.0 	0.0 	0.06 	0.87 	0.0 	0.0 	0.0 	0.0 	0.07 	0.0 	0.0 	0.0 	0.0 	0.0 	0.0 	0.0 	0.0 	
