	A 	R 	N 	D 	C 	Q 	E 	G 	H 	I 	L 	K 	M 	F 	P 	S 	T 	W 	Y 	V 	
1 	0.0 	0.0 	0.0 	0.0 	0.0 	0.0 	0.0 	0.0 	0.0 	0.0 	0.0 	0.0 	0.0 	0.0 	0.0 	0.0 	0.0 	0.0 	0.0 	1.0 	
2 	0.0 	0.0 	0.0 	0.48 	0.0 	0.0 	0.52 	0.0 	0.0 	0.0 	0.0 	0.0 	0.0 	0.0 	0.0 	0.0 	0.0 	0.0 	0.0 	0.0 	
3 	0.0 	0.45 	0.0 	0.0 	0.0 	0.0 	0.0 	0.0 	0.0 	0.0 	0.0 	0.55 	0.0 	0.0 	0.0 	0.0 	0.0 	0.0 	0.0 	0.0 	
4 	0.0 	0.0 	0.39 	0.61 	0.0 	0.0 	0.0 	0.0 	0.0 	0.0 	0.0 	0.0 	0.0 	0.0 	0.0 	0.0 	0.0 	0.0 	0.0 	0.0 	
5 	0.45 	0.0 	0.0 	0.0 	0.37 	0.0 	0.0 	0.0 	0.0 	0.0 	0.0 	0.0 	0.0 	0.0 	0.0 	0.0 	0.17 	0.0 	0.0 	0.0 	
6 	0.0 	0.16 	0.0 	0.0 	0.0 	0.0 	0.0 	0.0 	0.0 	0.21 	0.17 	0.0 	0.0 	0.0 	0.0 	0.22 	0.23 	0.0 	0.0 	0.0 	
7 	0.0 	0.0 	0.22 	0.0 	0.0 	0.0 	0.0 	0.21 	0.0 	0.12 	0.0 	0.0 	0.0 	0.0 	0.17 	0.12 	0.0 	0.0 	0.0 	0.16 	
8 	0.0 	0.0 	0.0 	0.0 	0.0 	0.0 	0.0 	0.0 	0.0 	0.0 	0.12 	0.0 	0.0 	0.0 	0.0 	0.0 	0.0 	0.88 	0.0 	0.0 	
9 	0.21 	0.0 	0.0 	0.0 	0.0 	0.0 	0.0 	0.0 	0.0 	0.0 	0.0 	0.0 	0.0 	0.0 	0.0 	0.79 	0.0 	0.0 	0.0 	0.0 	
10 	0.0 	0.0 	0.0 	0.0 	0.0 	0.0 	0.0 	0.0 	0.16 	0.0 	0.0 	0.62 	0.0 	0.0 	0.0 	0.0 	0.22 	0.0 	0.0 	0.0 	
11 	0.0 	0.0 	0.0 	0.28 	0.0 	0.0 	0.48 	0.23 	0.0 	0.0 	0.0 	0.0 	0.0 	0.0 	0.0 	0.0 	0.0 	0.0 	0.0 	0.0 	
12 	0.0 	0.0 	0.0 	0.0 	0.0 	0.0 	0.0 	0.0 	0.0 	0.0 	0.0 	0.45 	0.0 	0.0 	0.0 	0.0 	0.0 	0.0 	0.55 	0.0 	
13 	0.0 	0.0 	0.0 	0.0 	0.0 	0.0 	0.0 	0.0 	0.0 	0.0 	0.51 	0.0 	0.0 	0.49 	0.0 	0.0 	0.0 	0.0 	0.0 	0.0 	
14 	0.0 	0.12 	0.33 	0.0 	0.0 	0.12 	0.0 	0.0 	0.0 	0.0 	0.0 	0.43 	0.0 	0.0 	0.0 	0.0 	0.0 	0.0 	0.0 	0.0 	
15 	0.0 	0.0 	0.0 	0.0 	0.0 	0.21 	0.23 	0.17 	0.0 	0.0 	0.0 	0.16 	0.0 	0.0 	0.0 	0.0 	0.22 	0.0 	0.0 	0.0 	
16 	0.0 	0.0 	0.0 	0.0 	0.0 	0.0 	0.0 	0.0 	0.0 	0.0 	0.45 	0.55 	0.0 	0.0 	0.0 	0.0 	0.0 	0.0 	0.0 	0.0 	
17 	0.0 	0.0 	0.0 	0.0 	0.0 	0.0 	0.0 	0.0 	0.0 	0.27 	0.52 	0.0 	0.0 	0.22 	0.0 	0.0 	0.0 	0.0 	0.0 	0.0 	
18 	0.0 	0.0 	0.0 	0.0 	0.0 	0.16 	0.0 	0.0 	0.0 	0.0 	0.22 	0.0 	0.0 	0.0 	0.0 	0.0 	0.0 	0.0 	0.0 	0.62 	
19 	0.38 	0.0 	0.0 	0.0 	0.0 	0.0 	0.0 	0.45 	0.0 	0.0 	0.0 	0.0 	0.0 	0.0 	0.0 	0.17 	0.0 	0.0 	0.0 	0.0 	
20 	0.0 	0.0 	0.0 	0.0 	0.0 	0.0 	0.0 	0.0 	0.0 	0.23 	0.0 	0.0 	0.0 	0.0 	0.0 	0.33 	0.0 	0.0 	0.0 	0.43 	
21 	0.12 	0.11 	0.0 	0.17 	0.0 	0.11 	0.37 	0.0 	0.0 	0.0 	0.0 	0.0 	0.0 	0.0 	0.0 	0.0 	0.0 	0.0 	0.0 	0.12 	
22 	0.21 	0.0 	0.0 	0.0 	0.0 	0.0 	0.0 	0.33 	0.0 	0.0 	0.0 	0.0 	0.12 	0.0 	0.0 	0.0 	0.0 	0.0 	0.0 	0.34 	
23 	0.0 	0.0 	0.0 	0.0 	0.0 	0.11 	0.34 	0.0 	0.0 	0.0 	0.0 	0.39 	0.0 	0.0 	0.16 	0.0 	0.0 	0.0 	0.0 	0.0 	
24 	0.0 	0.0 	0.45 	0.0 	0.0 	0.0 	0.0 	0.0 	0.0 	0.0 	0.0 	0.21 	0.0 	0.0 	0.0 	0.17 	0.16 	0.0 	0.0 	0.0 	
25 	0.0 	0.0 	0.0 	0.12 	0.0 	0.0 	0.12 	0.0 	0.0 	0.0 	0.0 	0.39 	0.0 	0.0 	0.0 	0.16 	0.0 	0.0 	0.21 	0.0 	
26 	0.61 	0.0 	0.0 	0.0 	0.22 	0.0 	0.0 	0.0 	0.0 	0.17 	0.0 	0.0 	0.0 	0.0 	0.0 	0.0 	0.0 	0.0 	0.0 	0.0 	
27 	0.0 	0.16 	0.0 	0.0 	0.0 	0.0 	0.63 	0.0 	0.0 	0.0 	0.0 	0.21 	0.0 	0.0 	0.0 	0.0 	0.0 	0.0 	0.0 	0.0 	
28 	0.0 	0.0 	0.0 	0.0 	0.0 	0.0 	0.0 	0.0 	0.0 	0.61 	0.17 	0.0 	0.0 	0.0 	0.0 	0.0 	0.0 	0.0 	0.0 	0.22 	
29 	0.0 	0.0 	0.12 	0.0 	0.0 	0.0 	0.0 	0.0 	0.0 	0.0 	0.0 	0.21 	0.0 	0.0 	0.0 	0.12 	0.55 	0.0 	0.0 	0.0 	
30 	0.0 	0.0 	0.0 	0.0 	0.0 	0.33 	0.45 	0.0 	0.0 	0.0 	0.0 	0.0 	0.0 	0.0 	0.0 	0.21 	0.0 	0.0 	0.0 	0.0 	
31 	0.0 	0.0 	0.0 	0.0 	0.0 	0.0 	0.0 	0.0 	0.0 	0.0 	0.23 	0.0 	0.0 	0.0 	0.0 	0.0 	0.0 	0.0 	0.0 	0.77 	
32 	0.0 	0.0 	0.27 	0.0 	0.0 	0.0 	0.0 	0.0 	0.0 	0.0 	0.0 	0.23 	0.0 	0.0 	0.0 	0.5 	0.0 	0.0 	0.0 	0.0 	
33 	0.0 	0.0 	0.0 	0.0 	0.0 	0.23 	0.0 	0.0 	0.0 	0.0 	0.0 	0.22 	0.0 	0.0 	0.0 	0.55 	0.0 	0.0 	0.0 	0.0 	
34 	0.0 	0.0 	0.0 	0.0 	0.16 	0.0 	0.0 	0.0 	0.0 	0.39 	0.22 	0.0 	0.0 	0.0 	0.0 	0.0 	0.0 	0.0 	0.0 	0.23 	
35 	0.0 	0.0 	0.0 	0.22 	0.0 	0.0 	0.61 	0.0 	0.0 	0.0 	0.0 	0.0 	0.0 	0.0 	0.0 	0.0 	0.17 	0.0 	0.0 	0.0 	
36 	0.0 	0.0 	0.0 	0.0 	0.0 	0.0 	0.0 	1.0 	0.0 	0.0 	0.0 	0.0 	0.0 	0.0 	0.0 	0.0 	0.0 	0.0 	0.0 	0.0 	
37 	0.0 	0.0 	0.0 	0.55 	0.0 	0.0 	0.45 	0.0 	0.0 	0.0 	0.0 	0.0 	0.0 	0.0 	0.0 	0.0 	0.0 	0.0 	0.0 	0.0 	
38 	0.45 	0.0 	0.0 	0.0 	0.21 	0.0 	0.0 	0.0 	0.0 	0.0 	0.0 	0.0 	0.0 	0.0 	0.0 	0.17 	0.0 	0.0 	0.0 	0.16 	
39 	0.0 	0.0 	0.17 	0.16 	0.0 	0.0 	0.21 	0.0 	0.0 	0.0 	0.0 	0.0 	0.0 	0.0 	0.0 	0.45 	0.0 	0.0 	0.0 	0.0 	
40 	0.0 	0.0 	0.0 	0.0 	0.23 	0.0 	0.0 	0.0 	0.0 	0.22 	0.0 	0.0 	0.0 	0.0 	0.0 	0.0 	0.0 	0.0 	0.0 	0.55 	
41 	0.0 	0.0 	0.55 	0.0 	0.0 	0.0 	0.0 	0.0 	0.0 	0.0 	0.0 	0.0 	0.0 	0.0 	0.0 	0.45 	0.0 	0.0 	0.0 	0.0 	
42 	0.0 	0.0 	0.22 	0.0 	0.0 	0.39 	0.0 	0.0 	0.0 	0.0 	0.0 	0.0 	0.16 	0.0 	0.0 	0.23 	0.0 	0.0 	0.0 	0.0 	
43 	0.0 	1.0 	0.0 	0.0 	0.0 	0.0 	0.0 	0.0 	0.0 	0.0 	0.0 	0.0 	0.0 	0.0 	0.0 	0.0 	0.0 	0.0 	0.0 	0.0 	
44 	0.0 	0.0 	0.0 	0.0 	0.0 	0.0 	0.0 	0.84 	0.0 	0.0 	0.0 	0.16 	0.0 	0.0 	0.0 	0.0 	0.0 	0.0 	0.0 	0.0 	
45 	0.0 	0.0 	0.0 	0.0 	0.0 	0.0 	0.0 	0.0 	0.0 	0.0 	0.0 	1.0 	0.0 	0.0 	0.0 	0.0 	0.0 	0.0 	0.0 	0.0 	
46 	0.0 	0.0 	0.0 	0.0 	0.0 	0.0 	0.0 	0.0 	0.0 	0.0 	0.45 	0.0 	0.0 	0.0 	0.17 	0.0 	0.0 	0.0 	0.0 	0.37 	
47 	0.0 	0.0 	0.0 	0.0 	0.0 	0.0 	0.0 	0.0 	0.0 	1.0 	0.0 	0.0 	0.0 	0.0 	0.0 	0.0 	0.0 	0.0 	0.0 	0.0 	
48 	0.0 	0.0 	0.0 	0.0 	0.17 	0.0 	0.0 	0.0 	0.0 	0.0 	0.0 	0.0 	0.0 	0.45 	0.0 	0.21 	0.16 	0.0 	0.0 	0.0 	
49 	0.0 	0.0 	0.0 	0.0 	0.0 	0.0 	0.0 	0.0 	0.0 	0.16 	0.21 	0.0 	0.0 	0.45 	0.0 	0.0 	0.0 	0.0 	0.17 	0.0 	
50 	0.0 	0.0 	0.0 	0.0 	0.0 	0.0 	0.0 	0.0 	0.0 	0.0 	0.0 	0.0 	0.0 	0.55 	0.0 	0.0 	0.0 	0.0 	0.45 	0.0 	
51 	0.0 	0.0 	0.0 	0.55 	0.0 	0.0 	0.45 	0.0 	0.0 	0.0 	0.0 	0.0 	0.0 	0.0 	0.0 	0.0 	0.0 	0.0 	0.0 	0.0 	
52 	0.0 	0.0 	0.0 	0.0 	0.0 	0.0 	0.0 	0.0 	0.0 	0.0 	0.55 	0.0 	0.0 	0.0 	0.0 	0.0 	0.0 	0.45 	0.0 	0.0 	
53 	0.0 	0.0 	0.23 	0.0 	0.0 	0.17 	0.0 	0.0 	0.0 	0.0 	0.0 	0.37 	0.0 	0.0 	0.0 	0.11 	0.11 	0.0 	0.0 	0.0 	
54 	0.0 	0.0 	0.0 	0.0 	0.0 	0.0 	0.0 	0.0 	0.0 	0.72 	0.17 	0.0 	0.0 	0.0 	0.0 	0.0 	0.0 	0.0 	0.0 	0.11 	
55 	0.0 	0.0 	0.0 	0.0 	0.0 	0.16 	0.0 	0.0 	0.0 	0.0 	0.0 	0.45 	0.0 	0.0 	0.0 	0.17 	0.21 	0.0 	0.0 	0.0 	
56 	0.0 	0.0 	0.0 	0.0 	0.0 	0.0 	0.0 	0.0 	0.0 	0.0 	0.45 	0.0 	0.33 	0.0 	0.0 	0.0 	0.0 	0.0 	0.0 	0.21 	
57 	0.12 	0.0 	0.39 	0.0 	0.0 	0.0 	0.16 	0.12 	0.0 	0.0 	0.21 	0.0 	0.0 	0.0 	0.0 	0.0 	0.0 	0.0 	0.0 	0.0 	
58 	0.0 	0.0 	0.0 	0.0 	0.0 	0.0 	0.0 	0.0 	0.0 	0.21 	0.0 	0.0 	0.0 	0.16 	0.0 	0.0 	0.0 	0.45 	0.0 	0.17 	
59 	0.0 	0.0 	0.0 	0.0 	0.0 	0.0 	0.21 	0.0 	0.0 	0.0 	0.0 	0.57 	0.0 	0.0 	0.0 	0.0 	0.22 	0.0 	0.0 	0.0 	
60 	0.0 	0.0 	0.0 	0.0 	0.0 	0.0 	0.0 	0.83 	0.0 	0.0 	0.0 	0.0 	0.0 	0.0 	0.0 	0.0 	0.17 	0.0 	0.0 	0.0 	
61 	0.0 	0.0 	0.17 	0.0 	0.0 	0.0 	0.16 	0.0 	0.21 	0.12 	0.0 	0.0 	0.0 	0.0 	0.0 	0.0 	0.33 	0.0 	0.0 	0.0 	
62 	0.0 	0.0 	0.0 	0.0 	0.0 	0.0 	0.0 	0.0 	0.0 	0.0 	0.17 	0.0 	0.0 	0.0 	0.0 	0.22 	0.16 	0.0 	0.0 	0.45 	
63 	0.0 	0.0 	0.0 	0.39 	0.0 	0.0 	0.0 	0.0 	0.0 	0.0 	0.0 	0.61 	0.0 	0.0 	0.0 	0.0 	0.0 	0.0 	0.0 	0.0 	
64 	0.0 	0.0 	0.0 	0.16 	0.0 	0.0 	0.0 	0.0 	0.0 	0.0 	0.0 	0.0 	0.0 	0.0 	0.0 	0.67 	0.17 	0.0 	0.0 	0.0 	
65 	0.21 	0.0 	0.0 	0.0 	0.0 	0.0 	0.0 	0.79 	0.0 	0.0 	0.0 	0.0 	0.0 	0.0 	0.0 	0.0 	0.0 	0.0 	0.0 	0.0 	
66 	0.12 	0.0 	0.0 	0.0 	0.0 	0.0 	0.0 	0.0 	0.0 	0.17 	0.21 	0.0 	0.0 	0.0 	0.0 	0.0 	0.0 	0.0 	0.0 	0.49 	
67 	0.0 	0.0 	0.0 	0.0 	0.0 	0.22 	0.16 	0.0 	0.0 	0.0 	0.17 	0.23 	0.0 	0.0 	0.21 	0.0 	0.0 	0.0 	0.0 	0.0 	
68 	0.33 	0.0 	0.0 	0.0 	0.0 	0.0 	0.0 	0.0 	0.23 	0.0 	0.0 	0.0 	0.0 	0.21 	0.0 	0.0 	0.0 	0.0 	0.22 	0.0 	
69 	0.0 	0.0 	0.0 	0.17 	0.0 	0.0 	0.21 	0.0 	0.0 	0.0 	0.0 	0.45 	0.0 	0.0 	0.0 	0.0 	0.16 	0.0 	0.0 	0.0 	
70 	0.0 	0.0 	0.0 	0.0 	0.0 	0.0 	0.0 	1.0 	0.0 	0.0 	0.0 	0.0 	0.0 	0.0 	0.0 	0.0 	0.0 	0.0 	0.0 	0.0 	
71 	0.0 	0.0 	0.0 	0.0 	0.0 	0.0 	0.0 	0.0 	0.22 	0.0 	0.23 	0.17 	0.0 	0.0 	0.0 	0.37 	0.0 	0.0 	0.0 	0.0 	
72 	0.0 	0.0 	0.0 	0.0 	0.0 	0.0 	0.0 	0.0 	0.0 	0.61 	0.17 	0.0 	0.0 	0.0 	0.0 	0.0 	0.0 	0.0 	0.0 	0.22 	
73 	0.0 	0.0 	0.21 	0.0 	0.0 	0.0 	0.63 	0.0 	0.0 	0.0 	0.0 	0.0 	0.0 	0.0 	0.0 	0.0 	0.16 	0.0 	0.0 	0.0 	
74 	0.0 	0.0 	0.0 	0.0 	0.16 	0.0 	0.0 	0.0 	0.0 	0.63 	0.0 	0.0 	0.0 	0.0 	0.0 	0.0 	0.0 	0.0 	0.0 	0.21 	
75 	0.0 	0.0 	0.0 	0.0 	0.0 	0.0 	0.0 	0.0 	0.0 	0.0 	0.0 	0.0 	0.0 	0.0 	1.0 	0.0 	0.0 	0.0 	0.0 	0.0 	
76 	0.0 	0.0 	0.34 	0.0 	0.0 	0.0 	0.55 	0.0 	0.0 	0.0 	0.0 	0.0 	0.0 	0.0 	0.0 	0.12 	0.0 	0.0 	0.0 	0.0 	
77 	0.0 	0.0 	0.0 	0.0 	0.0 	0.0 	0.0 	0.0 	0.0 	0.0 	0.61 	0.0 	0.0 	0.17 	0.0 	0.0 	0.0 	0.0 	0.0 	0.21 	
78 	0.21 	0.0 	0.0 	0.0 	0.0 	0.0 	0.0 	0.0 	0.0 	0.0 	0.0 	0.0 	0.17 	0.0 	0.0 	0.61 	0.0 	0.0 	0.0 	0.0 	
79 	0.0 	0.0 	0.0 	0.22 	0.0 	0.0 	0.23 	0.0 	0.17 	0.0 	0.0 	0.0 	0.0 	0.21 	0.0 	0.0 	0.0 	0.0 	0.16 	0.0 	
80 	0.0 	0.0 	0.0 	0.55 	0.0 	0.0 	0.45 	0.0 	0.0 	0.0 	0.0 	0.0 	0.0 	0.0 	0.0 	0.0 	0.0 	0.0 	0.0 	0.0 	
81 	0.01 	0.01 	0.46 	0.01 	0.0 	0.01 	0.01 	0.01 	0.0 	0.01 	0.17 	0.01 	0.0 	0.01 	0.01 	0.23 	0.01 	0.0 	0.01 	0.01 	
82 	0.01 	0.01 	0.01 	0.01 	0.0 	0.01 	0.46 	0.17 	0.0 	0.01 	0.02 	0.01 	0.0 	0.01 	0.01 	0.23 	0.01 	0.0 	0.01 	0.01 	
83 	0.23 	0.01 	0.01 	0.01 	0.0 	0.01 	0.01 	0.01 	0.0 	0.13 	0.02 	0.01 	0.0 	0.01 	0.01 	0.01 	0.01 	0.0 	0.16 	0.35 	
84 	0.01 	0.01 	0.12 	0.34 	0.0 	0.01 	0.01 	0.01 	0.0 	0.01 	0.02 	0.01 	0.0 	0.01 	0.01 	0.39 	0.01 	0.0 	0.01 	0.01 	
85 	0.01 	0.01 	0.01 	0.4 	0.0 	0.01 	0.23 	0.01 	0.0 	0.01 	0.02 	0.01 	0.0 	0.01 	0.01 	0.23 	0.01 	0.0 	0.01 	0.01 	
86 	0.01 	0.01 	0.01 	0.01 	0.0 	0.01 	0.01 	0.01 	0.0 	0.01 	0.02 	0.01 	0.0 	0.01 	0.01 	0.01 	0.24 	0.0 	0.38 	0.23 	
87 	0.0 	0.0 	0.0 	0.0 	0.0 	0.21 	0.63 	0.0 	0.0 	0.0 	0.0 	0.0 	0.0 	0.0 	0.0 	0.0 	0.0 	0.0 	0.0 	0.16 	
88 	0.01 	0.01 	0.01 	0.01 	0.0 	0.01 	0.01 	0.01 	0.0 	0.22 	0.01 	0.01 	0.0 	0.38 	0.01 	0.18 	0.01 	0.0 	0.0 	0.12 	
89 	0.01 	0.01 	0.12 	0.55 	0.0 	0.01 	0.01 	0.01 	0.0 	0.01 	0.01 	0.01 	0.0 	0.0 	0.01 	0.23 	0.01 	0.0 	0.0 	0.01 	
90 	0.0 	0.0 	0.0 	0.0 	0.0 	0.0 	0.0 	0.0 	0.0 	0.55 	0.0 	0.0 	0.0 	0.0 	0.0 	0.0 	0.0 	0.0 	0.0 	0.45 	
91 	0.0 	0.0 	0.0 	0.16 	0.0 	0.0 	0.0 	0.0 	0.0 	0.0 	0.0 	0.0 	0.0 	0.0 	0.17 	0.67 	0.0 	0.0 	0.0 	0.0 	
92 	0.01 	0.01 	0.01 	0.01 	0.0 	0.0 	0.01 	0.01 	0.0 	0.55 	0.35 	0.01 	0.0 	0.0 	0.01 	0.01 	0.01 	0.0 	0.0 	0.01 	
93 	0.23 	0.01 	0.01 	0.01 	0.0 	0.0 	0.01 	0.01 	0.0 	0.01 	0.18 	0.01 	0.0 	0.22 	0.01 	0.13 	0.01 	0.0 	0.16 	0.01 	
94 	0.0 	0.0 	0.0 	0.0 	0.0 	0.0 	0.0 	0.0 	0.0 	0.0 	0.0 	0.67 	0.0 	0.0 	0.0 	0.33 	0.0 	0.0 	0.0 	0.0 	
95 	0.16 	0.0 	0.0 	0.22 	0.0 	0.17 	0.21 	0.0 	0.0 	0.0 	0.0 	0.23 	0.0 	0.0 	0.0 	0.0 	0.0 	0.0 	0.0 	0.0 	
96 	0.0 	0.0 	0.0 	0.0 	0.0 	0.0 	0.22 	0.17 	0.0 	0.0 	0.0 	0.23 	0.0 	0.0 	0.0 	0.16 	0.21 	0.0 	0.0 	0.0 	
97 	0.0 	0.0 	0.0 	0.0 	0.0 	0.0 	0.0 	0.23 	0.0 	0.0 	0.0 	0.16 	0.0 	0.17 	0.22 	0.21 	0.0 	0.0 	0.0 	0.0 	
98 	0.0 	0.0 	0.0 	0.63 	0.0 	0.0 	0.37 	0.0 	0.0 	0.0 	0.0 	0.0 	0.0 	0.0 	0.0 	0.0 	0.0 	0.0 	0.0 	0.0 	
99 	0.17 	0.0 	0.0 	0.0 	0.0 	0.0 	0.0 	0.23 	0.0 	0.0 	0.21 	0.38 	0.0 	0.0 	0.0 	0.0 	0.0 	0.0 	0.0 	0.0 	
100 	0.0 	0.0 	0.0 	0.0 	0.0 	0.0 	0.49 	0.0 	0.0 	0.0 	0.0 	0.0 	0.0 	0.17 	0.0 	0.21 	0.0 	0.0 	0.0 	0.12 	
101 	0.0 	0.0 	0.0 	0.28 	0.0 	0.0 	0.33 	0.0 	0.0 	0.23 	0.0 	0.0 	0.0 	0.0 	0.16 	0.0 	0.0 	0.0 	0.0 	0.0 	
102 	0.21 	0.0 	0.0 	0.0 	0.0 	0.0 	0.0 	0.39 	0.0 	0.16 	0.23 	0.0 	0.0 	0.0 	0.0 	0.0 	0.0 	0.0 	0.0 	0.0 	
103 	0.01 	0.01 	0.01 	0.01 	0.0 	0.01 	0.01 	0.01 	0.0 	0.01 	0.02 	0.62 	0.0 	0.01 	0.01 	0.01 	0.01 	0.0 	0.01 	0.23 	
104 	0.01 	0.01 	0.01 	0.24 	0.0 	0.01 	0.17 	0.01 	0.0 	0.01 	0.02 	0.23 	0.0 	0.01 	0.22 	0.01 	0.01 	0.0 	0.01 	0.01 	
105 	0.0 	0.0 	0.0 	0.0 	0.0 	0.0 	0.0 	0.0 	0.0 	0.0 	1.0 	0.0 	0.0 	0.0 	0.0 	0.0 	0.0 	0.0 	0.0 	0.0 	
106 	0.0 	0.0 	0.0 	0.0 	0.0 	0.0 	0.0 	0.0 	0.0 	0.21 	0.22 	0.0 	0.23 	0.0 	0.0 	0.0 	0.0 	0.0 	0.0 	0.33 	
107 	0.0 	0.88 	0.0 	0.0 	0.0 	0.0 	0.0 	0.0 	0.0 	0.0 	0.0 	0.12 	0.0 	0.0 	0.0 	0.0 	0.0 	0.0 	0.0 	0.0 	
108 	0.0 	0.0 	0.0 	0.0 	0.0 	0.0 	0.38 	0.0 	0.0 	0.0 	0.0 	0.0 	0.0 	0.0 	0.0 	0.39 	0.23 	0.0 	0.0 	0.0 	
109 	0.34 	0.0 	0.0 	0.0 	0.0 	0.0 	0.39 	0.0 	0.0 	0.0 	0.0 	0.16 	0.0 	0.0 	0.0 	0.0 	0.12 	0.0 	0.0 	0.0 	
110 	0.0 	0.0 	0.0 	0.0 	0.0 	0.0 	0.0 	0.23 	0.0 	0.16 	0.21 	0.0 	0.11 	0.17 	0.0 	0.0 	0.0 	0.0 	0.0 	0.11 	
111 	0.0 	0.0 	0.0 	0.0 	0.0 	0.0 	0.0 	0.22 	0.0 	0.16 	0.21 	0.0 	0.0 	0.0 	0.0 	0.0 	0.23 	0.0 	0.0 	0.17 	
112 	0.23 	0.0 	0.0 	0.0 	0.0 	0.0 	0.0 	0.0 	0.0 	0.22 	0.0 	0.0 	0.0 	0.0 	0.55 	0.0 	0.0 	0.0 	0.0 	0.0 	
113 	0.0 	0.0 	0.0 	0.0 	0.0 	0.16 	0.0 	0.0 	0.0 	0.0 	0.0 	0.62 	0.0 	0.0 	0.0 	0.0 	0.0 	0.0 	0.22 	0.0 	
114 	0.0 	0.0 	0.0 	0.0 	0.0 	0.0 	0.0 	0.0 	0.0 	0.38 	0.21 	0.0 	0.0 	0.0 	0.0 	0.0 	0.0 	0.0 	0.0 	0.41 	
115 	0.0 	0.61 	0.0 	0.0 	0.0 	0.0 	0.0 	0.0 	0.0 	0.0 	0.0 	0.0 	0.0 	0.0 	0.0 	0.22 	0.0 	0.0 	0.0 	0.17 	
116 	0.0 	0.0 	0.0 	0.0 	0.0 	0.37 	0.41 	0.0 	0.0 	0.0 	0.0 	0.0 	0.0 	0.0 	0.0 	0.0 	0.22 	0.0 	0.0 	0.0 	
117 	0.23 	0.0 	0.0 	0.0 	0.0 	0.0 	0.0 	0.0 	0.0 	0.21 	0.38 	0.0 	0.0 	0.0 	0.0 	0.0 	0.17 	0.0 	0.0 	0.0 	
118 	0.0 	0.0 	0.0 	0.0 	0.0 	0.0 	0.0 	0.0 	0.0 	0.0 	0.41 	0.22 	0.0 	0.37 	0.0 	0.0 	0.0 	0.0 	0.0 	0.0 	
119 	0.0 	0.0 	0.0 	0.0 	0.0 	0.21 	0.0 	0.23 	0.0 	0.0 	0.17 	0.0 	0.0 	0.0 	0.0 	0.16 	0.22 	0.0 	0.0 	0.0 	
120 	0.0 	0.0 	0.0 	0.12 	0.0 	0.21 	0.33 	0.16 	0.0 	0.0 	0.0 	0.17 	0.0 	0.0 	0.0 	0.0 	0.0 	0.0 	0.0 	0.0 	
121 	0.0 	0.0 	0.0 	0.0 	0.0 	0.0 	0.0 	0.0 	0.0 	0.0 	0.0 	0.0 	0.0 	0.59 	0.0 	0.0 	0.0 	0.0 	0.41 	0.0 	
122 	0.0 	0.0 	0.0 	0.0 	0.0 	0.17 	0.0 	0.21 	0.0 	0.0 	0.23 	0.0 	0.0 	0.0 	0.0 	0.16 	0.22 	0.0 	0.0 	0.0 	
123 	0.0 	0.0 	0.0 	0.17 	0.0 	0.38 	0.0 	0.0 	0.0 	0.0 	0.0 	0.45 	0.0 	0.0 	0.0 	0.0 	0.0 	0.0 	0.0 	0.0 	
124 	0.23 	0.0 	0.0 	0.39 	0.0 	0.0 	0.0 	0.22 	0.0 	0.0 	0.0 	0.0 	0.0 	0.0 	0.0 	0.0 	0.0 	0.0 	0.0 	0.16 	
125 	0.0 	0.0 	0.0 	0.0 	0.0 	0.0 	0.0 	0.0 	0.0 	0.0 	0.78 	0.0 	0.22 	0.0 	0.0 	0.0 	0.0 	0.0 	0.0 	0.0 	
126 	0.0 	0.0 	0.0 	0.0 	0.0 	0.0 	0.0 	0.0 	0.0 	0.53 	0.47 	0.0 	0.0 	0.0 	0.0 	0.0 	0.0 	0.0 	0.0 	0.0 	
127 	0.39 	0.0 	0.0 	0.0 	0.0 	0.29 	0.0 	0.0 	0.0 	0.0 	0.0 	0.32 	0.0 	0.0 	0.0 	0.0 	0.0 	0.0 	0.0 	0.0 	
128 	0.0 	0.0 	0.0 	0.0 	0.0 	0.0 	0.32 	0.0 	0.0 	0.0 	0.0 	0.0 	0.0 	0.0 	0.0 	0.0 	0.68 	0.0 	0.0 	0.0 	
129 	0.0 	0.0 	0.0 	0.0 	0.0 	0.0 	0.0 	0.0 	1.0 	0.0 	0.0 	0.0 	0.0 	0.0 	0.0 	0.0 	0.0 	0.0 	0.0 	0.0 	
130 	0.0 	0.0 	0.0 	0.0 	0.0 	0.0 	0.0 	0.68 	0.0 	0.0 	0.0 	0.0 	0.0 	0.0 	0.0 	0.32 	0.0 	0.0 	0.0 	0.0 	
131 	0.0 	0.0 	0.39 	0.29 	0.0 	0.0 	0.0 	0.0 	0.0 	0.0 	0.0 	0.32 	0.0 	0.0 	0.0 	0.0 	0.0 	0.0 	0.0 	0.0 	
132 	0.0 	0.0 	0.0 	1.0 	0.0 	0.0 	0.0 	0.0 	0.0 	0.0 	0.0 	0.0 	0.0 	0.0 	0.0 	0.0 	0.0 	0.0 	0.0 	0.0 	
