	A 	R 	N 	D 	C 	Q 	E 	G 	H 	I 	L 	K 	M 	F 	P 	S 	T 	W 	Y 	V 	
1 	0.15 	0.0 	0.06 	0.0 	0.0 	0.0 	0.0 	0.52 	0.0 	0.0 	0.0 	0.0 	0.0 	0.0 	0.0 	0.27 	0.0 	0.0 	0.0 	0.0 	
2 	0.0 	0.0 	0.0 	0.0 	0.0 	0.26 	0.26 	0.0 	0.0 	0.03 	0.08 	0.0 	0.22 	0.0 	0.0 	0.04 	0.0 	0.0 	0.0 	0.1 	
3 	0.0 	0.89 	0.0 	0.0 	0.0 	0.0 	0.0 	0.0 	0.0 	0.0 	0.0 	0.11 	0.0 	0.0 	0.0 	0.0 	0.0 	0.0 	0.0 	0.0 	
4 	0.0 	0.0 	0.0 	0.0 	0.0 	0.0 	0.0 	0.0 	0.0 	0.25 	0.64 	0.0 	0.0 	0.05 	0.0 	0.0 	0.0 	0.0 	0.0 	0.06 	
5 	0.03 	0.0 	0.03 	0.75 	0.0 	0.13 	0.02 	0.0 	0.03 	0.0 	0.0 	0.0 	0.0 	0.0 	0.0 	0.01 	0.0 	0.0 	0.0 	0.0 	
6 	0.07 	0.06 	0.15 	0.0 	0.0 	0.14 	0.04 	0.0 	0.0 	0.0 	0.03 	0.42 	0.0 	0.0 	0.0 	0.01 	0.03 	0.0 	0.01 	0.04 	
7 	0.09 	0.0 	0.0 	0.0 	0.0 	0.0 	0.0 	0.02 	0.0 	0.13 	0.04 	0.0 	0.0 	0.32 	0.0 	0.0 	0.01 	0.04 	0.13 	0.23 	
8 	0.02 	0.0 	0.0 	0.0 	0.02 	0.0 	0.0 	0.0 	0.0 	0.14 	0.7 	0.0 	0.01 	0.0 	0.0 	0.0 	0.0 	0.0 	0.02 	0.09 	
9 	0.48 	0.06 	0.0 	0.0 	0.02 	0.01 	0.0 	0.0 	0.01 	0.0 	0.02 	0.07 	0.0 	0.01 	0.0 	0.26 	0.01 	0.0 	0.06 	0.0 	
10 	0.02 	0.22 	0.07 	0.07 	0.0 	0.1 	0.18 	0.05 	0.03 	0.02 	0.0 	0.14 	0.0 	0.0 	0.0 	0.05 	0.03 	0.0 	0.0 	0.03 	
11 	0.19 	0.01 	0.05 	0.0 	0.0 	0.09 	0.06 	0.01 	0.01 	0.01 	0.37 	0.02 	0.03 	0.04 	0.0 	0.03 	0.0 	0.01 	0.04 	0.03 	
12 	0.01 	0.03 	0.02 	0.0 	0.0 	0.0 	0.03 	0.3 	0.0 	0.0 	0.26 	0.05 	0.02 	0.07 	0.12 	0.0 	0.04 	0.0 	0.03 	0.02 	
13 	0.0 	0.02 	0.04 	0.06 	0.0 	0.07 	0.09 	0.15 	0.04 	0.04 	0.09 	0.09 	0.0 	0.04 	0.11 	0.01 	0.0 	0.01 	0.07 	0.08 	
14 	0.14 	0.03 	0.01 	0.0 	0.07 	0.0 	0.0 	0.14 	0.04 	0.1 	0.14 	0.0 	0.01 	0.09 	0.0 	0.0 	0.02 	0.02 	0.09 	0.09 	
15 	0.0 	0.0 	0.01 	0.0 	0.0 	0.0 	0.03 	0.0 	0.0 	0.01 	0.0 	0.02 	0.0 	0.0 	0.07 	0.72 	0.14 	0.0 	0.0 	0.0 	
16 	0.0 	0.75 	0.0 	0.0 	0.0 	0.04 	0.01 	0.0 	0.03 	0.0 	0.03 	0.12 	0.0 	0.0 	0.0 	0.02 	0.0 	0.0 	0.0 	0.0 	
17 	0.05 	0.27 	0.07 	0.01 	0.0 	0.0 	0.03 	0.04 	0.0 	0.03 	0.0 	0.1 	0.0 	0.0 	0.02 	0.32 	0.04 	0.0 	0.0 	0.03 	
18 	0.04 	0.22 	0.02 	0.05 	0.01 	0.17 	0.13 	0.0 	0.01 	0.02 	0.05 	0.07 	0.03 	0.04 	0.0 	0.0 	0.01 	0.0 	0.06 	0.06 	
19 	0.33 	0.0 	0.0 	0.0 	0.02 	0.0 	0.0 	0.0 	0.0 	0.25 	0.2 	0.03 	0.0 	0.02 	0.0 	0.02 	0.0 	0.0 	0.02 	0.11 	
20 	0.04 	0.05 	0.01 	0.01 	0.0 	0.14 	0.28 	0.01 	0.0 	0.0 	0.02 	0.2 	0.0 	0.02 	0.0 	0.02 	0.11 	0.0 	0.06 	0.02 	
21 	0.1 	0.2 	0.04 	0.03 	0.02 	0.08 	0.11 	0.02 	0.01 	0.02 	0.01 	0.26 	0.01 	0.0 	0.0 	0.04 	0.03 	0.0 	0.0 	0.02 	
22 	0.1 	0.05 	0.0 	0.0 	0.0 	0.0 	0.02 	0.0 	0.04 	0.12 	0.29 	0.04 	0.06 	0.0 	0.03 	0.02 	0.02 	0.19 	0.02 	0.02 	
23 	0.01 	0.03 	0.02 	0.0 	0.02 	0.0 	0.0 	0.0 	0.0 	0.57 	0.15 	0.01 	0.01 	0.0 	0.0 	0.0 	0.0 	0.0 	0.0 	0.17 	
24 	0.05 	0.23 	0.01 	0.06 	0.0 	0.01 	0.11 	0.0 	0.0 	0.02 	0.12 	0.22 	0.01 	0.02 	0.03 	0.06 	0.01 	0.0 	0.0 	0.06 	
25 	0.1 	0.0 	0.07 	0.07 	0.02 	0.1 	0.18 	0.04 	0.06 	0.0 	0.02 	0.09 	0.03 	0.01 	0.0 	0.18 	0.02 	0.0 	0.0 	0.0 	
26 	0.02 	0.0 	0.04 	0.02 	0.0 	0.05 	0.0 	0.72 	0.01 	0.0 	0.0 	0.08 	0.0 	0.0 	0.0 	0.05 	0.0 	0.0 	0.0 	0.0 	
27 	0.11 	0.21 	0.01 	0.08 	0.03 	0.13 	0.07 	0.0 	0.05 	0.0 	0.13 	0.1 	0.0 	0.04 	0.0 	0.02 	0.0 	0.0 	0.0 	0.0 	
28 	0.03 	0.02 	0.0 	0.0 	0.0 	0.0 	0.0 	0.0 	0.0 	0.16 	0.09 	0.02 	0.0 	0.01 	0.0 	0.0 	0.0 	0.0 	0.0 	0.65 	
29 	0.01 	0.09 	0.01 	0.0 	0.01 	0.04 	0.04 	0.0 	0.02 	0.03 	0.13 	0.22 	0.01 	0.03 	0.0 	0.16 	0.12 	0.0 	0.04 	0.02 	
30 	0.0 	0.01 	0.0 	0.0 	0.02 	0.03 	0.0 	0.0 	0.0 	0.17 	0.12 	0.0 	0.0 	0.0 	0.0 	0.03 	0.0 	0.0 	0.02 	0.57 	
31 	0.0 	0.0 	0.66 	0.2 	0.0 	0.03 	0.01 	0.04 	0.0 	0.0 	0.0 	0.0 	0.0 	0.02 	0.0 	0.01 	0.0 	0.0 	0.0 	0.0 	
32 	0.01 	0.0 	0.05 	0.07 	0.0 	0.03 	0.04 	0.59 	0.02 	0.0 	0.0 	0.12 	0.0 	0.01 	0.0 	0.03 	0.0 	0.0 	0.0 	0.0 	
33 	0.05 	0.08 	0.01 	0.05 	0.0 	0.13 	0.17 	0.01 	0.02 	0.07 	0.02 	0.29 	0.0 	0.0 	0.0 	0.02 	0.02 	0.0 	0.0 	0.05 	
34 	0.05 	0.07 	0.0 	0.0 	0.0 	0.02 	0.03 	0.0 	0.02 	0.14 	0.05 	0.13 	0.02 	0.02 	0.09 	0.03 	0.07 	0.0 	0.0 	0.25 	
35 	0.26 	0.0 	0.0 	0.0 	0.03 	0.02 	0.02 	0.02 	0.0 	0.12 	0.06 	0.01 	0.02 	0.0 	0.02 	0.05 	0.01 	0.0 	0.0 	0.37 	
36 	0.0 	0.22 	0.13 	0.04 	0.0 	0.06 	0.0 	0.02 	0.01 	0.02 	0.03 	0.25 	0.03 	0.0 	0.03 	0.02 	0.12 	0.0 	0.0 	0.03 	
37 	0.02 	0.03 	0.03 	0.11 	0.01 	0.04 	0.08 	0.01 	0.0 	0.11 	0.14 	0.13 	0.0 	0.0 	0.02 	0.13 	0.02 	0.0 	0.0 	0.09 	
38 	0.13 	0.02 	0.02 	0.03 	0.0 	0.02 	0.0 	0.25 	0.0 	0.0 	0.05 	0.03 	0.0 	0.0 	0.27 	0.06 	0.03 	0.0 	0.0 	0.09 	
39 	0.13 	0.08 	0.05 	0.14 	0.0 	0.08 	0.07 	0.07 	0.01 	0.0 	0.01 	0.07 	0.0 	0.0 	0.02 	0.19 	0.05 	0.0 	0.0 	0.03 	
40 	0.03 	0.08 	0.03 	0.02 	0.0 	0.04 	0.05 	0.01 	0.07 	0.12 	0.05 	0.06 	0.03 	0.06 	0.01 	0.0 	0.08 	0.01 	0.14 	0.1 	
41 	0.04 	0.12 	0.05 	0.01 	0.0 	0.05 	0.06 	0.0 	0.04 	0.06 	0.08 	0.34 	0.01 	0.0 	0.04 	0.03 	0.01 	0.0 	0.0 	0.04 	
42 	0.02 	0.0 	0.04 	0.03 	0.0 	0.03 	0.03 	0.0 	0.0 	0.05 	0.17 	0.05 	0.03 	0.0 	0.0 	0.0 	0.0 	0.0 	0.0 	0.54 	
43 	0.08 	0.06 	0.04 	0.1 	0.01 	0.06 	0.03 	0.03 	0.05 	0.05 	0.05 	0.21 	0.02 	0.02 	0.06 	0.06 	0.05 	0.01 	0.01 	0.01 	
44 	0.03 	0.06 	0.03 	0.04 	0.0 	0.11 	0.11 	0.11 	0.0 	0.05 	0.02 	0.05 	0.01 	0.0 	0.2 	0.08 	0.03 	0.0 	0.01 	0.07 	
45 	0.02 	0.0 	0.09 	0.05 	0.0 	0.04 	0.07 	0.36 	0.08 	0.0 	0.01 	0.08 	0.0 	0.01 	0.0 	0.07 	0.07 	0.0 	0.01 	0.03 	
46 	0.02 	0.06 	0.05 	0.4 	0.02 	0.03 	0.18 	0.01 	0.01 	0.04 	0.01 	0.0 	0.0 	0.0 	0.0 	0.03 	0.08 	0.0 	0.0 	0.06 	
47 	0.06 	0.09 	0.01 	0.03 	0.02 	0.11 	0.14 	0.0 	0.01 	0.08 	0.05 	0.09 	0.0 	0.02 	0.07 	0.04 	0.04 	0.01 	0.0 	0.13 	
48 	0.03 	0.0 	0.0 	0.0 	0.0 	0.0 	0.02 	0.0 	0.0 	0.38 	0.14 	0.0 	0.0 	0.03 	0.04 	0.0 	0.03 	0.0 	0.02 	0.31 	
49 	0.05 	0.06 	0.08 	0.03 	0.03 	0.07 	0.13 	0.0 	0.04 	0.08 	0.05 	0.03 	0.0 	0.04 	0.06 	0.05 	0.05 	0.0 	0.04 	0.12 	
50 	0.0 	0.07 	0.07 	0.07 	0.0 	0.07 	0.07 	0.0 	0.0 	0.07 	0.07 	0.07 	0.0 	0.07 	0.0 	0.07 	0.07 	0.07 	0.07 	0.07 	
51 	0.03 	0.03 	0.09 	0.18 	0.0 	0.06 	0.1 	0.02 	0.02 	0.03 	0.04 	0.08 	0.0 	0.0 	0.07 	0.11 	0.04 	0.0 	0.02 	0.1 	
52 	0.06 	0.02 	0.04 	0.13 	0.0 	0.04 	0.06 	0.18 	0.03 	0.06 	0.06 	0.08 	0.0 	0.02 	0.11 	0.0 	0.03 	0.0 	0.02 	0.04 	
53 	0.06 	0.06 	0.06 	0.06 	0.0 	0.06 	0.06 	0.06 	0.06 	0.06 	0.06 	0.06 	0.06 	0.0 	0.06 	0.06 	0.06 	0.0 	0.06 	0.06 	
54 	0.0 	0.07 	0.07 	0.07 	0.0 	0.07 	0.07 	0.0 	0.07 	0.07 	0.07 	0.07 	0.07 	0.07 	0.07 	0.07 	0.07 	0.0 	0.0 	0.07 	
55 	0.01 	0.03 	0.05 	0.03 	0.01 	0.03 	0.08 	0.02 	0.0 	0.22 	0.17 	0.06 	0.01 	0.03 	0.09 	0.03 	0.03 	0.0 	0.0 	0.1 	
56 	0.09 	0.04 	0.08 	0.0 	0.0 	0.07 	0.05 	0.03 	0.02 	0.1 	0.05 	0.08 	0.02 	0.0 	0.06 	0.05 	0.07 	0.0 	0.0 	0.19 	
57 	0.09 	0.03 	0.06 	0.03 	0.0 	0.08 	0.04 	0.0 	0.0 	0.07 	0.18 	0.06 	0.0 	0.0 	0.11 	0.06 	0.03 	0.04 	0.0 	0.11 	
58 	0.03 	0.05 	0.04 	0.05 	0.0 	0.05 	0.04 	0.03 	0.03 	0.07 	0.08 	0.06 	0.05 	0.05 	0.05 	0.04 	0.03 	0.03 	0.11 	0.11 	
59 	0.08 	0.08 	0.08 	0.08 	0.0 	0.08 	0.08 	0.0 	0.08 	0.0 	0.0 	0.08 	0.08 	0.0 	0.08 	0.08 	0.0 	0.0 	0.0 	0.08 	
60 	0.04 	0.02 	0.04 	0.38 	0.0 	0.03 	0.11 	0.05 	0.02 	0.04 	0.0 	0.08 	0.0 	0.0 	0.06 	0.05 	0.06 	0.0 	0.0 	0.02 	
61 	0.08 	0.04 	0.06 	0.1 	0.02 	0.05 	0.17 	0.04 	0.0 	0.0 	0.02 	0.14 	0.02 	0.02 	0.15 	0.05 	0.04 	0.0 	0.0 	0.0 	
62 	0.03 	0.21 	0.03 	0.17 	0.03 	0.08 	0.05 	0.0 	0.14 	0.05 	0.0 	0.06 	0.0 	0.02 	0.0 	0.01 	0.02 	0.03 	0.03 	0.05 	
63 	0.05 	0.0 	0.0 	0.0 	0.0 	0.0 	0.0 	0.05 	0.05 	0.13 	0.23 	0.0 	0.05 	0.1 	0.0 	0.05 	0.05 	0.0 	0.15 	0.09 	
64 	0.05 	0.0 	0.0 	0.0 	0.05 	0.0 	0.0 	0.06 	0.0 	0.17 	0.23 	0.0 	0.1 	0.07 	0.0 	0.0 	0.0 	0.06 	0.05 	0.17 	
65 	0.13 	0.0 	0.0 	0.0 	0.0 	0.0 	0.14 	0.0 	0.0 	0.17 	0.06 	0.0 	0.1 	0.05 	0.0 	0.0 	0.04 	0.0 	0.0 	0.31 	
66 	0.02 	0.0 	0.0 	0.0 	0.0 	0.0 	0.0 	0.05 	0.0 	0.12 	0.32 	0.0 	0.03 	0.1 	0.0 	0.0 	0.0 	0.0 	0.09 	0.26 	
67 	0.0 	0.0 	0.46 	0.09 	0.04 	0.0 	0.02 	0.0 	0.14 	0.0 	0.0 	0.0 	0.0 	0.02 	0.0 	0.05 	0.08 	0.0 	0.1 	0.0 	
68 	0.0 	0.0 	0.08 	0.0 	0.0 	0.08 	0.0 	0.0 	0.0 	0.0 	0.0 	0.78 	0.0 	0.0 	0.07 	0.0 	0.0 	0.0 	0.0 	0.0 	
69 	0.05 	0.0 	0.0 	0.0 	0.0 	0.13 	0.04 	0.0 	0.0 	0.0 	0.0 	0.0 	0.0 	0.0 	0.73 	0.05 	0.0 	0.0 	0.0 	0.0 	
70 	0.18 	0.04 	0.01 	0.03 	0.02 	0.04 	0.06 	0.0 	0.02 	0.01 	0.0 	0.03 	0.02 	0.06 	0.16 	0.13 	0.11 	0.0 	0.05 	0.02 	
71 	0.01 	0.0 	0.05 	0.11 	0.02 	0.03 	0.0 	0.64 	0.01 	0.0 	0.03 	0.0 	0.0 	0.03 	0.0 	0.06 	0.0 	0.0 	0.0 	0.0 	
72 	0.03 	0.0 	0.04 	0.0 	0.04 	0.0 	0.05 	0.0 	0.0 	0.19 	0.19 	0.0 	0.07 	0.04 	0.0 	0.0 	0.03 	0.02 	0.1 	0.2 	
73 	0.06 	0.0 	0.0 	0.0 	0.0 	0.01 	0.03 	0.0 	0.01 	0.08 	0.26 	0.0 	0.0 	0.0 	0.09 	0.0 	0.03 	0.04 	0.05 	0.33 	
74 	0.02 	0.0 	0.0 	0.0 	0.17 	0.0 	0.0 	0.01 	0.0 	0.0 	0.0 	0.0 	0.0 	0.0 	0.02 	0.25 	0.15 	0.0 	0.0 	0.38 	
75 	0.04 	0.0 	0.0 	0.02 	0.0 	0.13 	0.01 	0.04 	0.33 	0.03 	0.02 	0.0 	0.0 	0.0 	0.0 	0.09 	0.14 	0.0 	0.0 	0.11 	
76 	0.03 	0.11 	0.09 	0.02 	0.02 	0.0 	0.0 	0.02 	0.14 	0.0 	0.0 	0.03 	0.01 	0.08 	0.25 	0.07 	0.11 	0.0 	0.0 	0.0 	
77 	0.07 	0.04 	0.04 	0.12 	0.02 	0.02 	0.1 	0.11 	0.03 	0.0 	0.07 	0.11 	0.0 	0.02 	0.05 	0.08 	0.07 	0.01 	0.0 	0.01 	
78 	0.06 	0.0 	0.03 	0.36 	0.0 	0.0 	0.07 	0.13 	0.04 	0.0 	0.02 	0.04 	0.0 	0.0 	0.06 	0.06 	0.0 	0.0 	0.0 	0.11 	
79 	0.01 	0.22 	0.1 	0.02 	0.0 	0.05 	0.06 	0.15 	0.08 	0.03 	0.03 	0.05 	0.02 	0.0 	0.05 	0.06 	0.02 	0.0 	0.06 	0.01 	
80 	0.08 	0.03 	0.07 	0.12 	0.01 	0.05 	0.04 	0.05 	0.08 	0.01 	0.04 	0.05 	0.0 	0.01 	0.24 	0.02 	0.05 	0.01 	0.03 	0.0 	
81 	0.04 	0.01 	0.02 	0.0 	0.03 	0.02 	0.03 	0.09 	0.0 	0.05 	0.11 	0.02 	0.01 	0.02 	0.04 	0.17 	0.22 	0.02 	0.0 	0.11 	
82 	0.08 	0.08 	0.02 	0.01 	0.0 	0.0 	0.01 	0.03 	0.03 	0.12 	0.19 	0.03 	0.02 	0.0 	0.01 	0.07 	0.03 	0.0 	0.03 	0.23 	
83 	0.05 	0.02 	0.04 	0.01 	0.0 	0.03 	0.01 	0.09 	0.03 	0.05 	0.13 	0.04 	0.07 	0.16 	0.05 	0.0 	0.03 	0.01 	0.11 	0.03 	
84 	0.04 	0.02 	0.05 	0.18 	0.02 	0.06 	0.08 	0.05 	0.06 	0.03 	0.0 	0.07 	0.0 	0.0 	0.0 	0.07 	0.22 	0.0 	0.05 	0.01 	
85 	0.02 	0.08 	0.0 	0.01 	0.02 	0.02 	0.02 	0.0 	0.0 	0.05 	0.34 	0.02 	0.04 	0.06 	0.0 	0.05 	0.05 	0.01 	0.08 	0.13 	
86 	0.08 	0.01 	0.0 	0.01 	0.01 	0.04 	0.02 	0.02 	0.0 	0.09 	0.37 	0.09 	0.0 	0.09 	0.01 	0.02 	0.01 	0.0 	0.0 	0.13 	
87 	0.01 	0.1 	0.18 	0.17 	0.0 	0.06 	0.14 	0.06 	0.06 	0.02 	0.0 	0.03 	0.02 	0.0 	0.09 	0.03 	0.03 	0.0 	0.0 	0.0 	
88 	0.06 	0.05 	0.02 	0.05 	0.0 	0.03 	0.1 	0.06 	0.01 	0.06 	0.07 	0.1 	0.01 	0.09 	0.01 	0.08 	0.05 	0.0 	0.12 	0.02 	
89 	0.03 	0.03 	0.02 	0.03 	0.01 	0.11 	0.02 	0.04 	0.06 	0.12 	0.24 	0.02 	0.01 	0.03 	0.15 	0.05 	0.0 	0.0 	0.01 	0.02 	
90 	0.05 	0.15 	0.04 	0.01 	0.0 	0.05 	0.01 	0.02 	0.0 	0.07 	0.16 	0.08 	0.02 	0.03 	0.08 	0.06 	0.05 	0.0 	0.04 	0.08 	
91 	0.18 	0.05 	0.04 	0.01 	0.0 	0.02 	0.01 	0.24 	0.0 	0.1 	0.04 	0.08 	0.01 	0.01 	0.09 	0.06 	0.03 	0.0 	0.0 	0.03 	
92 	0.11 	0.01 	0.02 	0.02 	0.01 	0.09 	0.15 	0.14 	0.02 	0.0 	0.08 	0.11 	0.0 	0.02 	0.09 	0.1 	0.0 	0.0 	0.02 	0.02 	
93 	0.02 	0.22 	0.07 	0.11 	0.01 	0.01 	0.08 	0.07 	0.1 	0.08 	0.01 	0.08 	0.0 	0.01 	0.03 	0.03 	0.03 	0.0 	0.0 	0.01 	
94 	0.03 	0.0 	0.0 	0.0 	0.01 	0.0 	0.0 	0.01 	0.0 	0.03 	0.29 	0.0 	0.0 	0.06 	0.03 	0.0 	0.0 	0.08 	0.04 	0.41 	
95 	0.03 	0.01 	0.01 	0.0 	0.0 	0.02 	0.09 	0.03 	0.27 	0.07 	0.01 	0.04 	0.01 	0.14 	0.05 	0.0 	0.0 	0.01 	0.16 	0.04 	
96 	0.09 	0.1 	0.03 	0.01 	0.0 	0.0 	0.02 	0.01 	0.06 	0.04 	0.2 	0.01 	0.0 	0.02 	0.25 	0.1 	0.03 	0.0 	0.0 	0.03 	
97 	0.25 	0.01 	0.01 	0.01 	0.05 	0.01 	0.01 	0.02 	0.0 	0.13 	0.07 	0.01 	0.0 	0.01 	0.05 	0.01 	0.01 	0.0 	0.0 	0.34 	
98 	0.01 	0.01 	0.05 	0.01 	0.0 	0.03 	0.01 	0.36 	0.45 	0.01 	0.01 	0.01 	0.0 	0.0 	0.01 	0.01 	0.02 	0.0 	0.0 	0.01 	
99 	0.0 	1.0 	0.0 	0.0 	0.0 	0.0 	0.0 	0.0 	0.0 	0.0 	0.0 	0.0 	0.0 	0.0 	0.0 	0.0 	0.0 	0.0 	0.0 	0.0 	
100 	0.0 	0.0 	0.0 	0.0 	0.0 	0.0 	0.0 	0.0 	0.0 	0.08 	0.92 	0.0 	0.0 	0.0 	0.0 	0.0 	0.0 	0.0 	0.0 	0.0 	
101 	0.0 	0.0 	0.0 	0.97 	0.0 	0.0 	0.0 	0.03 	0.0 	0.0 	0.0 	0.0 	0.0 	0.0 	0.0 	0.0 	0.0 	0.0 	0.0 	0.0 	
102 	0.03 	0.34 	0.0 	0.0 	0.0 	0.02 	0.0 	0.0 	0.02 	0.04 	0.03 	0.31 	0.07 	0.01 	0.0 	0.0 	0.03 	0.0 	0.04 	0.06 	
103 	0.06 	0.0 	0.12 	0.43 	0.02 	0.0 	0.12 	0.05 	0.0 	0.0 	0.07 	0.01 	0.0 	0.0 	0.07 	0.03 	0.0 	0.0 	0.0 	0.01 	
104 	0.01 	0.0 	0.0 	0.0 	0.0 	0.0 	0.0 	0.0 	0.0 	0.0 	0.0 	0.0 	0.0 	0.0 	0.0 	0.11 	0.81 	0.0 	0.0 	0.06 	
105 	0.01 	0.01 	0.0 	0.0 	0.02 	0.01 	0.12 	0.0 	0.0 	0.0 	0.0 	0.01 	0.0 	0.0 	0.0 	0.62 	0.2 	0.0 	0.0 	0.0 	
106 	0.0 	0.0 	0.0 	0.0 	0.0 	0.0 	0.0 	1.0 	0.0 	0.0 	0.0 	0.0 	0.0 	0.0 	0.0 	0.0 	0.0 	0.0 	0.0 	0.0 	
107 	0.04 	0.0 	0.0 	0.0 	0.01 	0.0 	0.0 	0.05 	0.0 	0.07 	0.58 	0.0 	0.0 	0.01 	0.0 	0.0 	0.0 	0.0 	0.0 	0.25 	
108 	0.0 	0.0 	0.0 	0.0 	0.0 	0.0 	0.0 	0.0 	0.0 	0.15 	0.48 	0.0 	0.26 	0.0 	0.0 	0.0 	0.01 	0.0 	0.0 	0.1 	
109 	0.0 	0.0 	0.0 	0.0 	0.0 	0.0 	0.0 	0.0 	0.0 	0.15 	0.44 	0.0 	0.04 	0.03 	0.0 	0.0 	0.0 	0.0 	0.0 	0.34 	
110 	0.0 	0.0 	0.0 	0.0 	0.02 	0.0 	0.0 	0.02 	0.0 	0.2 	0.34 	0.0 	0.03 	0.17 	0.0 	0.0 	0.0 	0.0 	0.02 	0.2 	
111 	0.6 	0.0 	0.0 	0.0 	0.01 	0.02 	0.0 	0.03 	0.0 	0.0 	0.0 	0.0 	0.0 	0.0 	0.0 	0.02 	0.31 	0.0 	0.0 	0.02 	
112 	0.01 	0.08 	0.16 	0.06 	0.0 	0.0 	0.0 	0.0 	0.0 	0.01 	0.07 	0.5 	0.0 	0.0 	0.0 	0.02 	0.04 	0.03 	0.0 	0.01 	
113 	0.03 	0.0 	0.25 	0.23 	0.01 	0.0 	0.04 	0.0 	0.04 	0.0 	0.0 	0.08 	0.0 	0.0 	0.0 	0.12 	0.18 	0.0 	0.0 	0.01 	
114 	0.08 	0.05 	0.09 	0.02 	0.0 	0.01 	0.02 	0.28 	0.01 	0.03 	0.04 	0.13 	0.0 	0.0 	0.05 	0.08 	0.03 	0.0 	0.01 	0.04 	
115 	0.06 	0.08 	0.01 	0.1 	0.0 	0.12 	0.21 	0.01 	0.01 	0.04 	0.04 	0.1 	0.01 	0.01 	0.05 	0.05 	0.05 	0.0 	0.02 	0.01 	
116 	0.21 	0.03 	0.0 	0.0 	0.0 	0.0 	0.0 	0.02 	0.01 	0.02 	0.33 	0.03 	0.04 	0.08 	0.0 	0.11 	0.0 	0.05 	0.0 	0.08 	
117 	0.4 	0.0 	0.01 	0.0 	0.0 	0.14 	0.04 	0.03 	0.06 	0.0 	0.05 	0.06 	0.01 	0.0 	0.0 	0.13 	0.03 	0.0 	0.03 	0.02 	
118 	0.11 	0.13 	0.11 	0.04 	0.0 	0.03 	0.06 	0.01 	0.19 	0.01 	0.09 	0.02 	0.02 	0.02 	0.0 	0.05 	0.06 	0.0 	0.04 	0.01 	
119 	0.06 	0.34 	0.05 	0.03 	0.0 	0.13 	0.05 	0.0 	0.01 	0.01 	0.03 	0.15 	0.02 	0.02 	0.0 	0.05 	0.01 	0.0 	0.0 	0.04 	
120 	0.01 	0.02 	0.01 	0.0 	0.01 	0.0 	0.03 	0.0 	0.04 	0.1 	0.49 	0.05 	0.01 	0.14 	0.0 	0.01 	0.01 	0.0 	0.0 	0.06 	
121 	0.09 	0.03 	0.0 	0.0 	0.01 	0.05 	0.04 	0.02 	0.02 	0.02 	0.21 	0.02 	0.11 	0.02 	0.0 	0.06 	0.17 	0.0 	0.0 	0.13 	
122 	0.03 	0.14 	0.02 	0.08 	0.01 	0.12 	0.04 	0.0 	0.22 	0.0 	0.1 	0.03 	0.02 	0.07 	0.0 	0.09 	0.0 	0.0 	0.0 	0.01 	
123 	0.1 	0.09 	0.02 	0.02 	0.0 	0.26 	0.08 	0.0 	0.0 	0.01 	0.01 	0.09 	0.0 	0.0 	0.23 	0.05 	0.02 	0.0 	0.0 	0.02 	
124 	0.14 	0.07 	0.05 	0.02 	0.01 	0.17 	0.11 	0.09 	0.0 	0.0 	0.05 	0.12 	0.0 	0.03 	0.0 	0.11 	0.01 	0.0 	0.0 	0.0 	
125 	0.0 	0.3 	0.03 	0.01 	0.0 	0.05 	0.0 	0.04 	0.14 	0.0 	0.06 	0.1 	0.0 	0.12 	0.0 	0.07 	0.0 	0.01 	0.05 	0.0 	
126 	0.03 	0.1 	0.03 	0.03 	0.0 	0.1 	0.17 	0.01 	0.06 	0.0 	0.01 	0.33 	0.02 	0.0 	0.0 	0.04 	0.04 	0.0 	0.0 	0.03 	
127 	0.01 	0.03 	0.0 	0.01 	0.05 	0.01 	0.02 	0.01 	0.02 	0.18 	0.16 	0.0 	0.04 	0.0 	0.03 	0.01 	0.06 	0.01 	0.0 	0.34 	
128 	0.0 	0.05 	0.02 	0.04 	0.0 	0.09 	0.22 	0.02 	0.03 	0.02 	0.0 	0.3 	0.01 	0.0 	0.06 	0.04 	0.09 	0.0 	0.0 	0.01 	
129 	0.0 	0.32 	0.0 	0.0 	0.0 	0.0 	0.0 	0.0 	0.0 	0.0 	0.0 	0.68 	0.0 	0.0 	0.0 	0.0 	0.0 	0.0 	0.0 	0.0 	
130 	0.0 	0.08 	0.0 	0.03 	0.01 	0.05 	0.24 	0.0 	0.03 	0.07 	0.01 	0.07 	0.0 	0.03 	0.0 	0.02 	0.2 	0.0 	0.08 	0.09 	
131 	0.0 	0.0 	0.0 	0.0 	0.0 	0.0 	0.0 	0.0 	0.0 	0.0 	0.0 	0.0 	0.0 	0.01 	0.0 	0.0 	0.0 	0.02 	0.97 	0.0 	
132 	0.05 	0.06 	0.02 	0.01 	0.0 	0.05 	0.05 	0.0 	0.07 	0.12 	0.21 	0.04 	0.0 	0.04 	0.0 	0.01 	0.02 	0.07 	0.07 	0.12 	
133 	0.63 	0.0 	0.0 	0.0 	0.02 	0.0 	0.0 	0.04 	0.0 	0.05 	0.0 	0.0 	0.0 	0.0 	0.0 	0.01 	0.01 	0.0 	0.0 	0.22 	
134 	0.0 	0.19 	0.0 	0.0 	0.0 	0.07 	0.02 	0.0 	0.01 	0.16 	0.26 	0.1 	0.0 	0.0 	0.0 	0.0 	0.12 	0.02 	0.0 	0.05 	
135 	0.06 	0.0 	0.01 	0.0 	0.03 	0.0 	0.0 	0.0 	0.0 	0.05 	0.09 	0.0 	0.0 	0.0 	0.0 	0.02 	0.04 	0.0 	0.01 	0.69 	
136 	0.05 	0.1 	0.04 	0.07 	0.01 	0.04 	0.13 	0.03 	0.06 	0.07 	0.01 	0.06 	0.01 	0.07 	0.0 	0.02 	0.02 	0.08 	0.06 	0.04 	
137 	0.05 	0.02 	0.01 	0.03 	0.0 	0.02 	0.01 	0.76 	0.01 	0.01 	0.0 	0.02 	0.0 	0.01 	0.0 	0.02 	0.02 	0.0 	0.0 	0.01 	
138 	0.05 	0.01 	0.03 	0.03 	0.0 	0.09 	0.05 	0.0 	0.05 	0.08 	0.03 	0.07 	0.0 	0.01 	0.3 	0.04 	0.01 	0.03 	0.04 	0.08 	
139 	0.0 	0.0 	0.0 	0.02 	0.01 	0.0 	0.0 	0.0 	0.0 	0.25 	0.15 	0.0 	0.04 	0.1 	0.18 	0.01 	0.0 	0.03 	0.0 	0.19 	
140 	0.02 	0.0 	0.07 	0.13 	0.0 	0.06 	0.13 	0.12 	0.01 	0.03 	0.05 	0.1 	0.02 	0.0 	0.11 	0.06 	0.08 	0.0 	0.0 	0.01 	
141 	0.04 	0.17 	0.08 	0.08 	0.01 	0.05 	0.2 	0.02 	0.0 	0.02 	0.01 	0.17 	0.0 	0.0 	0.03 	0.1 	0.01 	0.0 	0.01 	0.0 	
142 	0.03 	0.02 	0.15 	0.24 	0.0 	0.02 	0.18 	0.02 	0.12 	0.01 	0.0 	0.07 	0.0 	0.0 	0.05 	0.05 	0.04 	0.0 	0.0 	0.01 	
143 	0.07 	0.02 	0.02 	0.05 	0.0 	0.03 	0.14 	0.04 	0.02 	0.07 	0.07 	0.06 	0.05 	0.01 	0.07 	0.06 	0.07 	0.02 	0.09 	0.04 	
144 	0.05 	0.05 	0.04 	0.02 	0.0 	0.02 	0.03 	0.15 	0.01 	0.07 	0.18 	0.09 	0.06 	0.01 	0.02 	0.04 	0.04 	0.0 	0.01 	0.12 	
145 	0.07 	0.13 	0.21 	0.08 	0.0 	0.07 	0.13 	0.0 	0.03 	0.02 	0.01 	0.11 	0.02 	0.01 	0.0 	0.02 	0.03 	0.0 	0.01 	0.05 	
146 	0.14 	0.18 	0.06 	0.04 	0.0 	0.05 	0.09 	0.04 	0.0 	0.07 	0.02 	0.09 	0.0 	0.01 	0.1 	0.06 	0.02 	0.0 	0.01 	0.03 	
147 	0.02 	0.02 	0.03 	0.0 	0.05 	0.02 	0.08 	0.01 	0.0 	0.11 	0.28 	0.07 	0.06 	0.06 	0.05 	0.0 	0.05 	0.01 	0.04 	0.05 	
148 	0.14 	0.15 	0.01 	0.01 	0.02 	0.08 	0.04 	0.01 	0.03 	0.04 	0.06 	0.17 	0.0 	0.0 	0.03 	0.14 	0.01 	0.0 	0.02 	0.04 	
149 	0.04 	0.17 	0.03 	0.1 	0.0 	0.08 	0.11 	0.02 	0.0 	0.0 	0.03 	0.16 	0.11 	0.02 	0.02 	0.06 	0.01 	0.01 	0.01 	0.03 	
150 	0.09 	0.03 	0.0 	0.02 	0.0 	0.0 	0.01 	0.5 	0.03 	0.03 	0.02 	0.1 	0.07 	0.01 	0.0 	0.02 	0.03 	0.0 	0.01 	0.03 	
151 	0.03 	0.0 	0.0 	0.02 	0.04 	0.01 	0.02 	0.0 	0.0 	0.21 	0.08 	0.0 	0.03 	0.02 	0.05 	0.04 	0.03 	0.0 	0.0 	0.41 	
152 	0.05 	0.06 	0.02 	0.04 	0.05 	0.08 	0.09 	0.02 	0.06 	0.02 	0.07 	0.08 	0.04 	0.07 	0.01 	0.05 	0.1 	0.0 	0.04 	0.04 	
153 	0.02 	0.02 	0.01 	0.06 	0.01 	0.02 	0.04 	0.01 	0.01 	0.14 	0.25 	0.1 	0.0 	0.02 	0.09 	0.01 	0.03 	0.0 	0.08 	0.09 	
154 	0.02 	0.14 	0.07 	0.09 	0.01 	0.01 	0.16 	0.05 	0.03 	0.01 	0.04 	0.15 	0.03 	0.0 	0.01 	0.04 	0.04 	0.01 	0.04 	0.05 	
155 	0.08 	0.03 	0.06 	0.14 	0.0 	0.01 	0.01 	0.38 	0.02 	0.02 	0.02 	0.05 	0.0 	0.03 	0.03 	0.05 	0.01 	0.0 	0.0 	0.02 	
156 	0.04 	0.06 	0.06 	0.04 	0.0 	0.07 	0.11 	0.11 	0.0 	0.01 	0.01 	0.35 	0.01 	0.0 	0.03 	0.03 	0.02 	0.0 	0.0 	0.04 	
157 	0.04 	0.04 	0.04 	0.16 	0.01 	0.0 	0.1 	0.03 	0.07 	0.02 	0.03 	0.16 	0.02 	0.0 	0.17 	0.04 	0.01 	0.0 	0.03 	0.02 	
158 	0.36 	0.01 	0.0 	0.02 	0.0 	0.0 	0.07 	0.17 	0.0 	0.03 	0.01 	0.07 	0.01 	0.01 	0.01 	0.11 	0.07 	0.0 	0.02 	0.02 	
159 	0.06 	0.03 	0.03 	0.01 	0.0 	0.06 	0.03 	0.02 	0.01 	0.04 	0.1 	0.15 	0.04 	0.04 	0.15 	0.03 	0.04 	0.0 	0.0 	0.16 	
160 	0.05 	0.03 	0.01 	0.02 	0.01 	0.0 	0.01 	0.03 	0.0 	0.02 	0.05 	0.03 	0.0 	0.09 	0.04 	0.08 	0.47 	0.0 	0.03 	0.02 	
161 	0.1 	0.09 	0.04 	0.03 	0.06 	0.03 	0.09 	0.03 	0.15 	0.03 	0.09 	0.18 	0.01 	0.01 	0.0 	0.02 	0.0 	0.0 	0.01 	0.03 	
162 	0.0 	0.0 	0.0 	0.01 	0.0 	0.01 	0.02 	0.01 	0.0 	0.09 	0.03 	0.06 	0.01 	0.15 	0.23 	0.03 	0.03 	0.01 	0.22 	0.07 	
163 	0.17 	0.11 	0.02 	0.05 	0.0 	0.08 	0.06 	0.0 	0.02 	0.04 	0.0 	0.13 	0.01 	0.0 	0.01 	0.07 	0.13 	0.01 	0.01 	0.08 	
164 	0.02 	0.04 	0.04 	0.02 	0.0 	0.06 	0.05 	0.03 	0.04 	0.05 	0.04 	0.16 	0.02 	0.02 	0.02 	0.07 	0.05 	0.0 	0.03 	0.23 	
165 	0.09 	0.03 	0.0 	0.0 	0.01 	0.0 	0.01 	0.0 	0.0 	0.1 	0.21 	0.05 	0.04 	0.13 	0.0 	0.03 	0.05 	0.01 	0.1 	0.14 	
166 	0.06 	0.13 	0.01 	0.03 	0.01 	0.07 	0.38 	0.01 	0.0 	0.0 	0.01 	0.2 	0.0 	0.0 	0.01 	0.04 	0.04 	0.0 	0.0 	0.0 	
167 	0.03 	0.22 	0.02 	0.01 	0.0 	0.01 	0.02 	0.02 	0.03 	0.14 	0.12 	0.05 	0.01 	0.05 	0.02 	0.06 	0.02 	0.0 	0.06 	0.09 	
168 	0.03 	0.02 	0.01 	0.05 	0.0 	0.01 	0.02 	0.05 	0.0 	0.16 	0.23 	0.02 	0.01 	0.14 	0.01 	0.02 	0.02 	0.0 	0.05 	0.16 	
169 	0.12 	0.13 	0.07 	0.1 	0.01 	0.01 	0.13 	0.08 	0.01 	0.01 	0.01 	0.11 	0.01 	0.01 	0.05 	0.06 	0.07 	0.0 	0.0 	0.01 	
170 	0.07 	0.02 	0.18 	0.09 	0.0 	0.1 	0.11 	0.04 	0.0 	0.01 	0.01 	0.13 	0.02 	0.01 	0.05 	0.05 	0.04 	0.0 	0.05 	0.01 	
171 	0.06 	0.04 	0.17 	0.05 	0.0 	0.03 	0.06 	0.05 	0.12 	0.01 	0.06 	0.06 	0.0 	0.06 	0.08 	0.03 	0.07 	0.0 	0.05 	0.02 	
172 	0.01 	0.03 	0.06 	0.04 	0.03 	0.02 	0.05 	0.06 	0.05 	0.0 	0.05 	0.03 	0.0 	0.0 	0.01 	0.13 	0.23 	0.15 	0.04 	0.02 	
173 	0.06 	0.01 	0.04 	0.0 	0.0 	0.01 	0.01 	0.02 	0.03 	0.08 	0.33 	0.0 	0.02 	0.09 	0.01 	0.01 	0.05 	0.0 	0.04 	0.18 	
174 	0.06 	0.23 	0.11 	0.04 	0.0 	0.04 	0.13 	0.01 	0.05 	0.01 	0.04 	0.11 	0.0 	0.0 	0.01 	0.11 	0.01 	0.0 	0.02 	0.02 	
175 	0.05 	0.0 	0.0 	0.0 	0.07 	0.0 	0.0 	0.02 	0.0 	0.15 	0.36 	0.0 	0.01 	0.02 	0.0 	0.02 	0.01 	0.0 	0.02 	0.28 	
176 	0.03 	0.07 	0.01 	0.0 	0.01 	0.06 	0.04 	0.02 	0.02 	0.12 	0.03 	0.08 	0.0 	0.04 	0.0 	0.05 	0.25 	0.0 	0.0 	0.16 	
177 	0.0 	0.0 	0.0 	0.0 	0.0 	0.0 	0.01 	0.0 	0.0 	0.19 	0.56 	0.01 	0.0 	0.01 	0.12 	0.01 	0.0 	0.0 	0.0 	0.08 	
178 	0.01 	0.02 	0.02 	0.02 	0.05 	0.02 	0.18 	0.0 	0.11 	0.09 	0.06 	0.09 	0.04 	0.04 	0.01 	0.03 	0.08 	0.0 	0.01 	0.13 	
179 	0.0 	0.0 	0.0 	0.0 	0.0 	0.03 	0.39 	0.0 	0.0 	0.0 	0.0 	0.0 	0.0 	0.0 	0.0 	0.03 	0.55 	0.0 	0.0 	0.0 	
180 	0.0 	0.0 	0.0 	0.0 	0.0 	0.0 	0.0 	1.0 	0.0 	0.0 	0.0 	0.0 	0.0 	0.0 	0.0 	0.0 	0.0 	0.0 	0.0 	0.0 	
181 	0.0 	0.83 	0.0 	0.0 	0.0 	0.0 	0.0 	0.0 	0.0 	0.02 	0.01 	0.14 	0.0 	0.0 	0.0 	0.0 	0.0 	0.0 	0.0 	0.0 	
182 	0.0 	0.0 	0.19 	0.0 	0.0 	0.0 	0.0 	0.0 	0.02 	0.0 	0.0 	0.15 	0.03 	0.0 	0.03 	0.07 	0.45 	0.0 	0.07 	0.0 	
183 	0.0 	0.19 	0.0 	0.0 	0.0 	0.0 	0.0 	0.0 	0.81 	0.0 	0.0 	0.0 	0.0 	0.0 	0.0 	0.0 	0.0 	0.0 	0.0 	0.0 	
184 	0.0 	0.0 	0.0 	0.0 	0.0 	0.85 	0.1 	0.0 	0.0 	0.02 	0.01 	0.0 	0.0 	0.0 	0.0 	0.0 	0.0 	0.0 	0.0 	0.01 	
185 	0.0 	0.0 	0.0 	0.0 	0.0 	0.0 	0.0 	0.0 	0.0 	0.55 	0.23 	0.0 	0.0 	0.0 	0.0 	0.0 	0.0 	0.0 	0.0 	0.21 	
186 	0.0 	0.92 	0.0 	0.0 	0.0 	0.0 	0.0 	0.0 	0.0 	0.0 	0.0 	0.08 	0.0 	0.0 	0.0 	0.0 	0.0 	0.0 	0.0 	0.0 	
187 	0.04 	0.31 	0.01 	0.0 	0.0 	0.01 	0.01 	0.0 	0.0 	0.03 	0.09 	0.03 	0.0 	0.0 	0.0 	0.02 	0.01 	0.0 	0.0 	0.44 	
188 	0.01 	0.0 	0.0 	0.0 	0.01 	0.0 	0.0 	0.0 	0.67 	0.03 	0.09 	0.0 	0.15 	0.02 	0.0 	0.0 	0.0 	0.0 	0.0 	0.02 	
189 	0.09 	0.0 	0.0 	0.0 	0.03 	0.0 	0.0 	0.0 	0.0 	0.0 	0.29 	0.0 	0.24 	0.14 	0.0 	0.02 	0.11 	0.06 	0.0 	0.01 	
190 	0.29 	0.01 	0.01 	0.0 	0.0 	0.19 	0.12 	0.02 	0.0 	0.0 	0.1 	0.17 	0.0 	0.0 	0.0 	0.08 	0.01 	0.0 	0.0 	0.0 	
191 	0.18 	0.0 	0.02 	0.0 	0.0 	0.02 	0.01 	0.0 	0.27 	0.0 	0.05 	0.01 	0.0 	0.08 	0.0 	0.14 	0.01 	0.0 	0.21 	0.0 	
192 	0.08 	0.0 	0.0 	0.0 	0.01 	0.04 	0.01 	0.0 	0.0 	0.19 	0.42 	0.01 	0.02 	0.07 	0.0 	0.01 	0.02 	0.0 	0.01 	0.12 	
193 	0.01 	0.05 	0.12 	0.05 	0.0 	0.04 	0.0 	0.64 	0.01 	0.0 	0.0 	0.02 	0.0 	0.02 	0.0 	0.01 	0.01 	0.0 	0.0 	0.0 	
194 	0.01 	0.01 	0.09 	0.0 	0.11 	0.0 	0.0 	0.0 	0.47 	0.03 	0.07 	0.0 	0.0 	0.09 	0.0 	0.02 	0.01 	0.0 	0.07 	0.02 	
195 	0.0 	0.03 	0.01 	0.0 	0.0 	0.07 	0.04 	0.01 	0.01 	0.0 	0.0 	0.07 	0.0 	0.01 	0.71 	0.02 	0.02 	0.0 	0.0 	0.01 	
196 	0.0 	0.0 	0.0 	0.0 	0.0 	0.0 	0.0 	0.0 	0.0 	0.5 	0.18 	0.0 	0.0 	0.0 	0.0 	0.0 	0.06 	0.0 	0.0 	0.27 	
197 	0.03 	0.0 	0.05 	0.0 	0.0 	0.0 	0.03 	0.0 	0.01 	0.1 	0.36 	0.04 	0.01 	0.02 	0.0 	0.06 	0.01 	0.0 	0.0 	0.27 	
198 	0.01 	0.16 	0.02 	0.01 	0.0 	0.02 	0.02 	0.59 	0.0 	0.0 	0.01 	0.08 	0.01 	0.03 	0.0 	0.02 	0.0 	0.0 	0.03 	0.0 	
199 	0.02 	0.01 	0.01 	0.18 	0.0 	0.01 	0.01 	0.01 	0.0 	0.03 	0.63 	0.01 	0.0 	0.01 	0.01 	0.01 	0.01 	0.0 	0.01 	0.01 	
200 	0.01 	0.03 	0.03 	0.06 	0.03 	0.01 	0.03 	0.01 	0.19 	0.17 	0.01 	0.23 	0.0 	0.05 	0.01 	0.01 	0.01 	0.0 	0.0 	0.12 	
201 	0.0 	0.73 	0.0 	0.19 	0.0 	0.0 	0.0 	0.0 	0.0 	0.0 	0.0 	0.09 	0.0 	0.0 	0.0 	0.0 	0.0 	0.0 	0.0 	0.0 	
202 	0.0 	0.02 	0.03 	0.04 	0.0 	0.0 	0.09 	0.0 	0.0 	0.11 	0.05 	0.0 	0.0 	0.01 	0.03 	0.0 	0.21 	0.03 	0.19 	0.18 	
203 	0.09 	0.37 	0.0 	0.03 	0.0 	0.11 	0.03 	0.02 	0.0 	0.03 	0.0 	0.08 	0.0 	0.0 	0.0 	0.18 	0.02 	0.0 	0.04 	0.0 	
204 	0.0 	0.0 	0.0 	0.05 	0.0 	0.0 	0.0 	0.04 	0.02 	0.27 	0.0 	0.0 	0.12 	0.01 	0.0 	0.0 	0.0 	0.0 	0.47 	0.02 	
205 	0.06 	0.0 	0.03 	0.0 	0.0 	0.0 	0.0 	0.83 	0.0 	0.0 	0.0 	0.0 	0.03 	0.0 	0.0 	0.0 	0.0 	0.06 	0.0 	0.0 	
206 	0.09 	0.02 	0.22 	0.3 	0.0 	0.02 	0.0 	0.06 	0.01 	0.0 	0.02 	0.05 	0.0 	0.04 	0.05 	0.1 	0.02 	0.0 	0.0 	0.0 	
207 	0.0 	0.1 	0.02 	0.0 	0.0 	0.03 	0.0 	0.0 	0.0 	0.24 	0.24 	0.0 	0.01 	0.07 	0.0 	0.0 	0.0 	0.06 	0.02 	0.19 	
208 	0.06 	0.08 	0.1 	0.05 	0.03 	0.02 	0.05 	0.0 	0.06 	0.02 	0.07 	0.1 	0.0 	0.05 	0.01 	0.15 	0.1 	0.0 	0.01 	0.03 	
209 	0.06 	0.0 	0.0 	0.0 	0.0 	0.07 	0.0 	0.0 	0.02 	0.06 	0.68 	0.0 	0.0 	0.05 	0.0 	0.0 	0.0 	0.03 	0.0 	0.0 	
210 	0.01 	0.03 	0.13 	0.38 	0.0 	0.01 	0.0 	0.15 	0.0 	0.0 	0.01 	0.0 	0.02 	0.0 	0.2 	0.0 	0.03 	0.0 	0.0 	0.0 	
211 	0.11 	0.13 	0.01 	0.09 	0.02 	0.08 	0.1 	0.01 	0.0 	0.01 	0.01 	0.23 	0.0 	0.01 	0.08 	0.07 	0.01 	0.0 	0.01 	0.01 	
212 	0.1 	0.06 	0.18 	0.06 	0.0 	0.07 	0.03 	0.16 	0.0 	0.0 	0.03 	0.11 	0.0 	0.0 	0.0 	0.11 	0.04 	0.0 	0.0 	0.02 	
213 	0.0 	0.04 	0.0 	0.0 	0.0 	0.0 	0.0 	0.0 	0.0 	0.11 	0.76 	0.0 	0.07 	0.0 	0.0 	0.0 	0.0 	0.0 	0.0 	0.0 	
214 	0.08 	0.03 	0.0 	0.01 	0.0 	0.06 	0.14 	0.09 	0.02 	0.0 	0.02 	0.21 	0.0 	0.02 	0.21 	0.1 	0.01 	0.0 	0.0 	0.0 	
215 	0.04 	0.14 	0.04 	0.0 	0.0 	0.02 	0.08 	0.0 	0.0 	0.0 	0.09 	0.0 	0.02 	0.0 	0.36 	0.02 	0.06 	0.0 	0.04 	0.07 	
216 	0.0 	0.0 	0.02 	0.0 	0.0 	0.0 	0.0 	0.9 	0.0 	0.0 	0.01 	0.0 	0.0 	0.0 	0.0 	0.04 	0.0 	0.0 	0.0 	0.0 	
217 	0.08 	0.02 	0.02 	0.08 	0.02 	0.17 	0.24 	0.12 	0.0 	0.0 	0.01 	0.12 	0.0 	0.0 	0.0 	0.03 	0.09 	0.0 	0.0 	0.0 	
218 	0.05 	0.0 	0.0 	0.0 	0.0 	0.0 	0.0 	0.0 	0.03 	0.0 	0.09 	0.0 	0.0 	0.03 	0.0 	0.07 	0.0 	0.35 	0.3 	0.05 	
219 	0.0 	0.46 	0.0 	0.0 	0.0 	0.06 	0.02 	0.0 	0.0 	0.06 	0.01 	0.17 	0.09 	0.0 	0.0 	0.02 	0.04 	0.0 	0.0 	0.04 	
220 	0.04 	0.0 	0.0 	0.03 	0.0 	0.02 	0.43 	0.0 	0.0 	0.03 	0.02 	0.07 	0.02 	0.09 	0.14 	0.02 	0.02 	0.0 	0.04 	0.0 	
221 	0.0 	0.0 	0.0 	0.0 	0.0 	0.0 	0.0 	0.0 	0.0 	0.11 	0.68 	0.05 	0.04 	0.0 	0.0 	0.0 	0.0 	0.0 	0.0 	0.08 	
222 	0.03 	0.02 	0.2 	0.08 	0.0 	0.0 	0.01 	0.07 	0.04 	0.0 	0.02 	0.03 	0.0 	0.0 	0.06 	0.12 	0.33 	0.0 	0.0 	0.0 	
223 	0.07 	0.05 	0.13 	0.1 	0.0 	0.15 	0.07 	0.0 	0.0 	0.0 	0.2 	0.08 	0.0 	0.0 	0.06 	0.06 	0.02 	0.0 	0.0 	0.0 	
224 	0.03 	0.02 	0.06 	0.07 	0.0 	0.07 	0.3 	0.02 	0.08 	0.02 	0.0 	0.12 	0.0 	0.0 	0.0 	0.09 	0.06 	0.02 	0.0 	0.02 	
225 	0.01 	0.0 	0.07 	0.03 	0.0 	0.11 	0.52 	0.0 	0.0 	0.06 	0.02 	0.14 	0.0 	0.02 	0.0 	0.02 	0.0 	0.0 	0.0 	0.0 	
226 	0.0 	0.0 	0.0 	0.0 	0.0 	0.0 	0.0 	0.0 	0.0 	0.4 	0.25 	0.0 	0.0 	0.0 	0.0 	0.08 	0.03 	0.0 	0.05 	0.2 	
227 	0.1 	0.05 	0.29 	0.1 	0.0 	0.0 	0.1 	0.02 	0.0 	0.04 	0.0 	0.27 	0.0 	0.0 	0.0 	0.0 	0.03 	0.0 	0.0 	0.0 	
228 	0.22 	0.11 	0.04 	0.04 	0.0 	0.08 	0.07 	0.0 	0.0 	0.02 	0.03 	0.12 	0.0 	0.0 	0.0 	0.14 	0.0 	0.0 	0.1 	0.03 	
229 	0.0 	0.0 	0.0 	0.0 	0.0 	0.0 	0.0 	0.0 	0.0 	0.07 	0.85 	0.0 	0.0 	0.0 	0.0 	0.0 	0.0 	0.0 	0.0 	0.09 	
230 	0.0 	0.0 	0.0 	0.0 	0.0 	0.0 	0.0 	0.0 	0.0 	0.28 	0.4 	0.0 	0.0 	0.0 	0.0 	0.0 	0.0 	0.0 	0.0 	0.32 	
