	A 	R 	N 	D 	C 	Q 	E 	G 	H 	I 	L 	K 	M 	F 	P 	S 	T 	W 	Y 	V 	
1 	0.0 	0.0 	0.0 	0.0 	0.0 	0.0 	0.0 	0.0 	0.0 	0.5 	0.0 	0.0 	0.5 	0.0 	0.0 	0.0 	0.0 	0.0 	0.0 	0.0 	
2 	0.0 	0.0 	0.0 	0.0 	0.0 	0.0 	0.0 	0.0 	0.0 	0.5 	0.0 	0.0 	0.0 	0.0 	0.0 	0.0 	0.5 	0.0 	0.0 	0.0 	
3 	0.0 	0.0 	0.0 	0.0 	0.0 	0.0 	0.0 	0.0 	0.0 	0.0 	0.0 	0.0 	0.0 	0.0 	0.0 	0.0 	0.68 	0.0 	0.0 	0.32 	
4 	0.0 	0.0 	0.0 	0.36 	0.0 	0.32 	0.32 	0.0 	0.0 	0.0 	0.0 	0.0 	0.0 	0.0 	0.0 	0.0 	0.0 	0.0 	0.0 	0.0 	
5 	0.22 	0.0 	0.0 	0.0 	0.0 	0.0 	0.78 	0.0 	0.0 	0.0 	0.0 	0.0 	0.0 	0.0 	0.0 	0.0 	0.0 	0.0 	0.0 	0.0 	
6 	0.0 	0.0 	0.55 	0.0 	0.0 	0.22 	0.0 	0.0 	0.0 	0.0 	0.23 	0.0 	0.0 	0.0 	0.0 	0.0 	0.0 	0.0 	0.0 	0.0 	
7 	0.0 	0.45 	0.0 	0.0 	0.0 	0.0 	0.0 	0.0 	0.0 	0.0 	0.0 	0.55 	0.0 	0.0 	0.0 	0.0 	0.0 	0.0 	0.0 	0.0 	
8 	0.0 	0.0 	0.0 	0.0 	0.0 	0.23 	0.0 	0.0 	0.0 	0.0 	0.0 	0.77 	0.0 	0.0 	0.0 	0.0 	0.0 	0.0 	0.0 	0.0 	
9 	0.23 	0.0 	0.0 	0.0 	0.0 	0.0 	0.0 	0.0 	0.0 	0.47 	0.3 	0.0 	0.0 	0.0 	0.0 	0.0 	0.0 	0.0 	0.0 	0.0 	
10 	0.3 	0.0 	0.0 	0.0 	0.0 	0.0 	0.0 	0.0 	0.0 	0.0 	0.22 	0.0 	0.0 	0.0 	0.0 	0.0 	0.0 	0.0 	0.0 	0.48 	
11 	0.0 	0.0 	0.0 	0.0 	0.0 	0.3 	0.47 	0.0 	0.0 	0.0 	0.0 	0.0 	0.0 	0.0 	0.0 	0.23 	0.0 	0.0 	0.0 	0.0 	
12 	0.0 	0.0 	0.0 	0.0 	0.0 	0.0 	0.22 	0.0 	0.0 	0.0 	0.0 	0.0 	0.0 	0.23 	0.0 	0.0 	0.0 	0.3 	0.25 	0.0 	
13 	0.75 	0.0 	0.0 	0.0 	0.0 	0.0 	0.0 	0.0 	0.0 	0.25 	0.0 	0.0 	0.0 	0.0 	0.0 	0.0 	0.0 	0.0 	0.0 	0.0 	
14 	0.0 	0.0 	0.0 	0.0 	0.0 	0.0 	0.0 	0.0 	0.0 	0.0 	0.25 	0.0 	0.3 	0.0 	0.0 	0.0 	0.0 	0.0 	0.0 	0.45 	
15 	0.0 	0.0 	0.25 	0.3 	0.0 	0.0 	0.23 	0.0 	0.0 	0.0 	0.0 	0.0 	0.0 	0.0 	0.0 	0.22 	0.0 	0.0 	0.0 	0.0 	
16 	0.0 	0.0 	0.0 	0.0 	0.0 	0.0 	0.0 	0.0 	0.0 	0.0 	0.48 	0.0 	0.0 	0.0 	0.0 	0.0 	0.22 	0.0 	0.3 	0.0 	
17 	1.0 	0.0 	0.0 	0.0 	0.0 	0.0 	0.0 	0.0 	0.0 	0.0 	0.0 	0.0 	0.0 	0.0 	0.0 	0.0 	0.0 	0.0 	0.0 	0.0 	
18 	0.02 	0.01 	0.01 	0.01 	0.0 	0.01 	0.02 	0.02 	0.01 	0.01 	0.54 	0.01 	0.01 	0.01 	0.01 	0.02 	0.24 	0.0 	0.01 	0.02 	
19 	0.25 	0.0 	0.0 	0.0 	0.0 	0.0 	0.22 	0.0 	0.0 	0.0 	0.0 	0.53 	0.0 	0.0 	0.0 	0.0 	0.0 	0.0 	0.0 	0.0 	
20 	0.23 	0.0 	0.55 	0.0 	0.0 	0.0 	0.0 	0.22 	0.0 	0.0 	0.0 	0.0 	0.0 	0.0 	0.0 	0.0 	0.0 	0.0 	0.0 	0.0 	
21 	0.0 	0.0 	0.0 	0.0 	0.0 	0.0 	0.0 	0.53 	0.25 	0.0 	0.0 	0.22 	0.0 	0.0 	0.0 	0.0 	0.0 	0.0 	0.0 	0.0 	
22 	0.23 	0.0 	0.0 	0.0 	0.3 	0.0 	0.0 	0.0 	0.0 	0.0 	0.0 	0.0 	0.0 	0.0 	0.0 	0.47 	0.0 	0.0 	0.0 	0.0 	
23 	0.0 	0.0 	0.0 	0.22 	0.0 	0.3 	0.0 	0.0 	0.0 	0.0 	0.0 	0.0 	0.0 	0.0 	0.0 	0.23 	0.0 	0.0 	0.0 	0.25 	
24 	0.53 	0.0 	0.0 	0.0 	0.0 	0.0 	0.0 	0.22 	0.0 	0.0 	0.0 	0.0 	0.0 	0.25 	0.0 	0.0 	0.0 	0.0 	0.0 	0.0 	
25 	0.38 	0.0 	0.0 	0.0 	0.0 	0.0 	0.0 	0.0 	0.0 	0.0 	0.0 	0.0 	0.0 	0.0 	0.0 	0.19 	0.25 	0.0 	0.0 	0.17 	
26 	0.17 	0.0 	0.0 	0.0 	0.0 	0.0 	0.61 	0.0 	0.0 	0.0 	0.0 	0.22 	0.0 	0.0 	0.0 	0.0 	0.0 	0.0 	0.0 	0.0 	
27 	0.0 	0.0 	0.0 	0.0 	0.0 	0.0 	0.0 	0.0 	0.0 	0.2 	0.0 	0.0 	0.0 	0.0 	0.0 	0.0 	0.0 	0.0 	0.0 	0.8 	
28 	0.13 	0.2 	0.0 	0.0 	0.0 	0.0 	0.0 	0.0 	0.0 	0.0 	0.37 	0.0 	0.0 	0.0 	0.0 	0.0 	0.14 	0.0 	0.0 	0.16 	
29 	0.0 	0.0 	0.0 	0.0 	0.0 	0.0 	0.0 	0.0 	0.0 	0.16 	0.37 	0.14 	0.0 	0.2 	0.0 	0.0 	0.0 	0.0 	0.0 	0.13 	
30 	0.0 	0.0 	0.0 	0.0 	0.0 	0.0 	0.3 	0.0 	0.0 	0.0 	0.0 	0.0 	0.0 	0.16 	0.0 	0.11 	0.0 	0.0 	0.14 	0.29 	
31 	0.0 	0.0 	0.0 	0.0 	0.0 	0.16 	0.0 	0.16 	0.0 	0.0 	0.0 	0.42 	0.0 	0.0 	0.0 	0.26 	0.0 	0.0 	0.0 	0.0 	
32 	0.0 	0.0 	0.14 	0.0 	0.0 	0.0 	0.16 	0.12 	0.0 	0.0 	0.0 	0.0 	0.0 	0.0 	0.0 	0.47 	0.11 	0.0 	0.0 	0.0 	
33 	0.0 	0.0 	0.0 	0.0 	0.14 	0.0 	0.16 	0.0 	0.0 	0.0 	0.12 	0.0 	0.0 	0.0 	0.0 	0.29 	0.11 	0.0 	0.17 	0.0 	
34 	0.0 	0.0 	0.29 	0.0 	0.0 	0.0 	0.17 	0.41 	0.0 	0.0 	0.0 	0.0 	0.0 	0.0 	0.0 	0.12 	0.0 	0.0 	0.0 	0.0 	
35 	0.0 	0.0 	0.0 	0.0 	0.0 	0.0 	0.0 	0.0 	0.0 	0.11 	0.0 	0.0 	0.0 	0.0 	0.0 	0.0 	0.46 	0.0 	0.0 	0.43 	
36 	0.01 	0.01 	0.01 	0.14 	0.0 	0.17 	0.01 	0.01 	0.0 	0.01 	0.01 	0.01 	0.0 	0.01 	0.01 	0.55 	0.01 	0.0 	0.01 	0.01 	
37 	0.12 	0.0 	0.0 	0.0 	0.0 	0.0 	0.0 	0.0 	0.0 	0.32 	0.0 	0.0 	0.0 	0.14 	0.0 	0.0 	0.0 	0.0 	0.0 	0.42 	
38 	0.0 	0.12 	0.0 	0.17 	0.0 	0.0 	0.14 	0.0 	0.0 	0.0 	0.14 	0.0 	0.0 	0.0 	0.0 	0.28 	0.16 	0.0 	0.0 	0.0 	
39 	0.0 	0.0 	0.0 	0.0 	0.0 	0.0 	0.0 	0.0 	0.0 	0.14 	0.75 	0.0 	0.0 	0.0 	0.0 	0.0 	0.11 	0.0 	0.0 	0.0 	
40 	0.0 	0.55 	0.0 	0.0 	0.0 	0.12 	0.0 	0.0 	0.0 	0.0 	0.0 	0.33 	0.0 	0.0 	0.0 	0.0 	0.0 	0.0 	0.0 	0.0 	
41 	0.0 	0.0 	0.0 	0.29 	0.0 	0.0 	0.24 	0.0 	0.0 	0.0 	0.0 	0.0 	0.0 	0.0 	0.0 	0.47 	0.0 	0.0 	0.0 	0.0 	
42 	0.03 	0.02 	0.01 	0.02 	0.01 	0.01 	0.02 	0.02 	0.01 	0.14 	0.03 	0.02 	0.14 	0.01 	0.02 	0.02 	0.02 	0.0 	0.01 	0.44 	
43 	0.0 	0.0 	0.14 	0.47 	0.0 	0.0 	0.24 	0.16 	0.0 	0.0 	0.0 	0.0 	0.0 	0.0 	0.0 	0.0 	0.0 	0.0 	0.0 	0.0 	
44 	0.0 	0.14 	0.24 	0.0 	0.0 	0.16 	0.0 	0.0 	0.0 	0.0 	0.0 	0.16 	0.0 	0.0 	0.0 	0.31 	0.0 	0.0 	0.0 	0.0 	
45 	0.0 	0.0 	0.0 	0.0 	0.0 	0.0 	0.0 	0.0 	0.0 	0.29 	0.14 	0.0 	0.0 	0.17 	0.0 	0.0 	0.0 	0.0 	0.0 	0.4 	
46 	0.0 	0.0 	0.0 	0.0 	0.0 	0.31 	0.69 	0.0 	0.0 	0.0 	0.0 	0.0 	0.0 	0.0 	0.0 	0.0 	0.0 	0.0 	0.0 	0.0 	
47 	0.0 	0.0 	0.0 	0.0 	0.0 	0.14 	0.16 	0.0 	0.0 	0.0 	0.0 	0.0 	0.0 	0.37 	0.0 	0.0 	0.33 	0.0 	0.0 	0.0 	
48 	0.14 	0.0 	0.25 	0.0 	0.0 	0.0 	0.0 	0.17 	0.0 	0.16 	0.16 	0.0 	0.0 	0.0 	0.0 	0.0 	0.12 	0.0 	0.0 	0.0 	
49 	0.0 	0.0 	0.1 	0.0 	0.0 	0.0 	0.0 	0.0 	0.0 	0.16 	0.0 	0.11 	0.0 	0.0 	0.0 	0.63 	0.0 	0.0 	0.0 	0.0 	
50 	0.0 	0.0 	0.11 	0.31 	0.0 	0.0 	0.28 	0.0 	0.0 	0.0 	0.0 	0.0 	0.0 	0.0 	0.0 	0.31 	0.0 	0.0 	0.0 	0.0 	
51 	0.0 	0.0 	0.11 	0.0 	0.0 	0.0 	0.0 	0.73 	0.0 	0.0 	0.0 	0.0 	0.0 	0.0 	0.0 	0.0 	0.0 	0.0 	0.16 	0.0 	
52 	0.2 	0.0 	0.0 	0.0 	0.0 	0.0 	0.0 	0.69 	0.0 	0.11 	0.0 	0.0 	0.0 	0.0 	0.0 	0.0 	0.0 	0.0 	0.0 	0.0 	
53 	0.0 	0.0 	0.0 	0.0 	0.0 	0.0 	0.0 	0.16 	0.0 	0.16 	0.54 	0.0 	0.0 	0.0 	0.0 	0.0 	0.0 	0.0 	0.0 	0.15 	
54 	0.15 	0.0 	0.0 	0.0 	0.0 	0.16 	0.0 	0.36 	0.0 	0.0 	0.0 	0.0 	0.0 	0.11 	0.0 	0.12 	0.11 	0.0 	0.0 	0.0 	
55 	0.0 	0.0 	0.0 	0.0 	0.0 	0.0 	0.0 	0.0 	0.0 	0.42 	0.12 	0.0 	0.0 	0.0 	0.0 	0.0 	0.0 	0.0 	0.0 	0.46 	
56 	0.0 	0.46 	0.0 	0.0 	0.0 	0.0 	0.0 	0.0 	0.0 	0.0 	0.0 	0.0 	0.0 	0.0 	0.0 	0.23 	0.31 	0.0 	0.0 	0.0 	
57 	0.0 	0.0 	0.0 	0.0 	0.0 	0.0 	0.0 	0.0 	0.0 	0.0 	0.12 	0.0 	0.0 	0.0 	0.0 	0.0 	0.0 	0.0 	0.0 	0.88 	
58 	0.0 	0.0 	0.0 	0.0 	0.16 	0.0 	0.0 	0.0 	0.0 	0.16 	0.15 	0.0 	0.0 	0.0 	0.0 	0.0 	0.0 	0.0 	0.54 	0.0 	
59 	0.0 	0.0 	0.11 	0.0 	0.0 	0.0 	0.0 	0.0 	0.25 	0.0 	0.0 	0.27 	0.1 	0.0 	0.0 	0.0 	0.0 	0.0 	0.15 	0.12 	
60 	0.0 	0.0 	0.11 	0.28 	0.0 	0.25 	0.0 	0.1 	0.0 	0.0 	0.0 	0.25 	0.0 	0.0 	0.0 	0.0 	0.0 	0.0 	0.0 	0.0 	
61 	0.0 	0.0 	0.35 	0.0 	0.0 	0.1 	0.0 	0.44 	0.0 	0.0 	0.0 	0.0 	0.0 	0.11 	0.0 	0.0 	0.0 	0.0 	0.0 	0.0 	
62 	0.0 	0.33 	0.0 	0.0 	0.0 	0.1 	0.0 	0.3 	0.0 	0.0 	0.0 	0.16 	0.0 	0.0 	0.0 	0.11 	0.0 	0.0 	0.0 	0.0 	
63 	0.0 	0.0 	0.0 	0.0 	0.0 	0.0 	0.0 	0.0 	0.0 	0.0 	0.0 	0.42 	0.0 	0.0 	0.0 	0.0 	0.0 	0.3 	0.12 	0.16 	
64 	0.0 	0.0 	0.0 	0.0 	0.0 	0.0 	0.0 	1.0 	0.0 	0.0 	0.0 	0.0 	0.0 	0.0 	0.0 	0.0 	0.0 	0.0 	0.0 	0.0 	
65 	0.0 	0.0 	0.1 	0.0 	0.0 	0.0 	0.0 	0.0 	0.0 	0.0 	0.0 	0.0 	0.11 	0.46 	0.0 	0.33 	0.0 	0.0 	0.0 	0.0 	
66 	0.51 	0.0 	0.0 	0.0 	0.0 	0.0 	0.0 	0.0 	0.0 	0.12 	0.0 	0.0 	0.0 	0.0 	0.0 	0.0 	0.0 	0.0 	0.0 	0.36 	
67 	0.0 	0.0 	0.0 	0.0 	0.0 	0.0 	0.0 	0.0 	0.0 	0.0 	0.0 	0.0 	0.0 	0.0 	0.0 	0.69 	0.15 	0.0 	0.16 	0.0 	
68 	0.16 	0.0 	0.0 	0.0 	0.0 	0.0 	0.0 	0.0 	0.0 	0.0 	0.0 	0.0 	0.0 	0.16 	0.0 	0.46 	0.23 	0.0 	0.0 	0.0 	
69 	0.0 	0.0 	0.58 	0.0 	0.0 	0.0 	0.0 	0.0 	0.0 	0.0 	0.0 	0.11 	0.0 	0.0 	0.0 	0.1 	0.21 	0.0 	0.0 	0.0 	
70 	0.0 	0.28 	0.0 	0.42 	0.0 	0.0 	0.0 	0.0 	0.0 	0.15 	0.0 	0.16 	0.0 	0.0 	0.0 	0.0 	0.0 	0.0 	0.0 	0.0 	
71 	0.0 	0.0 	0.0 	0.0 	0.0 	0.0 	0.0 	0.0 	0.0 	0.0 	0.43 	0.0 	0.0 	0.27 	0.0 	0.0 	0.0 	0.16 	0.0 	0.15 	
72 	0.01 	0.01 	0.13 	0.17 	0.0 	0.01 	0.01 	0.01 	0.0 	0.01 	0.01 	0.01 	0.0 	0.01 	0.01 	0.58 	0.01 	0.0 	0.0 	0.01 	
73 	0.01 	0.13 	0.01 	0.01 	0.0 	0.01 	0.42 	0.01 	0.0 	0.12 	0.01 	0.01 	0.0 	0.12 	0.1 	0.01 	0.01 	0.0 	0.0 	0.01 	
74 	0.0 	0.0 	0.16 	0.0 	0.0 	0.1 	0.3 	0.0 	0.0 	0.0 	0.0 	0.34 	0.0 	0.0 	0.0 	0.1 	0.0 	0.0 	0.0 	0.0 	
75 	0.2 	0.0 	0.11 	0.0 	0.0 	0.16 	0.27 	0.0 	0.0 	0.16 	0.0 	0.0 	0.0 	0.0 	0.0 	0.11 	0.0 	0.0 	0.0 	0.0 	
76 	0.0 	0.0 	0.0 	0.0 	0.0 	0.0 	0.0 	0.0 	0.0 	0.56 	0.28 	0.0 	0.0 	0.0 	0.0 	0.0 	0.0 	0.0 	0.0 	0.16 	
77 	0.1 	0.16 	0.0 	0.0 	0.0 	0.0 	0.27 	0.0 	0.11 	0.0 	0.0 	0.21 	0.0 	0.0 	0.0 	0.0 	0.0 	0.0 	0.16 	0.0 	
78 	0.0 	0.1 	0.32 	0.0 	0.0 	0.16 	0.0 	0.0 	0.0 	0.0 	0.0 	0.31 	0.0 	0.0 	0.0 	0.0 	0.12 	0.0 	0.0 	0.0 	
79 	0.24 	0.15 	0.0 	0.0 	0.0 	0.0 	0.0 	0.0 	0.0 	0.0 	0.14 	0.0 	0.09 	0.2 	0.0 	0.0 	0.09 	0.0 	0.0 	0.09 	
80 	0.0 	0.0 	0.0 	0.0 	0.0 	0.0 	0.0 	0.0 	0.0 	0.25 	0.24 	0.0 	0.15 	0.09 	0.0 	0.09 	0.0 	0.0 	0.0 	0.18 	
81 	0.01 	0.01 	0.01 	0.1 	0.0 	0.09 	0.25 	0.01 	0.0 	0.01 	0.01 	0.27 	0.0 	0.01 	0.01 	0.1 	0.1 	0.0 	0.0 	0.01 	
82 	0.19 	0.01 	0.35 	0.01 	0.0 	0.01 	0.16 	0.01 	0.0 	0.1 	0.01 	0.01 	0.0 	0.01 	0.01 	0.1 	0.01 	0.0 	0.0 	0.01 	
83 	0.44 	0.01 	0.01 	0.02 	0.01 	0.01 	0.02 	0.22 	0.01 	0.01 	0.03 	0.02 	0.01 	0.01 	0.02 	0.02 	0.02 	0.0 	0.01 	0.11 	
84 	0.02 	0.01 	0.01 	0.02 	0.01 	0.01 	0.02 	0.02 	0.01 	0.45 	0.21 	0.02 	0.1 	0.01 	0.02 	0.02 	0.02 	0.0 	0.01 	0.02 	
85 	0.26 	0.01 	0.1 	0.21 	0.01 	0.01 	0.02 	0.12 	0.01 	0.01 	0.03 	0.1 	0.01 	0.01 	0.02 	0.02 	0.02 	0.0 	0.01 	0.02 	
86 	0.17 	0.01 	0.01 	0.02 	0.01 	0.01 	0.02 	0.02 	0.01 	0.38 	0.03 	0.1 	0.01 	0.01 	0.02 	0.13 	0.02 	0.0 	0.01 	0.02 	
87 	0.35 	0.01 	0.01 	0.02 	0.01 	0.01 	0.02 	0.02 	0.01 	0.01 	0.03 	0.02 	0.09 	0.01 	0.02 	0.11 	0.13 	0.0 	0.01 	0.11 	
88 	0.02 	0.36 	0.01 	0.02 	0.01 	0.01 	0.02 	0.02 	0.01 	0.01 	0.11 	0.2 	0.01 	0.11 	0.02 	0.02 	0.02 	0.0 	0.01 	0.02 	
89 	0.02 	0.01 	0.01 	0.02 	0.01 	0.01 	0.11 	0.02 	0.01 	0.01 	0.17 	0.02 	0.01 	0.01 	0.02 	0.02 	0.02 	0.0 	0.48 	0.02 	
90 	0.01 	0.01 	0.01 	0.01 	0.0 	0.01 	0.01 	0.01 	0.0 	0.24 	0.27 	0.01 	0.0 	0.01 	0.01 	0.19 	0.19 	0.0 	0.0 	0.01 	
91 	0.21 	0.01 	0.01 	0.01 	0.0 	0.01 	0.01 	0.16 	0.0 	0.01 	0.01 	0.01 	0.0 	0.01 	0.01 	0.37 	0.01 	0.0 	0.0 	0.16 	
92 	0.01 	0.01 	0.01 	0.16 	0.0 	0.01 	0.16 	0.01 	0.0 	0.09 	0.01 	0.12 	0.0 	0.01 	0.28 	0.1 	0.01 	0.0 	0.0 	0.01 	
93 	0.0 	0.0 	0.14 	0.86 	0.0 	0.0 	0.0 	0.0 	0.0 	0.0 	0.0 	0.0 	0.0 	0.0 	0.0 	0.0 	0.0 	0.0 	0.0 	0.0 	
94 	0.0 	0.0 	0.0 	0.09 	0.0 	0.0 	0.35 	0.0 	0.0 	0.09 	0.0 	0.29 	0.0 	0.09 	0.09 	0.0 	0.0 	0.0 	0.0 	0.0 	
95 	0.25 	0.0 	0.0 	0.0 	0.18 	0.0 	0.0 	0.0 	0.0 	0.0 	0.0 	0.0 	0.0 	0.18 	0.0 	0.09 	0.15 	0.0 	0.15 	0.0 	
96 	0.1 	0.12 	0.01 	0.01 	0.0 	0.01 	0.01 	0.01 	0.0 	0.01 	0.01 	0.1 	0.0 	0.01 	0.01 	0.19 	0.25 	0.0 	0.14 	0.01 	
97 	0.01 	0.0 	0.0 	0.0 	0.0 	0.0 	0.16 	0.37 	0.0 	0.0 	0.16 	0.14 	0.0 	0.0 	0.0 	0.01 	0.01 	0.0 	0.0 	0.11 	
98 	0.01 	0.0 	0.0 	0.0 	0.0 	0.0 	0.01 	0.01 	0.0 	0.0 	0.54 	0.01 	0.14 	0.15 	0.0 	0.01 	0.01 	0.0 	0.0 	0.09 	
99 	0.73 	0.0 	0.0 	0.0 	0.0 	0.0 	0.01 	0.01 	0.0 	0.0 	0.01 	0.01 	0.0 	0.0 	0.19 	0.01 	0.01 	0.0 	0.0 	0.01 	
100 	0.0 	0.0 	0.0 	0.47 	0.0 	0.0 	0.0 	0.0 	0.24 	0.0 	0.0 	0.14 	0.0 	0.0 	0.15 	0.0 	0.0 	0.0 	0.0 	0.0 	
101 	0.01 	0.1 	0.0 	0.0 	0.0 	0.0 	0.01 	0.01 	0.0 	0.38 	0.01 	0.1 	0.0 	0.0 	0.26 	0.01 	0.09 	0.0 	0.0 	0.01 	
102 	0.01 	0.0 	0.0 	0.25 	0.0 	0.15 	0.01 	0.01 	0.0 	0.0 	0.01 	0.19 	0.0 	0.0 	0.0 	0.34 	0.01 	0.0 	0.0 	0.01 	
103 	0.01 	0.11 	0.14 	0.01 	0.0 	0.0 	0.09 	0.01 	0.0 	0.0 	0.1 	0.25 	0.0 	0.0 	0.15 	0.09 	0.01 	0.0 	0.0 	0.01 	
104 	0.0 	0.0 	0.0 	0.09 	0.0 	0.0 	0.14 	0.0 	0.0 	0.0 	0.27 	0.0 	0.0 	0.09 	0.0 	0.0 	0.0 	0.0 	0.26 	0.15 	
105 	0.11 	0.01 	0.01 	0.01 	0.0 	0.15 	0.01 	0.01 	0.0 	0.01 	0.19 	0.01 	0.1 	0.09 	0.01 	0.01 	0.01 	0.0 	0.25 	0.01 	
106 	0.19 	0.01 	0.01 	0.01 	0.09 	0.15 	0.01 	0.01 	0.0 	0.1 	0.01 	0.12 	0.0 	0.09 	0.01 	0.15 	0.01 	0.0 	0.0 	0.01 	
107 	0.01 	0.01 	0.1 	0.01 	0.0 	0.01 	0.15 	0.12 	0.0 	0.01 	0.01 	0.01 	0.0 	0.28 	0.01 	0.1 	0.16 	0.0 	0.0 	0.01 	
108 	0.01 	0.01 	0.01 	0.19 	0.0 	0.01 	0.01 	0.21 	0.09 	0.01 	0.01 	0.24 	0.0 	0.15 	0.01 	0.01 	0.01 	0.0 	0.0 	0.01 	
109 	0.18 	0.0 	0.0 	0.0 	0.0 	0.0 	0.14 	0.0 	0.0 	0.15 	0.09 	0.26 	0.0 	0.0 	0.0 	0.09 	0.0 	0.0 	0.0 	0.09 	
110 	0.0 	0.0 	0.15 	0.0 	0.0 	0.0 	0.15 	0.0 	0.0 	0.14 	0.0 	0.09 	0.09 	0.0 	0.38 	0.0 	0.0 	0.0 	0.0 	0.0 	
111 	0.0 	0.0 	0.0 	0.47 	0.0 	0.0 	0.09 	0.0 	0.0 	0.14 	0.0 	0.0 	0.0 	0.0 	0.3 	0.0 	0.0 	0.0 	0.0 	0.0 	
112 	0.09 	0.0 	0.0 	0.0 	0.0 	0.0 	0.0 	0.0 	0.0 	0.0 	0.76 	0.15 	0.0 	0.0 	0.0 	0.0 	0.0 	0.0 	0.0 	0.0 	
113 	0.0 	0.0 	0.0 	0.27 	0.0 	0.0 	0.09 	0.15 	0.0 	0.0 	0.0 	0.34 	0.0 	0.0 	0.0 	0.0 	0.15 	0.0 	0.0 	0.0 	
114 	0.0 	0.0 	0.0 	0.14 	0.0 	0.0 	0.0 	0.15 	0.0 	0.0 	0.47 	0.0 	0.15 	0.09 	0.0 	0.0 	0.0 	0.0 	0.0 	0.0 	
115 	0.0 	0.0 	0.0 	0.0 	0.0 	0.0 	0.0 	0.0 	0.0 	0.0 	0.09 	0.15 	0.0 	0.33 	0.0 	0.0 	0.0 	0.0 	0.44 	0.0 	
116 	0.0 	0.0 	0.0 	0.26 	0.09 	0.0 	0.0 	0.0 	0.36 	0.0 	0.0 	0.14 	0.0 	0.0 	0.0 	0.0 	0.0 	0.0 	0.15 	0.0 	
117 	0.42 	0.0 	0.0 	0.08 	0.0 	0.0 	0.0 	0.0 	0.0 	0.0 	0.0 	0.14 	0.0 	0.07 	0.29 	0.0 	0.0 	0.0 	0.0 	0.0 	
118 	0.03 	0.27 	0.01 	0.02 	0.01 	0.01 	0.16 	0.02 	0.01 	0.02 	0.03 	0.19 	0.12 	0.01 	0.02 	0.02 	0.02 	0.0 	0.01 	0.02 	
119 	0.09 	0.02 	0.01 	0.02 	0.01 	0.13 	0.02 	0.02 	0.01 	0.25 	0.12 	0.02 	0.01 	0.1 	0.02 	0.02 	0.02 	0.0 	0.1 	0.02 	
120 	0.34 	0.0 	0.0 	0.0 	0.0 	0.07 	0.0 	0.11 	0.0 	0.12 	0.13 	0.0 	0.0 	0.0 	0.0 	0.0 	0.09 	0.15 	0.0 	0.0 	
121 	0.09 	0.0 	0.0 	0.35 	0.0 	0.0 	0.15 	0.0 	0.0 	0.0 	0.0 	0.11 	0.0 	0.0 	0.0 	0.3 	0.0 	0.0 	0.0 	0.0 	
122 	0.0 	0.0 	0.0 	0.0 	0.0 	0.0 	0.0 	0.0 	0.0 	0.37 	0.41 	0.0 	0.0 	0.07 	0.0 	0.0 	0.0 	0.08 	0.0 	0.07 	
123 	0.12 	0.0 	0.51 	0.3 	0.0 	0.0 	0.0 	0.0 	0.0 	0.0 	0.0 	0.0 	0.0 	0.0 	0.0 	0.07 	0.0 	0.0 	0.0 	0.0 	
124 	0.01 	0.01 	0.01 	0.01 	0.0 	0.01 	0.13 	0.01 	0.0 	0.23 	0.01 	0.01 	0.0 	0.0 	0.37 	0.01 	0.1 	0.0 	0.0 	0.09 	
125 	0.01 	0.01 	0.08 	0.25 	0.0 	0.09 	0.3 	0.01 	0.0 	0.01 	0.01 	0.07 	0.0 	0.0 	0.01 	0.01 	0.11 	0.0 	0.0 	0.01 	
126 	0.0 	0.0 	0.14 	0.32 	0.0 	0.0 	0.07 	0.0 	0.08 	0.0 	0.0 	0.39 	0.0 	0.0 	0.0 	0.0 	0.0 	0.0 	0.0 	0.0 	
127 	0.37 	0.0 	0.0 	0.11 	0.0 	0.0 	0.0 	0.0 	0.0 	0.0 	0.13 	0.39 	0.0 	0.0 	0.0 	0.0 	0.0 	0.0 	0.0 	0.0 	
128 	0.0 	0.0 	0.0 	0.0 	0.0 	0.0 	0.0 	0.0 	0.0 	0.58 	0.22 	0.12 	0.0 	0.0 	0.0 	0.0 	0.08 	0.0 	0.0 	0.0 	
129 	0.12 	0.0 	0.07 	0.0 	0.0 	0.0 	0.74 	0.0 	0.0 	0.0 	0.0 	0.07 	0.0 	0.0 	0.0 	0.0 	0.0 	0.0 	0.0 	0.0 	
130 	0.0 	0.0 	0.0 	0.13 	0.0 	0.0 	0.11 	0.0 	0.0 	0.17 	0.37 	0.0 	0.17 	0.07 	0.0 	0.0 	0.0 	0.0 	0.0 	0.0 	
131 	0.39 	0.0 	0.0 	0.0 	0.12 	0.0 	0.0 	0.0 	0.0 	0.0 	0.31 	0.11 	0.0 	0.0 	0.0 	0.07 	0.0 	0.0 	0.0 	0.0 	
132 	0.07 	0.0 	0.09 	0.12 	0.0 	0.0 	0.0 	0.0 	0.09 	0.2 	0.08 	0.28 	0.0 	0.0 	0.0 	0.07 	0.0 	0.0 	0.0 	0.0 	
133 	0.09 	0.16 	0.0 	0.0 	0.0 	0.08 	0.17 	0.0 	0.12 	0.0 	0.24 	0.0 	0.0 	0.0 	0.0 	0.0 	0.13 	0.0 	0.0 	0.0 	
134 	0.15 	0.0 	0.0 	0.0 	0.0 	0.0 	0.0 	0.0 	0.0 	0.2 	0.0 	0.0 	0.13 	0.0 	0.0 	0.22 	0.0 	0.0 	0.12 	0.18 	
135 	0.09 	0.13 	0.21 	0.09 	0.0 	0.0 	0.37 	0.0 	0.0 	0.11 	0.0 	0.0 	0.0 	0.0 	0.0 	0.0 	0.0 	0.0 	0.0 	0.0 	
136 	0.0 	0.24 	0.0 	0.25 	0.09 	0.15 	0.09 	0.0 	0.0 	0.11 	0.0 	0.07 	0.0 	0.0 	0.0 	0.0 	0.0 	0.0 	0.0 	0.0 	
137 	0.15 	0.0 	0.0 	0.11 	0.0 	0.0 	0.24 	0.0 	0.0 	0.13 	0.12 	0.0 	0.0 	0.0 	0.0 	0.07 	0.09 	0.0 	0.0 	0.09 	
138 	0.77 	0.0 	0.0 	0.0 	0.0 	0.0 	0.0 	0.0 	0.0 	0.0 	0.12 	0.0 	0.0 	0.0 	0.0 	0.0 	0.11 	0.0 	0.0 	0.0 	
139 	0.0 	0.21 	0.0 	0.0 	0.0 	0.0 	0.0 	0.0 	0.0 	0.0 	0.37 	0.09 	0.0 	0.22 	0.0 	0.0 	0.0 	0.0 	0.11 	0.0 	
140 	0.09 	0.0 	0.09 	0.13 	0.0 	0.15 	0.07 	0.21 	0.0 	0.0 	0.0 	0.25 	0.0 	0.0 	0.0 	0.0 	0.0 	0.0 	0.0 	0.0 	
141 	0.15 	0.0 	0.23 	0.0 	0.0 	0.0 	0.17 	0.0 	0.0 	0.0 	0.0 	0.09 	0.0 	0.07 	0.0 	0.07 	0.12 	0.0 	0.09 	0.0 	
142 	0.0 	0.0 	0.13 	0.75 	0.0 	0.0 	0.0 	0.0 	0.0 	0.0 	0.0 	0.0 	0.0 	0.0 	0.0 	0.12 	0.0 	0.0 	0.0 	0.0 	
143 	0.13 	0.0 	0.0 	0.12 	0.0 	0.0 	0.28 	0.0 	0.18 	0.0 	0.0 	0.29 	0.0 	0.0 	0.0 	0.0 	0.0 	0.0 	0.0 	0.0 	
144 	0.0 	0.65 	0.0 	0.0 	0.0 	0.0 	0.0 	0.0 	0.0 	0.13 	0.0 	0.23 	0.0 	0.0 	0.0 	0.0 	0.0 	0.0 	0.0 	0.0 	
145 	0.0 	0.0 	0.0 	0.0 	0.0 	0.0 	0.0 	0.0 	0.0 	0.69 	0.0 	0.0 	0.0 	0.0 	0.0 	0.0 	0.0 	0.0 	0.0 	0.31 	
146 	0.0 	0.0 	0.0 	0.0 	0.0 	0.0 	0.0 	0.0 	0.0 	0.32 	0.13 	0.11 	0.0 	0.0 	0.0 	0.0 	0.29 	0.0 	0.0 	0.16 	
147 	0.0 	0.0 	0.15 	0.0 	0.0 	0.0 	0.0 	0.0 	0.0 	0.0 	0.0 	0.09 	0.0 	0.0 	0.0 	0.64 	0.12 	0.0 	0.0 	0.0 	
148 	0.0 	0.0 	0.08 	0.0 	0.0 	0.0 	0.15 	0.13 	0.0 	0.11 	0.0 	0.0 	0.0 	0.0 	0.0 	0.07 	0.19 	0.0 	0.0 	0.27 	
149 	0.0 	0.0 	0.09 	0.0 	0.0 	0.0 	0.07 	0.52 	0.12 	0.0 	0.0 	0.0 	0.0 	0.0 	0.0 	0.2 	0.0 	0.0 	0.0 	0.0 	
150 	0.26 	0.0 	0.0 	0.0 	0.0 	0.0 	0.0 	0.15 	0.0 	0.0 	0.0 	0.0 	0.0 	0.0 	0.0 	0.24 	0.0 	0.0 	0.0 	0.35 	
151 	0.0 	0.12 	0.0 	0.0 	0.08 	0.0 	0.09 	0.0 	0.0 	0.0 	0.0 	0.0 	0.0 	0.07 	0.0 	0.64 	0.0 	0.0 	0.0 	0.0 	
152 	0.0 	0.0 	0.0 	0.0 	0.0 	0.0 	0.0 	0.0 	0.0 	0.0 	0.18 	0.13 	0.0 	0.37 	0.0 	0.0 	0.0 	0.0 	0.32 	0.0 	
153 	0.0 	0.0 	0.23 	0.0 	0.0 	0.0 	0.13 	0.09 	0.0 	0.0 	0.07 	0.0 	0.0 	0.0 	0.0 	0.48 	0.0 	0.0 	0.0 	0.0 	
154 	0.0 	0.0 	0.14 	0.32 	0.0 	0.0 	0.0 	0.0 	0.0 	0.0 	0.0 	0.0 	0.0 	0.0 	0.0 	0.41 	0.0 	0.0 	0.0 	0.13 	
155 	0.0 	0.0 	0.0 	0.0 	0.0 	0.0 	0.0 	0.22 	0.22 	0.0 	0.0 	0.0 	0.0 	0.0 	0.0 	0.28 	0.08 	0.0 	0.0 	0.2 	
156 	0.01 	0.09 	0.01 	0.01 	0.0 	0.13 	0.1 	0.01 	0.08 	0.07 	0.01 	0.01 	0.0 	0.11 	0.01 	0.01 	0.09 	0.0 	0.26 	0.01 	
157 	0.09 	0.01 	0.01 	0.19 	0.0 	0.13 	0.1 	0.27 	0.0 	0.01 	0.01 	0.01 	0.0 	0.0 	0.01 	0.01 	0.15 	0.0 	0.0 	0.01 	
158 	0.01 	0.0 	0.0 	0.0 	0.0 	0.0 	0.18 	0.01 	0.0 	0.07 	0.01 	0.11 	0.0 	0.17 	0.0 	0.01 	0.13 	0.0 	0.13 	0.16 	
159 	0.22 	0.11 	0.0 	0.0 	0.0 	0.0 	0.0 	0.08 	0.0 	0.0 	0.0 	0.22 	0.0 	0.0 	0.0 	0.0 	0.07 	0.0 	0.0 	0.3 	
160 	0.0 	0.13 	0.08 	0.0 	0.0 	0.0 	0.0 	0.0 	0.0 	0.18 	0.3 	0.0 	0.0 	0.0 	0.0 	0.0 	0.0 	0.0 	0.09 	0.22 	
161 	0.0 	0.09 	0.07 	0.0 	0.0 	0.0 	0.0 	0.0 	0.0 	0.18 	0.25 	0.0 	0.0 	0.25 	0.0 	0.08 	0.0 	0.0 	0.08 	0.0 	
162 	0.28 	0.0 	0.0 	0.0 	0.0 	0.0 	0.0 	0.15 	0.0 	0.13 	0.17 	0.0 	0.2 	0.0 	0.0 	0.0 	0.0 	0.0 	0.0 	0.07 	
163 	0.1 	0.0 	0.35 	0.0 	0.0 	0.0 	0.0 	0.01 	0.0 	0.2 	0.01 	0.0 	0.0 	0.08 	0.0 	0.01 	0.21 	0.0 	0.0 	0.01 	
164 	0.01 	0.0 	0.0 	0.0 	0.0 	0.0 	0.0 	0.08 	0.0 	0.0 	0.01 	0.0 	0.0 	0.0 	0.0 	0.76 	0.1 	0.0 	0.0 	0.01 	
165 	0.01 	0.0 	0.3 	0.18 	0.0 	0.0 	0.23 	0.01 	0.15 	0.0 	0.07 	0.0 	0.0 	0.0 	0.0 	0.01 	0.0 	0.0 	0.0 	0.01 	
166 	0.0 	0.0 	0.0 	0.0 	0.0 	0.0 	0.0 	1.0 	0.0 	0.0 	0.0 	0.0 	0.0 	0.0 	0.0 	0.0 	0.0 	0.0 	0.0 	0.0 	
167 	0.0 	0.0 	0.09 	0.0 	0.0 	0.0 	0.0 	0.0 	0.0 	0.11 	0.0 	0.0 	0.3 	0.09 	0.0 	0.0 	0.21 	0.0 	0.0 	0.2 	
168 	0.0 	0.0 	0.0 	0.13 	0.0 	0.0 	0.2 	0.0 	0.0 	0.08 	0.6 	0.0 	0.0 	0.0 	0.0 	0.0 	0.0 	0.0 	0.0 	0.0 	
169 	0.18 	0.0 	0.0 	0.0 	0.0 	0.15 	0.22 	0.2 	0.0 	0.0 	0.12 	0.0 	0.0 	0.0 	0.0 	0.0 	0.0 	0.0 	0.0 	0.13 	
170 	0.18 	0.0 	0.0 	0.0 	0.08 	0.07 	0.45 	0.07 	0.0 	0.0 	0.0 	0.07 	0.0 	0.0 	0.0 	0.08 	0.0 	0.0 	0.0 	0.0 	
171 	0.01 	0.01 	0.01 	0.19 	0.0 	0.01 	0.13 	0.01 	0.0 	0.11 	0.01 	0.01 	0.0 	0.0 	0.01 	0.01 	0.1 	0.0 	0.38 	0.01 	
172 	0.01 	0.01 	0.01 	0.01 	0.08 	0.13 	0.01 	0.01 	0.0 	0.19 	0.09 	0.24 	0.0 	0.0 	0.01 	0.09 	0.11 	0.0 	0.0 	0.01 	
173 	0.0 	0.29 	0.0 	0.13 	0.0 	0.12 	0.0 	0.0 	0.0 	0.0 	0.0 	0.0 	0.0 	0.0 	0.0 	0.39 	0.08 	0.0 	0.0 	0.0 	
174 	0.0 	0.0 	0.0 	0.0 	0.23 	0.0 	0.0 	0.0 	0.0 	0.0 	0.0 	0.0 	0.0 	0.0 	0.18 	0.08 	0.51 	0.0 	0.0 	0.0 	
175 	0.0 	0.27 	0.0 	0.0 	0.0 	0.0 	0.0 	0.0 	0.0 	0.09 	0.24 	0.0 	0.0 	0.0 	0.0 	0.0 	0.0 	0.2 	0.21 	0.0 	
176 	0.0 	0.0 	0.0 	0.0 	0.0 	0.0 	0.09 	0.0 	0.07 	0.08 	0.0 	0.0 	0.09 	0.11 	0.0 	0.0 	0.0 	0.11 	0.36 	0.08 	
177 	0.0 	0.16 	0.0 	0.11 	0.0 	0.0 	0.0 	0.0 	0.0 	0.0 	0.0 	0.0 	0.0 	0.0 	0.0 	0.54 	0.0 	0.0 	0.09 	0.09 	
178 	0.02 	0.01 	0.01 	0.01 	0.0 	0.01 	0.02 	0.02 	0.01 	0.01 	0.62 	0.01 	0.1 	0.01 	0.01 	0.02 	0.09 	0.0 	0.01 	0.02 	
179 	0.01 	0.1 	0.22 	0.01 	0.0 	0.0 	0.12 	0.01 	0.0 	0.01 	0.01 	0.01 	0.0 	0.0 	0.01 	0.47 	0.01 	0.0 	0.0 	0.01 	
180 	0.31 	0.0 	0.0 	0.0 	0.24 	0.0 	0.0 	0.0 	0.0 	0.16 	0.0 	0.0 	0.0 	0.0 	0.0 	0.07 	0.09 	0.0 	0.13 	0.0 	
181 	0.23 	0.0 	0.14 	0.09 	0.14 	0.0 	0.0 	0.09 	0.0 	0.0 	0.0 	0.0 	0.0 	0.0 	0.0 	0.16 	0.06 	0.0 	0.0 	0.09 	
182 	0.09 	0.0 	0.0 	0.0 	0.13 	0.0 	0.0 	0.0 	0.0 	0.2 	0.0 	0.0 	0.0 	0.0 	0.0 	0.0 	0.11 	0.0 	0.0 	0.47 	
183 	0.12 	0.01 	0.01 	0.01 	0.0 	0.01 	0.01 	0.01 	0.0 	0.08 	0.18 	0.1 	0.13 	0.01 	0.01 	0.22 	0.09 	0.0 	0.0 	0.01 	
184 	0.07 	0.0 	0.0 	0.0 	0.0 	0.0 	0.09 	0.0 	0.0 	0.57 	0.0 	0.11 	0.0 	0.0 	0.0 	0.0 	0.0 	0.0 	0.0 	0.16 	
185 	0.2 	0.09 	0.17 	0.11 	0.0 	0.0 	0.15 	0.08 	0.0 	0.0 	0.0 	0.0 	0.21 	0.0 	0.0 	0.0 	0.0 	0.0 	0.0 	0.0 	
186 	0.0 	0.0 	0.0 	0.08 	0.0 	0.0 	0.15 	0.53 	0.0 	0.0 	0.0 	0.13 	0.0 	0.0 	0.0 	0.0 	0.0 	0.0 	0.11 	0.0 	
187 	0.0 	0.0 	0.35 	0.31 	0.0 	0.0 	0.09 	0.0 	0.0 	0.0 	0.0 	0.08 	0.0 	0.0 	0.0 	0.0 	0.0 	0.0 	0.0 	0.17 	
188 	0.0 	0.0 	0.13 	0.0 	0.0 	0.0 	0.08 	0.73 	0.0 	0.0 	0.0 	0.06 	0.0 	0.0 	0.0 	0.0 	0.0 	0.0 	0.0 	0.0 	
189 	0.09 	0.0 	0.06 	0.14 	0.0 	0.0 	0.31 	0.07 	0.0 	0.0 	0.0 	0.26 	0.0 	0.0 	0.0 	0.06 	0.0 	0.0 	0.0 	0.0 	
190 	0.16 	0.0 	0.0 	0.07 	0.0 	0.0 	0.09 	0.18 	0.0 	0.0 	0.0 	0.0 	0.07 	0.0 	0.0 	0.06 	0.29 	0.0 	0.0 	0.08 	
191 	0.0 	0.35 	0.0 	0.0 	0.0 	0.0 	0.07 	0.0 	0.0 	0.0 	0.08 	0.0 	0.2 	0.0 	0.0 	0.19 	0.11 	0.0 	0.0 	0.0 	
192 	0.01 	0.07 	0.01 	0.01 	0.0 	0.2 	0.08 	0.2 	0.0 	0.01 	0.01 	0.01 	0.0 	0.09 	0.09 	0.1 	0.1 	0.0 	0.0 	0.01 	
193 	0.01 	0.2 	0.08 	0.07 	0.0 	0.0 	0.01 	0.26 	0.0 	0.01 	0.1 	0.01 	0.0 	0.0 	0.01 	0.2 	0.01 	0.0 	0.0 	0.01 	
194 	0.1 	0.12 	0.01 	0.28 	0.0 	0.1 	0.01 	0.19 	0.0 	0.01 	0.1 	0.01 	0.0 	0.01 	0.01 	0.01 	0.01 	0.0 	0.01 	0.01 	
195 	0.01 	0.12 	0.01 	0.09 	0.0 	0.0 	0.01 	0.01 	0.0 	0.01 	0.01 	0.01 	0.0 	0.39 	0.01 	0.09 	0.01 	0.0 	0.23 	0.01 	
196 	0.08 	0.09 	0.01 	0.07 	0.0 	0.0 	0.08 	0.21 	0.0 	0.01 	0.1 	0.01 	0.0 	0.0 	0.01 	0.14 	0.01 	0.17 	0.0 	0.01 	
197 	0.0 	0.0 	0.0 	0.0 	0.0 	0.0 	0.0 	0.0 	0.0 	0.0 	0.0 	0.0 	0.0 	0.25 	0.0 	0.17 	0.0 	0.0 	0.58 	0.0 	
198 	0.01 	0.0 	0.0 	0.0 	0.0 	0.0 	0.3 	0.2 	0.0 	0.0 	0.01 	0.1 	0.0 	0.0 	0.0 	0.2 	0.15 	0.0 	0.0 	0.01 	
199 	0.0 	0.09 	0.0 	0.11 	0.11 	0.0 	0.0 	0.0 	0.0 	0.14 	0.06 	0.09 	0.0 	0.08 	0.0 	0.09 	0.06 	0.0 	0.08 	0.07 	
200 	0.0 	0.11 	0.0 	0.09 	0.0 	0.09 	0.08 	0.07 	0.0 	0.0 	0.11 	0.0 	0.0 	0.0 	0.0 	0.44 	0.0 	0.0 	0.0 	0.0 	
201 	0.0 	0.34 	0.09 	0.0 	0.0 	0.0 	0.11 	0.0 	0.0 	0.0 	0.09 	0.0 	0.09 	0.08 	0.0 	0.0 	0.11 	0.0 	0.0 	0.08 	
202 	0.07 	0.27 	0.11 	0.07 	0.0 	0.0 	0.08 	0.0 	0.0 	0.0 	0.0 	0.06 	0.0 	0.08 	0.0 	0.0 	0.0 	0.0 	0.18 	0.08 	
203 	0.0 	0.0 	0.0 	0.08 	0.0 	0.0 	0.0 	0.0 	0.11 	0.06 	0.34 	0.0 	0.23 	0.08 	0.0 	0.0 	0.0 	0.0 	0.0 	0.09 	
204 	0.0 	0.0 	0.44 	0.31 	0.0 	0.0 	0.0 	0.18 	0.0 	0.0 	0.0 	0.0 	0.0 	0.0 	0.0 	0.07 	0.0 	0.0 	0.0 	0.0 	
205 	0.01 	0.0 	0.0 	0.44 	0.0 	0.11 	0.01 	0.1 	0.0 	0.12 	0.01 	0.16 	0.0 	0.0 	0.0 	0.01 	0.01 	0.0 	0.0 	0.01 	
206 	0.01 	0.0 	0.0 	0.0 	0.0 	0.0 	0.01 	0.01 	0.0 	0.17 	0.43 	0.01 	0.0 	0.12 	0.0 	0.01 	0.01 	0.0 	0.1 	0.12 	
207 	0.01 	0.09 	0.0 	0.12 	0.0 	0.08 	0.07 	0.01 	0.0 	0.15 	0.16 	0.01 	0.0 	0.0 	0.0 	0.01 	0.07 	0.0 	0.0 	0.21 	
208 	0.18 	0.01 	0.01 	0.01 	0.0 	0.01 	0.01 	0.01 	0.0 	0.01 	0.11 	0.22 	0.0 	0.01 	0.15 	0.09 	0.01 	0.0 	0.01 	0.13 	
209 	0.02 	0.01 	0.01 	0.11 	0.0 	0.01 	0.35 	0.01 	0.0 	0.01 	0.02 	0.1 	0.0 	0.01 	0.21 	0.01 	0.01 	0.0 	0.01 	0.1 	
210 	0.02 	0.01 	0.01 	0.07 	0.0 	0.01 	0.19 	0.19 	0.0 	0.01 	0.1 	0.08 	0.0 	0.01 	0.01 	0.01 	0.01 	0.15 	0.09 	0.01 	
211 	0.01 	0.01 	0.0 	0.01 	0.0 	0.0 	0.01 	0.01 	0.0 	0.26 	0.16 	0.01 	0.0 	0.08 	0.01 	0.01 	0.01 	0.0 	0.08 	0.35 	
212 	0.23 	0.01 	0.0 	0.09 	0.0 	0.0 	0.01 	0.49 	0.0 	0.01 	0.01 	0.01 	0.0 	0.0 	0.01 	0.12 	0.01 	0.0 	0.0 	0.01 	
213 	0.06 	0.06 	0.0 	0.0 	0.05 	0.41 	0.13 	0.0 	0.0 	0.0 	0.06 	0.14 	0.0 	0.0 	0.0 	0.0 	0.0 	0.0 	0.1 	0.0 	
214 	0.0 	0.16 	0.06 	0.12 	0.0 	0.0 	0.32 	0.09 	0.0 	0.0 	0.0 	0.25 	0.0 	0.0 	0.0 	0.0 	0.0 	0.0 	0.0 	0.0 	
215 	0.57 	0.0 	0.0 	0.0 	0.12 	0.0 	0.0 	0.0 	0.0 	0.0 	0.0 	0.0 	0.0 	0.0 	0.0 	0.06 	0.17 	0.0 	0.0 	0.08 	
216 	0.5 	0.0 	0.0 	0.0 	0.0 	0.0 	0.0 	0.06 	0.0 	0.0 	0.17 	0.06 	0.0 	0.0 	0.0 	0.0 	0.0 	0.0 	0.07 	0.14 	
217 	0.0 	0.22 	0.05 	0.09 	0.0 	0.08 	0.26 	0.0 	0.0 	0.0 	0.0 	0.24 	0.0 	0.0 	0.0 	0.0 	0.05 	0.0 	0.0 	0.0 	
218 	0.01 	0.38 	0.05 	0.0 	0.0 	0.05 	0.07 	0.01 	0.0 	0.13 	0.01 	0.18 	0.0 	0.0 	0.0 	0.08 	0.01 	0.0 	0.0 	0.01 	
219 	0.59 	0.0 	0.0 	0.0 	0.0 	0.0 	0.0 	0.0 	0.0 	0.07 	0.09 	0.0 	0.0 	0.0 	0.0 	0.0 	0.05 	0.0 	0.0 	0.19 	
220 	0.09 	0.0 	0.0 	0.0 	0.0 	0.0 	0.0 	0.07 	0.0 	0.17 	0.47 	0.0 	0.0 	0.0 	0.0 	0.0 	0.0 	0.0 	0.0 	0.2 	
221 	0.0 	0.18 	0.07 	0.0 	0.0 	0.0 	0.0 	0.0 	0.0 	0.04 	0.08 	0.25 	0.0 	0.0 	0.06 	0.27 	0.0 	0.0 	0.0 	0.05 	
222 	0.08 	0.27 	0.17 	0.0 	0.0 	0.07 	0.0 	0.0 	0.0 	0.0 	0.11 	0.22 	0.07 	0.0 	0.0 	0.0 	0.0 	0.0 	0.0 	0.0 	
223 	0.0 	0.0 	0.0 	0.0 	0.0 	0.0 	0.0 	0.0 	0.0 	0.0 	0.91 	0.0 	0.0 	0.0 	0.0 	0.09 	0.0 	0.0 	0.0 	0.0 	
224 	0.09 	0.0 	0.12 	0.0 	0.0 	0.0 	0.0 	0.16 	0.0 	0.0 	0.0 	0.18 	0.0 	0.0 	0.0 	0.22 	0.08 	0.0 	0.07 	0.06 	
225 	0.28 	0.0 	0.16 	0.0 	0.0 	0.07 	0.0 	0.07 	0.0 	0.0 	0.08 	0.0 	0.0 	0.0 	0.11 	0.24 	0.0 	0.0 	0.0 	0.0 	
226 	0.06 	0.1 	0.0 	0.07 	0.0 	0.1 	0.0 	0.09 	0.04 	0.0 	0.0 	0.27 	0.0 	0.0 	0.08 	0.13 	0.0 	0.0 	0.0 	0.05 	
227 	0.05 	0.0 	0.0 	0.0 	0.0 	0.0 	0.12 	0.0 	0.0 	0.0 	0.06 	0.43 	0.0 	0.0 	0.11 	0.0 	0.15 	0.0 	0.07 	0.0 	
228 	0.33 	0.0 	0.0 	0.0 	0.05 	0.0 	0.0 	0.0 	0.0 	0.1 	0.17 	0.0 	0.0 	0.0 	0.13 	0.0 	0.0 	0.0 	0.0 	0.22 	
229 	0.0 	0.0 	0.05 	0.0 	0.0 	0.2 	0.07 	0.0 	0.0 	0.09 	0.1 	0.07 	0.0 	0.0 	0.31 	0.11 	0.0 	0.0 	0.0 	0.0 	
230 	0.12 	0.0 	0.0 	0.0 	0.0 	0.0 	0.0 	0.08 	0.0 	0.0 	0.0 	0.05 	0.0 	0.0 	0.0 	0.48 	0.27 	0.0 	0.0 	0.0 	
231 	0.0 	0.06 	0.0 	0.0 	0.0 	0.0 	0.0 	0.56 	0.0 	0.05 	0.0 	0.08 	0.16 	0.0 	0.0 	0.0 	0.0 	0.0 	0.09 	0.0 	
232 	0.0 	0.11 	0.07 	0.0 	0.0 	0.0 	0.19 	0.0 	0.0 	0.0 	0.05 	0.37 	0.0 	0.0 	0.0 	0.0 	0.21 	0.0 	0.0 	0.0 	
233 	0.05 	0.0 	0.0 	0.0 	0.05 	0.0 	0.0 	0.09 	0.0 	0.0 	0.0 	0.0 	0.11 	0.24 	0.0 	0.05 	0.06 	0.0 	0.29 	0.06 	
234 	0.0 	0.0 	0.09 	0.06 	0.0 	0.0 	0.0 	0.0 	0.0 	0.0 	0.0 	0.05 	0.0 	0.0 	0.61 	0.12 	0.07 	0.0 	0.0 	0.0 	
235 	0.06 	0.0 	0.0 	0.0 	0.0 	0.0 	0.0 	0.0 	0.0 	0.27 	0.0 	0.0 	0.07 	0.0 	0.0 	0.0 	0.0 	0.0 	0.0 	0.6 	
236 	0.0 	0.0 	0.0 	0.0 	0.0 	0.0 	0.0 	0.0 	0.0 	0.47 	0.0 	0.0 	0.0 	0.0 	0.0 	0.0 	0.0 	0.0 	0.0 	0.53 	
237 	0.0 	0.0 	0.0 	0.0 	0.0 	0.0 	0.0 	0.0 	0.0 	0.08 	0.39 	0.0 	0.14 	0.27 	0.0 	0.0 	0.06 	0.0 	0.0 	0.07 	
238 	0.2 	0.0 	0.0 	0.33 	0.0 	0.0 	0.0 	0.17 	0.0 	0.0 	0.06 	0.0 	0.0 	0.0 	0.0 	0.25 	0.0 	0.0 	0.0 	0.0 	
239 	0.05 	0.0 	0.19 	0.0 	0.0 	0.0 	0.0 	0.0 	0.0 	0.0 	0.01 	0.05 	0.0 	0.0 	0.43 	0.24 	0.0 	0.0 	0.0 	0.0 	
240 	0.01 	0.1 	0.0 	0.06 	0.0 	0.08 	0.39 	0.18 	0.0 	0.09 	0.01 	0.0 	0.07 	0.0 	0.0 	0.0 	0.0 	0.0 	0.0 	0.0 	
241 	0.1 	0.0 	0.07 	0.0 	0.0 	0.0 	0.0 	0.0 	0.0 	0.11 	0.2 	0.0 	0.0 	0.08 	0.0 	0.0 	0.05 	0.17 	0.0 	0.19 	
242 	0.23 	0.0 	0.0 	0.0 	0.0 	0.0 	0.0 	0.08 	0.0 	0.0 	0.1 	0.0 	0.0 	0.0 	0.17 	0.17 	0.14 	0.0 	0.0 	0.07 	
243 	0.0 	0.0 	0.0 	0.0 	0.0 	0.0 	0.0 	0.51 	0.05 	0.0 	0.0 	0.0 	0.0 	0.06 	0.0 	0.18 	0.11 	0.0 	0.09 	0.0 	
244 	0.0 	0.07 	0.0 	0.09 	0.0 	0.0 	0.06 	0.11 	0.0 	0.12 	0.08 	0.0 	0.05 	0.0 	0.0 	0.06 	0.0 	0.0 	0.0 	0.36 	
245 	0.0 	0.0 	0.0 	0.0 	0.0 	0.0 	0.0 	0.0 	0.0 	0.13 	0.45 	0.0 	0.0 	0.42 	0.0 	0.0 	0.0 	0.0 	0.0 	0.0 	
246 	0.06 	0.0 	0.0 	0.0 	0.0 	0.0 	0.0 	0.0 	0.0 	0.17 	0.33 	0.0 	0.0 	0.28 	0.0 	0.0 	0.07 	0.0 	0.0 	0.08 	
247 	0.0 	0.0 	0.0 	0.0 	0.0 	0.0 	0.0 	0.12 	0.51 	0.06 	0.0 	0.0 	0.0 	0.0 	0.0 	0.32 	0.0 	0.0 	0.0 	0.0 	
248 	0.0 	0.0 	0.06 	0.0 	0.0 	0.0 	0.51 	0.0 	0.21 	0.0 	0.0 	0.0 	0.0 	0.0 	0.07 	0.0 	0.09 	0.0 	0.0 	0.06 	
249 	0.51 	0.0 	0.0 	0.0 	0.0 	0.0 	0.0 	0.0 	0.0 	0.0 	0.24 	0.0 	0.07 	0.18 	0.0 	0.0 	0.0 	0.0 	0.0 	0.0 	
250 	0.17 	0.0 	0.0 	0.0 	0.07 	0.0 	0.0 	0.0 	0.0 	0.22 	0.06 	0.0 	0.09 	0.08 	0.0 	0.0 	0.0 	0.0 	0.0 	0.3 	
251 	0.06 	0.0 	0.0 	0.0 	0.0 	0.0 	0.0 	0.28 	0.35 	0.0 	0.0 	0.06 	0.0 	0.0 	0.14 	0.12 	0.0 	0.0 	0.0 	0.0 	
252 	0.54 	0.0 	0.0 	0.0 	0.0 	0.0 	0.06 	0.17 	0.23 	0.0 	0.0 	0.0 	0.0 	0.0 	0.0 	0.0 	0.0 	0.0 	0.0 	0.0 	
253 	0.12 	0.0 	0.0 	0.0 	0.0 	0.0 	0.0 	0.0 	0.0 	0.26 	0.48 	0.0 	0.0 	0.09 	0.0 	0.05 	0.0 	0.0 	0.0 	0.0 	
254 	0.05 	0.0 	0.12 	0.0 	0.0 	0.0 	0.38 	0.0 	0.0 	0.0 	0.0 	0.0 	0.0 	0.06 	0.0 	0.39 	0.0 	0.0 	0.0 	0.0 	
255 	0.2 	0.0 	0.0 	0.0 	0.0 	0.0 	0.15 	0.58 	0.0 	0.0 	0.0 	0.0 	0.0 	0.0 	0.0 	0.0 	0.07 	0.0 	0.0 	0.0 	
256 	0.15 	0.0 	0.06 	0.4 	0.0 	0.0 	0.09 	0.11 	0.06 	0.0 	0.0 	0.0 	0.0 	0.0 	0.0 	0.06 	0.07 	0.0 	0.0 	0.0 	
257 	0.12 	0.0 	0.24 	0.15 	0.0 	0.07 	0.0 	0.0 	0.0 	0.0 	0.11 	0.0 	0.0 	0.2 	0.0 	0.11 	0.0 	0.0 	0.0 	0.0 	
258 	0.0 	0.0 	0.2 	0.0 	0.0 	0.0 	0.0 	0.0 	0.0 	0.17 	0.12 	0.0 	0.08 	0.0 	0.0 	0.0 	0.0 	0.0 	0.0 	0.43 	
259 	0.0 	0.2 	0.0 	0.0 	0.0 	0.15 	0.13 	0.0 	0.0 	0.0 	0.19 	0.0 	0.0 	0.0 	0.0 	0.0 	0.07 	0.0 	0.26 	0.0 	
260 	0.0 	0.32 	0.0 	0.0 	0.0 	0.38 	0.0 	0.0 	0.07 	0.0 	0.07 	0.08 	0.0 	0.0 	0.0 	0.0 	0.0 	0.0 	0.08 	0.0 	
261 	0.0 	0.0 	0.12 	0.09 	0.0 	0.0 	0.12 	0.27 	0.0 	0.0 	0.0 	0.39 	0.0 	0.0 	0.0 	0.0 	0.0 	0.0 	0.0 	0.0 	
262 	0.06 	0.09 	0.15 	0.11 	0.0 	0.0 	0.0 	0.07 	0.0 	0.0 	0.0 	0.0 	0.0 	0.0 	0.0 	0.3 	0.23 	0.0 	0.0 	0.0 	
263 	0.0 	0.0 	0.0 	0.0 	0.0 	0.0 	0.0 	0.0 	0.0 	0.0 	0.0 	0.0 	0.0 	0.0 	0.08 	0.59 	0.33 	0.0 	0.0 	0.0 	
264 	0.01 	0.0 	0.0 	0.09 	0.0 	0.0 	0.0 	0.01 	0.0 	0.14 	0.05 	0.0 	0.0 	0.32 	0.07 	0.01 	0.0 	0.0 	0.0 	0.29 	
265 	0.01 	0.0 	0.0 	0.0 	0.0 	0.0 	0.0 	0.01 	0.0 	0.0 	0.53 	0.0 	0.0 	0.41 	0.0 	0.01 	0.0 	0.0 	0.0 	0.0 	
266 	0.04 	0.0 	0.0 	0.0 	0.0 	0.0 	0.06 	0.0 	0.0 	0.05 	0.5 	0.2 	0.0 	0.0 	0.0 	0.04 	0.12 	0.0 	0.0 	0.0 	
267 	0.0 	0.0 	0.23 	0.23 	0.0 	0.0 	0.08 	0.29 	0.06 	0.0 	0.0 	0.0 	0.0 	0.0 	0.0 	0.0 	0.0 	0.0 	0.11 	0.0 	
268 	0.0 	0.06 	0.0 	0.09 	0.0 	0.04 	0.0 	0.0 	0.06 	0.0 	0.0 	0.49 	0.08 	0.0 	0.0 	0.19 	0.0 	0.0 	0.0 	0.0 	
269 	0.0 	0.0 	0.0 	0.0 	0.0 	0.0 	0.0 	0.0 	0.0 	0.25 	0.64 	0.07 	0.0 	0.0 	0.0 	0.0 	0.0 	0.0 	0.0 	0.04 	
270 	0.0 	0.0 	0.25 	0.0 	0.0 	0.0 	0.04 	0.62 	0.0 	0.0 	0.0 	0.09 	0.0 	0.0 	0.0 	0.0 	0.0 	0.0 	0.0 	0.0 	
271 	0.0 	0.12 	0.0 	0.0 	0.0 	0.0 	0.47 	0.0 	0.0 	0.0 	0.0 	0.3 	0.05 	0.0 	0.0 	0.0 	0.06 	0.0 	0.0 	0.0 	
272 	0.0 	0.25 	0.0 	0.0 	0.0 	0.34 	0.0 	0.0 	0.0 	0.0 	0.04 	0.37 	0.0 	0.0 	0.0 	0.0 	0.0 	0.0 	0.0 	0.0 	
273 	0.0 	0.0 	0.0 	0.0 	0.0 	0.0 	0.0 	0.0 	0.0 	0.5 	0.0 	0.0 	0.0 	0.08 	0.0 	0.0 	0.0 	0.0 	0.0 	0.42 	
274 	0.41 	0.0 	0.0 	0.0 	0.0 	0.0 	0.0 	0.21 	0.0 	0.0 	0.11 	0.0 	0.0 	0.24 	0.0 	0.0 	0.04 	0.0 	0.0 	0.0 	
275 	0.0 	0.0 	0.0 	0.13 	0.0 	0.0 	0.0 	0.09 	0.07 	0.0 	0.0 	0.0 	0.0 	0.0 	0.34 	0.37 	0.0 	0.0 	0.0 	0.0 	
276 	0.0 	0.0 	0.06 	0.22 	0.0 	0.0 	0.6 	0.0 	0.0 	0.0 	0.0 	0.0 	0.0 	0.0 	0.12 	0.0 	0.0 	0.0 	0.0 	0.0 	
277 	0.0 	0.06 	0.16 	0.0 	0.0 	0.0 	0.08 	0.06 	0.0 	0.0 	0.2 	0.0 	0.0 	0.07 	0.0 	0.06 	0.0 	0.26 	0.05 	0.0 	
278 	0.0 	0.0 	0.0 	0.0 	0.2 	0.0 	0.0 	0.0 	0.0 	0.09 	0.49 	0.0 	0.0 	0.06 	0.0 	0.0 	0.0 	0.0 	0.0 	0.17 	
279 	0.0 	0.0 	0.11 	0.05 	0.0 	0.08 	0.0 	0.0 	0.0 	0.0 	0.0 	0.0 	0.0 	0.0 	0.0 	0.06 	0.7 	0.0 	0.0 	0.0 	
280 	0.07 	0.0 	0.0 	0.0 	0.0 	0.0 	0.0 	0.0 	0.0 	0.77 	0.06 	0.0 	0.0 	0.0 	0.0 	0.0 	0.0 	0.0 	0.0 	0.09 	
281 	0.0 	0.0 	0.0 	0.0 	0.0 	0.0 	0.2 	0.0 	0.0 	0.33 	0.0 	0.0 	0.0 	0.08 	0.0 	0.13 	0.06 	0.07 	0.0 	0.12 	
282 	0.0 	0.0 	0.0 	0.74 	0.0 	0.0 	0.26 	0.0 	0.0 	0.0 	0.0 	0.0 	0.0 	0.0 	0.0 	0.0 	0.0 	0.0 	0.0 	0.0 	
283 	0.0 	0.11 	0.09 	0.46 	0.0 	0.0 	0.13 	0.08 	0.05 	0.0 	0.07 	0.0 	0.0 	0.0 	0.0 	0.0 	0.0 	0.0 	0.0 	0.0 	
284 	0.14 	0.0 	0.0 	0.0 	0.0 	0.0 	0.0 	0.36 	0.0 	0.0 	0.0 	0.0 	0.0 	0.0 	0.51 	0.0 	0.0 	0.0 	0.0 	0.0 	
285 	0.16 	0.0 	0.0 	0.0 	0.0 	0.0 	0.0 	0.0 	0.32 	0.0 	0.08 	0.0 	0.0 	0.0 	0.0 	0.0 	0.4 	0.0 	0.0 	0.0 	
286 	0.0 	0.0 	0.0 	0.0 	0.0 	0.0 	0.0 	0.0 	0.0 	0.23 	0.41 	0.0 	0.15 	0.0 	0.08 	0.0 	0.13 	0.0 	0.0 	0.0 	
287 	0.0 	0.0 	0.0 	0.16 	0.0 	0.0 	0.09 	0.0 	0.07 	0.06 	0.11 	0.26 	0.0 	0.0 	0.14 	0.0 	0.0 	0.0 	0.0 	0.1 	
288 	0.0 	0.11 	0.19 	0.14 	0.0 	0.0 	0.06 	0.14 	0.0 	0.0 	0.0 	0.22 	0.0 	0.0 	0.07 	0.0 	0.0 	0.0 	0.09 	0.0 	
289 	0.28 	0.18 	0.0 	0.0 	0.0 	0.15 	0.0 	0.26 	0.08 	0.0 	0.0 	0.0 	0.0 	0.06 	0.0 	0.0 	0.0 	0.0 	0.0 	0.0 	
290 	0.0 	0.28 	0.0 	0.0 	0.0 	0.0 	0.0 	0.0 	0.0 	0.0 	0.35 	0.0 	0.0 	0.18 	0.0 	0.14 	0.0 	0.0 	0.0 	0.0 	
291 	0.11 	0.0 	0.0 	0.0 	0.0 	0.0 	0.0 	0.68 	0.0 	0.0 	0.0 	0.0 	0.0 	0.0 	0.0 	0.13 	0.0 	0.0 	0.09 	0.0 	
292 	0.06 	0.0 	0.0 	0.0 	0.0 	0.0 	0.0 	0.0 	0.0 	0.0 	0.07 	0.0 	0.0 	0.06 	0.0 	0.74 	0.07 	0.0 	0.0 	0.0 	
293 	0.0 	0.06 	0.0 	0.0 	0.0 	0.0 	0.0 	0.0 	0.0 	0.07 	0.16 	0.15 	0.0 	0.06 	0.0 	0.09 	0.11 	0.0 	0.19 	0.11 	
294 	0.04 	0.0 	0.04 	0.07 	0.06 	0.0 	0.0 	0.08 	0.0 	0.0 	0.0 	0.14 	0.0 	0.0 	0.26 	0.09 	0.08 	0.0 	0.13 	0.0 	
295 	0.0 	0.0 	0.0 	0.0 	0.09 	0.0 	0.0 	0.0 	0.0 	0.2 	0.0 	0.0 	0.07 	0.46 	0.0 	0.0 	0.0 	0.0 	0.18 	0.0 	
296 	0.0 	0.0 	0.0 	1.0 	0.0 	0.0 	0.0 	0.0 	0.0 	0.0 	0.0 	0.0 	0.0 	0.0 	0.0 	0.0 	0.0 	0.0 	0.0 	0.0 	
297 	0.11 	0.0 	0.11 	0.53 	0.0 	0.0 	0.0 	0.09 	0.0 	0.0 	0.0 	0.0 	0.0 	0.0 	0.0 	0.15 	0.0 	0.0 	0.0 	0.0 	
298 	0.0 	0.0 	0.0 	0.0 	0.0 	0.0 	1.0 	0.0 	0.0 	0.0 	0.0 	0.0 	0.0 	0.0 	0.0 	0.0 	0.0 	0.0 	0.0 	0.0 	
299 	0.0 	0.0 	0.0 	0.0 	0.0 	0.0 	0.0 	1.0 	0.0 	0.0 	0.0 	0.0 	0.0 	0.0 	0.0 	0.0 	0.0 	0.0 	0.0 	0.0 	
300 	0.0 	0.0 	0.0 	0.0 	0.0 	0.0 	0.0 	0.0 	0.0 	0.06 	0.0 	0.0 	0.07 	0.0 	0.0 	0.0 	0.21 	0.0 	0.0 	0.66 	
301 	0.2 	0.22 	0.0 	0.0 	0.0 	0.0 	0.12 	0.0 	0.0 	0.0 	0.0 	0.0 	0.06 	0.0 	0.35 	0.04 	0.0 	0.0 	0.0 	0.0 	
302 	0.2 	0.0 	0.0 	0.0 	0.0 	0.0 	0.0 	0.28 	0.0 	0.0 	0.0 	0.0 	0.0 	0.0 	0.0 	0.04 	0.48 	0.0 	0.0 	0.0 	
303 	0.06 	0.07 	0.0 	0.0 	0.0 	0.41 	0.22 	0.0 	0.0 	0.0 	0.0 	0.11 	0.0 	0.0 	0.0 	0.08 	0.04 	0.0 	0.0 	0.0 	
304 	0.0 	0.19 	0.0 	0.06 	0.08 	0.0 	0.13 	0.0 	0.0 	0.09 	0.0 	0.24 	0.0 	0.0 	0.0 	0.0 	0.14 	0.0 	0.08 	0.0 	
305 	0.0 	0.22 	0.2 	0.0 	0.0 	0.0 	0.0 	0.0 	0.0 	0.0 	0.0 	0.16 	0.0 	0.0 	0.0 	0.0 	0.35 	0.0 	0.0 	0.07 	
306 	0.0 	0.0 	0.0 	0.05 	0.0 	0.08 	0.06 	0.0 	0.0 	0.08 	0.07 	0.13 	0.0 	0.0 	0.0 	0.11 	0.0 	0.0 	0.05 	0.38 	
307 	0.0 	0.0 	0.0 	0.0 	0.0 	0.0 	0.0 	0.0 	0.0 	0.5 	0.5 	0.0 	0.0 	0.0 	0.0 	0.0 	0.0 	0.0 	0.0 	0.0 	
308 	0.0 	0.0 	0.0 	0.0 	0.0 	0.0 	0.0 	0.0 	0.0 	0.62 	0.0 	0.0 	0.0 	0.06 	0.0 	0.0 	0.0 	0.0 	0.0 	0.32 	
309 	0.0 	0.0 	0.06 	0.06 	0.0 	0.0 	0.57 	0.0 	0.0 	0.0 	0.0 	0.31 	0.0 	0.0 	0.0 	0.0 	0.0 	0.0 	0.0 	0.0 	
310 	0.05 	0.0 	0.6 	0.23 	0.0 	0.0 	0.0 	0.0 	0.0 	0.0 	0.0 	0.12 	0.0 	0.0 	0.0 	0.0 	0.0 	0.0 	0.0 	0.0 	
311 	0.0 	0.0 	0.0 	0.0 	0.0 	0.0 	0.0 	1.0 	0.0 	0.0 	0.0 	0.0 	0.0 	0.0 	0.0 	0.0 	0.0 	0.0 	0.0 	0.0 	
312 	0.0 	0.0 	0.0 	0.0 	0.0 	0.0 	0.08 	0.0 	0.0 	0.65 	0.0 	0.0 	0.0 	0.0 	0.0 	0.0 	0.0 	0.0 	0.0 	0.27 	
313 	0.0 	0.0 	0.0 	0.0 	0.0 	0.0 	0.0 	0.0 	0.0 	0.0 	1.0 	0.0 	0.0 	0.0 	0.0 	0.0 	0.0 	0.0 	0.0 	0.0 	
314 	0.0 	0.0 	0.06 	0.0 	0.0 	0.15 	0.04 	0.0 	0.0 	0.0 	0.0 	0.55 	0.0 	0.0 	0.0 	0.0 	0.11 	0.0 	0.0 	0.08 	
315 	0.0 	0.0 	0.16 	0.0 	0.0 	0.05 	0.07 	0.16 	0.0 	0.0 	0.0 	0.12 	0.0 	0.0 	0.0 	0.12 	0.32 	0.0 	0.0 	0.0 	
316 	0.0 	0.08 	0.0 	0.0 	0.0 	0.0 	0.0 	0.0 	0.0 	0.0 	0.06 	0.0 	0.0 	0.2 	0.0 	0.0 	0.0 	0.2 	0.46 	0.0 	
317 	0.0 	0.0 	0.0 	0.0 	0.0 	0.0 	0.0 	0.0 	0.0 	0.07 	0.64 	0.0 	0.23 	0.06 	0.0 	0.0 	0.0 	0.0 	0.0 	0.0 	
318 	0.07 	0.0 	0.06 	0.0 	0.0 	0.2 	0.0 	0.0 	0.19 	0.06 	0.2 	0.0 	0.0 	0.0 	0.0 	0.0 	0.07 	0.0 	0.09 	0.06 	
319 	0.0 	0.0 	0.09 	0.55 	0.0 	0.0 	0.0 	0.0 	0.0 	0.0 	0.0 	0.0 	0.0 	0.0 	0.0 	0.25 	0.11 	0.0 	0.0 	0.0 	
320 	0.0 	0.39 	0.0 	0.0 	0.05 	0.0 	0.0 	0.0 	0.0 	0.09 	0.0 	0.2 	0.0 	0.0 	0.0 	0.11 	0.16 	0.0 	0.0 	0.0 	
321 	0.0 	0.0 	0.0 	0.0 	0.0 	0.0 	0.25 	0.0 	0.0 	0.0 	0.12 	0.09 	0.04 	0.0 	0.0 	0.0 	0.11 	0.0 	0.39 	0.0 	
322 	0.0 	0.09 	0.35 	0.0 	0.0 	0.0 	0.0 	0.07 	0.0 	0.0 	0.0 	0.0 	0.0 	0.0 	0.0 	0.16 	0.25 	0.0 	0.07 	0.0 	
323 	0.8 	0.0 	0.0 	0.0 	0.0 	0.0 	0.0 	0.06 	0.0 	0.0 	0.0 	0.0 	0.0 	0.0 	0.0 	0.14 	0.0 	0.0 	0.0 	0.0 	
324 	0.07 	0.4 	0.09 	0.0 	0.0 	0.0 	0.0 	0.14 	0.0 	0.07 	0.0 	0.18 	0.0 	0.06 	0.0 	0.0 	0.0 	0.0 	0.0 	0.0 	
325 	0.0 	0.21 	0.0 	0.0 	0.0 	0.0 	0.0 	0.0 	0.0 	0.0 	0.2 	0.52 	0.0 	0.0 	0.0 	0.0 	0.0 	0.0 	0.07 	0.0 	
326 	0.0 	0.0 	0.0 	0.0 	0.0 	0.0 	0.09 	0.0 	0.0 	0.06 	0.47 	0.0 	0.32 	0.0 	0.0 	0.0 	0.07 	0.0 	0.0 	0.0 	
327 	0.0 	0.0 	0.09 	0.0 	0.0 	0.0 	0.04 	0.82 	0.0 	0.0 	0.0 	0.05 	0.0 	0.0 	0.0 	0.0 	0.0 	0.0 	0.0 	0.0 	
328 	0.0 	0.0 	0.0 	0.0 	0.0 	0.07 	0.08 	0.0 	0.07 	0.0 	0.31 	0.09 	0.14 	0.0 	0.0 	0.0 	0.04 	0.0 	0.0 	0.2 	
329 	0.0 	0.0 	0.05 	0.21 	0.0 	0.0 	0.06 	0.0 	0.0 	0.0 	0.0 	0.21 	0.0 	0.0 	0.14 	0.1 	0.17 	0.0 	0.0 	0.06 	
330 	0.0 	0.07 	0.0 	0.0 	0.0 	0.0 	0.0 	0.0 	0.0 	0.0 	0.04 	0.05 	0.0 	0.0 	0.4 	0.29 	0.08 	0.0 	0.0 	0.06 	
331 	0.0 	0.0 	0.0 	0.0 	0.0 	0.0 	0.0 	0.0 	0.0 	0.0 	0.0 	0.0 	0.0 	0.0 	0.11 	0.06 	0.74 	0.0 	0.09 	0.0 	
332 	0.0 	0.0 	0.0 	0.0 	0.0 	0.0 	0.0 	0.68 	0.0 	0.23 	0.0 	0.0 	0.0 	0.0 	0.0 	0.0 	0.0 	0.0 	0.0 	0.09 	
333 	0.0 	0.0 	0.45 	0.0 	0.0 	0.0 	0.0 	0.06 	0.15 	0.0 	0.0 	0.0 	0.0 	0.0 	0.0 	0.22 	0.0 	0.0 	0.0 	0.11 	
334 	0.26 	0.11 	0.0 	0.06 	0.05 	0.0 	0.0 	0.33 	0.0 	0.0 	0.0 	0.0 	0.0 	0.0 	0.09 	0.1 	0.0 	0.0 	0.0 	0.0 	
335 	0.0 	0.42 	0.0 	0.0 	0.0 	0.06 	0.0 	0.26 	0.0 	0.0 	0.0 	0.0 	0.11 	0.0 	0.0 	0.06 	0.09 	0.0 	0.0 	0.0 	
336 	0.07 	0.07 	0.09 	0.0 	0.08 	0.0 	0.0 	0.26 	0.0 	0.0 	0.0 	0.0 	0.0 	0.0 	0.06 	0.21 	0.16 	0.0 	0.0 	0.0 	
337 	0.0 	0.0 	0.27 	0.0 	0.04 	0.14 	0.0 	0.0 	0.0 	0.38 	0.08 	0.0 	0.0 	0.09 	0.0 	0.0 	0.0 	0.0 	0.0 	0.0 	
338 	0.0 	0.0 	0.0 	0.0 	0.0 	0.0 	0.0 	0.0 	0.1 	0.17 	0.21 	0.0 	0.0 	0.0 	0.0 	0.04 	0.41 	0.0 	0.0 	0.06 	
339 	0.0 	0.06 	0.14 	0.0 	0.0 	0.0 	0.0 	0.0 	0.0 	0.14 	0.0 	0.0 	0.0 	0.05 	0.04 	0.0 	0.0 	0.0 	0.36 	0.2 	
340 	0.0 	0.08 	0.0 	0.0 	0.0 	0.0 	0.0 	0.0 	0.0 	0.18 	0.06 	0.15 	0.39 	0.0 	0.0 	0.0 	0.0 	0.14 	0.0 	0.0 	
341 	0.07 	0.05 	0.0 	0.06 	0.0 	0.0 	0.15 	0.06 	0.0 	0.04 	0.22 	0.18 	0.08 	0.0 	0.09 	0.0 	0.0 	0.0 	0.0 	0.0 	
342 	0.04 	0.0 	0.11 	0.0 	0.0 	0.0 	0.0 	0.0 	0.0 	0.05 	0.0 	0.0 	0.0 	0.0 	0.33 	0.08 	0.29 	0.0 	0.0 	0.09 	
343 	0.05 	0.0 	0.0 	0.0 	0.0 	0.0 	0.0 	0.6 	0.06 	0.0 	0.06 	0.09 	0.0 	0.0 	0.0 	0.15 	0.0 	0.0 	0.0 	0.0 	
344 	0.0 	0.0 	0.31 	0.25 	0.0 	0.04 	0.08 	0.05 	0.06 	0.0 	0.0 	0.12 	0.0 	0.0 	0.04 	0.0 	0.06 	0.0 	0.0 	0.0 	
345 	0.08 	0.0 	0.0 	0.0 	0.0 	0.1 	0.06 	0.06 	0.0 	0.0 	0.07 	0.11 	0.0 	0.04 	0.0 	0.16 	0.09 	0.05 	0.13 	0.01 	
346 	0.0 	0.0 	0.2 	0.0 	0.0 	0.04 	0.0 	0.16 	0.0 	0.0 	0.0 	0.08 	0.0 	0.0 	0.08 	0.4 	0.04 	0.0 	0.0 	0.0 	
347 	0.0 	0.0 	0.0 	0.0 	0.0 	0.0 	0.0 	0.0 	0.0 	0.09 	0.46 	0.0 	0.0 	0.21 	0.08 	0.0 	0.0 	0.0 	0.0 	0.15 	
348 	0.08 	0.0 	0.07 	0.42 	0.0 	0.1 	0.19 	0.0 	0.0 	0.0 	0.0 	0.04 	0.0 	0.0 	0.0 	0.04 	0.06 	0.0 	0.0 	0.0 	
349 	0.06 	0.0 	0.08 	0.27 	0.0 	0.05 	0.41 	0.06 	0.0 	0.0 	0.0 	0.0 	0.0 	0.0 	0.0 	0.06 	0.0 	0.0 	0.0 	0.0 	
350 	0.0 	0.0 	0.0 	0.0 	0.0 	0.0 	0.0 	0.0 	0.0 	0.23 	0.63 	0.0 	0.05 	0.09 	0.0 	0.0 	0.0 	0.0 	0.0 	0.0 	
351 	0.01 	0.0 	0.0 	0.0 	0.0 	0.0 	0.01 	0.01 	0.0 	0.32 	0.46 	0.01 	0.0 	0.14 	0.0 	0.01 	0.01 	0.0 	0.0 	0.01 	
352 	0.11 	0.06 	0.11 	0.09 	0.04 	0.0 	0.29 	0.01 	0.0 	0.0 	0.01 	0.24 	0.0 	0.0 	0.0 	0.01 	0.01 	0.0 	0.0 	0.01 	
353 	0.01 	0.0 	0.0 	0.12 	0.0 	0.06 	0.12 	0.22 	0.0 	0.0 	0.01 	0.05 	0.05 	0.0 	0.0 	0.33 	0.01 	0.0 	0.0 	0.01 	
354 	0.01 	0.0 	0.0 	0.0 	0.06 	0.0 	0.01 	0.01 	0.0 	0.26 	0.01 	0.01 	0.26 	0.0 	0.0 	0.01 	0.06 	0.0 	0.0 	0.3 	
355 	0.0 	0.12 	0.06 	0.25 	0.0 	0.0 	0.26 	0.11 	0.0 	0.0 	0.0 	0.21 	0.0 	0.0 	0.0 	0.0 	0.0 	0.0 	0.0 	0.0 	
356 	0.0 	0.0 	0.06 	0.06 	0.0 	0.09 	0.3 	0.0 	0.0 	0.0 	0.0 	0.13 	0.0 	0.0 	0.0 	0.0 	0.21 	0.0 	0.16 	0.0 	
357 	0.0 	0.0 	0.0 	0.0 	0.0 	0.0 	0.0 	0.91 	0.0 	0.0 	0.0 	0.0 	0.0 	0.0 	0.0 	0.0 	0.0 	0.0 	0.09 	0.0 	
358 	0.0 	0.0 	0.0 	0.0 	0.0 	0.0 	0.0 	0.0 	0.0 	0.52 	0.21 	0.0 	0.0 	0.0 	0.0 	0.0 	0.0 	0.0 	0.07 	0.21 	
359 	0.0 	0.0 	0.0 	0.0 	0.0 	0.0 	0.0 	0.0 	0.0 	0.0 	0.27 	0.0 	0.0 	0.05 	0.0 	0.0 	0.0 	0.0 	0.63 	0.05 	
360 	0.28 	0.0 	0.0 	0.0 	0.07 	0.0 	0.0 	0.0 	0.0 	0.19 	0.24 	0.0 	0.0 	0.0 	0.0 	0.0 	0.0 	0.0 	0.0 	0.22 	
361 	0.0 	0.06 	0.09 	0.0 	0.0 	0.08 	0.0 	0.0 	0.0 	0.04 	0.04 	0.12 	0.0 	0.0 	0.08 	0.0 	0.32 	0.0 	0.0 	0.17 	
362 	0.0 	0.0 	0.24 	0.06 	0.0 	0.07 	0.2 	0.32 	0.04 	0.0 	0.0 	0.0 	0.0 	0.0 	0.0 	0.07 	0.0 	0.0 	0.0 	0.0 	
363 	0.0 	0.0 	0.0 	0.0 	0.0 	0.0 	0.0 	0.0 	0.0 	0.0 	0.2 	0.0 	0.07 	0.26 	0.07 	0.17 	0.0 	0.08 	0.0 	0.15 	
364 	0.0 	0.17 	0.06 	0.0 	0.0 	0.0 	0.0 	0.15 	0.0 	0.16 	0.14 	0.0 	0.2 	0.0 	0.0 	0.12 	0.0 	0.0 	0.0 	0.0 	
365 	0.0 	0.0 	0.0 	0.0 	0.0 	0.0 	0.0 	1.0 	0.0 	0.0 	0.0 	0.0 	0.0 	0.0 	0.0 	0.0 	0.0 	0.0 	0.0 	0.0 	
366 	0.0 	0.0 	0.0 	0.0 	0.0 	0.26 	0.0 	0.65 	0.0 	0.0 	0.0 	0.0 	0.0 	0.0 	0.0 	0.09 	0.0 	0.0 	0.0 	0.0 	
367 	0.01 	0.0 	0.07 	0.0 	0.0 	0.31 	0.06 	0.26 	0.09 	0.0 	0.01 	0.0 	0.08 	0.0 	0.0 	0.07 	0.0 	0.0 	0.0 	0.0 	
368 	0.0 	0.0 	0.06 	0.0 	0.0 	0.0 	0.07 	0.0 	0.0 	0.0 	0.0 	0.0 	0.0 	0.0 	0.0 	0.09 	0.14 	0.0 	0.0 	0.64 	
369 	0.0 	0.0 	0.35 	0.4 	0.0 	0.0 	0.0 	0.07 	0.0 	0.0 	0.0 	0.0 	0.0 	0.0 	0.0 	0.11 	0.07 	0.0 	0.0 	0.0 	
370 	0.06 	0.0 	0.0 	0.0 	0.0 	0.0 	0.0 	0.09 	0.0 	0.41 	0.01 	0.0 	0.0 	0.0 	0.15 	0.14 	0.12 	0.0 	0.0 	0.0 	
371 	0.13 	0.0 	0.0 	0.0 	0.0 	0.0 	0.08 	0.11 	0.0 	0.19 	0.0 	0.0 	0.0 	0.0 	0.0 	0.13 	0.25 	0.0 	0.0 	0.1 	
372 	0.0 	0.0 	0.12 	0.0 	0.0 	0.0 	0.0 	0.0 	0.0 	0.0 	0.0 	0.11 	0.08 	0.0 	0.0 	0.24 	0.45 	0.0 	0.0 	0.0 	
373 	0.0 	0.0 	0.0 	0.0 	0.0 	0.0 	0.0 	0.92 	0.0 	0.0 	0.0 	0.0 	0.0 	0.08 	0.0 	0.0 	0.0 	0.0 	0.0 	0.0 	
374 	0.0 	0.0 	0.15 	0.26 	0.0 	0.04 	0.07 	0.0 	0.0 	0.06 	0.05 	0.16 	0.0 	0.0 	0.0 	0.0 	0.15 	0.0 	0.06 	0.0 	
375 	0.0 	0.0 	0.0 	0.0 	0.0 	0.0 	0.0 	0.0 	0.0 	0.0 	0.0 	0.0 	0.0 	0.74 	0.0 	0.0 	0.0 	0.0 	0.26 	0.0 	
376 	0.09 	0.0 	0.07 	0.0 	0.0 	0.18 	0.0 	0.0 	0.06 	0.0 	0.0 	0.0 	0.0 	0.0 	0.0 	0.4 	0.0 	0.0 	0.0 	0.2 	
377 	0.08 	0.26 	0.0 	0.0 	0.0 	0.0 	0.0 	0.0 	0.0 	0.0 	0.0 	0.0 	0.0 	0.51 	0.0 	0.0 	0.0 	0.0 	0.06 	0.09 	
378 	0.25 	0.0 	0.06 	0.0 	0.0 	0.0 	0.09 	0.4 	0.0 	0.0 	0.0 	0.0 	0.0 	0.0 	0.0 	0.2 	0.0 	0.0 	0.0 	0.0 	
379 	0.38 	0.0 	0.0 	0.0 	0.0 	0.0 	0.01 	0.01 	0.0 	0.23 	0.01 	0.0 	0.0 	0.0 	0.0 	0.01 	0.2 	0.0 	0.0 	0.13 	
380 	0.05 	0.0 	0.0 	0.0 	0.0 	0.15 	0.6 	0.0 	0.0 	0.0 	0.0 	0.0 	0.0 	0.0 	0.0 	0.06 	0.0 	0.0 	0.0 	0.15 	
381 	0.4 	0.0 	0.0 	0.0 	0.0 	0.0 	0.0 	0.45 	0.0 	0.0 	0.0 	0.0 	0.0 	0.0 	0.0 	0.15 	0.0 	0.0 	0.0 	0.0 	
382 	0.0 	0.0 	0.0 	0.0 	0.0 	0.0 	0.0 	0.0 	0.0 	0.0 	0.0 	0.0 	0.0 	0.38 	0.0 	0.0 	0.0 	0.08 	0.54 	0.0 	
383 	0.0 	0.13 	0.0 	0.0 	0.0 	0.0 	0.0 	0.0 	0.0 	0.0 	0.44 	0.0 	0.08 	0.0 	0.0 	0.0 	0.0 	0.26 	0.09 	0.0 	
384 	0.0 	0.0 	0.0 	0.0 	0.0 	0.0 	0.0 	0.0 	0.0 	0.52 	0.0 	0.0 	0.0 	0.0 	0.0 	0.0 	0.0 	0.0 	0.09 	0.39 	
385 	0.0 	0.08 	0.0 	0.06 	0.0 	0.06 	0.54 	0.0 	0.0 	0.0 	0.0 	0.26 	0.0 	0.0 	0.0 	0.0 	0.0 	0.0 	0.0 	0.0 	
386 	0.0 	0.0 	0.63 	0.06 	0.0 	0.1 	0.0 	0.0 	0.08 	0.0 	0.0 	0.13 	0.0 	0.0 	0.0 	0.0 	0.0 	0.0 	0.0 	0.0 	
387 	0.0 	0.0 	0.0 	0.0 	0.0 	0.0 	0.0 	0.93 	0.0 	0.0 	0.0 	0.0 	0.0 	0.0 	0.0 	0.07 	0.0 	0.0 	0.0 	0.0 	
388 	0.0 	0.0 	0.0 	0.0 	0.0 	0.08 	0.35 	0.0 	0.0 	0.0 	0.0 	0.51 	0.0 	0.0 	0.0 	0.0 	0.0 	0.0 	0.0 	0.06 	
389 	0.0 	0.0 	0.0 	0.0 	0.0 	0.0 	0.0 	0.0 	0.0 	0.63 	0.33 	0.0 	0.0 	0.0 	0.0 	0.0 	0.0 	0.0 	0.0 	0.04 	
390 	0.2 	0.0 	0.0 	0.0 	0.0 	0.11 	0.0 	0.04 	0.0 	0.09 	0.0 	0.17 	0.0 	0.04 	0.0 	0.05 	0.27 	0.0 	0.0 	0.04 	
391 	0.01 	0.0 	0.0 	0.0 	0.0 	0.12 	0.28 	0.01 	0.0 	0.0 	0.01 	0.2 	0.0 	0.0 	0.0 	0.05 	0.04 	0.0 	0.26 	0.01 	
392 	0.0 	0.0 	0.0 	0.0 	0.0 	0.0 	0.0 	0.0 	0.0 	0.0 	0.0 	0.0 	0.06 	0.0 	0.85 	0.04 	0.0 	0.0 	0.0 	0.05 	
393 	0.0 	0.0 	0.0 	0.0 	0.0 	0.0 	0.0 	0.0 	0.0 	0.25 	0.19 	0.0 	0.0 	0.0 	0.0 	0.0 	0.0 	0.0 	0.0 	0.55 	
394 	0.06 	0.17 	0.15 	0.0 	0.0 	0.0 	0.0 	0.0 	0.0 	0.0 	0.0 	0.51 	0.0 	0.0 	0.0 	0.12 	0.0 	0.0 	0.0 	0.0 	
395 	0.0 	0.09 	0.19 	0.25 	0.0 	0.0 	0.32 	0.15 	0.0 	0.0 	0.0 	0.0 	0.0 	0.0 	0.0 	0.0 	0.0 	0.0 	0.0 	0.0 	
396 	0.2 	0.0 	0.0 	0.0 	0.0 	0.0 	0.0 	0.09 	0.0 	0.33 	0.0 	0.0 	0.06 	0.0 	0.0 	0.0 	0.08 	0.0 	0.0 	0.24 	
397 	0.0 	0.0 	0.06 	0.0 	0.0 	0.0 	0.0 	0.12 	0.0 	0.0 	0.0 	0.0 	0.09 	0.0 	0.0 	0.12 	0.61 	0.0 	0.0 	0.0 	
398 	0.0 	0.0 	0.0 	0.0 	0.0 	0.0 	0.0 	0.0 	0.0 	0.33 	0.52 	0.0 	0.0 	0.09 	0.0 	0.0 	0.0 	0.0 	0.0 	0.06 	
399 	0.11 	0.0 	0.0 	0.0 	0.0 	0.0 	0.0 	0.09 	0.0 	0.27 	0.0 	0.0 	0.0 	0.0 	0.0 	0.47 	0.06 	0.0 	0.0 	0.0 	
400 	0.0 	0.0 	0.0 	0.0 	0.0 	0.0 	0.0 	1.0 	0.0 	0.0 	0.0 	0.0 	0.0 	0.0 	0.0 	0.0 	0.0 	0.0 	0.0 	0.0 	
401 	0.0 	0.0 	0.62 	0.0 	0.0 	0.06 	0.05 	0.0 	0.0 	0.0 	0.0 	0.0 	0.0 	0.0 	0.0 	0.2 	0.07 	0.0 	0.0 	0.0 	
402 	0.07 	0.0 	0.0 	0.0 	0.0 	0.0 	0.0 	0.2 	0.0 	0.14 	0.32 	0.0 	0.0 	0.0 	0.0 	0.0 	0.13 	0.0 	0.0 	0.14 	
403 	0.0 	0.05 	0.0 	0.0 	0.0 	0.06 	0.0 	0.0 	0.0 	0.26 	0.24 	0.15 	0.0 	0.17 	0.0 	0.0 	0.07 	0.0 	0.0 	0.0 	
404 	0.0 	0.0 	0.1 	0.2 	0.0 	0.0 	0.43 	0.0 	0.0 	0.0 	0.0 	0.13 	0.0 	0.0 	0.0 	0.07 	0.06 	0.0 	0.0 	0.0 	
405 	0.0 	0.0 	0.0 	0.0 	0.0 	0.0 	0.0 	0.0 	0.0 	0.18 	0.06 	0.0 	0.35 	0.0 	0.0 	0.0 	0.25 	0.0 	0.0 	0.16 	
406 	0.0 	0.0 	0.0 	0.0 	0.0 	0.0 	0.0 	0.0 	0.0 	0.0 	0.38 	0.0 	0.27 	0.14 	0.0 	0.0 	0.0 	0.21 	0.0 	0.0 	
407 	0.08 	0.11 	0.3 	0.0 	0.0 	0.16 	0.0 	0.0 	0.0 	0.0 	0.0 	0.3 	0.0 	0.05 	0.0 	0.0 	0.0 	0.0 	0.0 	0.0 	
408 	0.07 	0.0 	0.36 	0.06 	0.0 	0.08 	0.13 	0.0 	0.0 	0.0 	0.0 	0.2 	0.0 	0.0 	0.0 	0.11 	0.0 	0.0 	0.0 	0.0 	
409 	0.09 	0.0 	0.0 	0.0 	0.0 	0.0 	0.0 	0.0 	0.0 	0.62 	0.06 	0.0 	0.06 	0.0 	0.0 	0.0 	0.0 	0.0 	0.0 	0.17 	
410 	0.0 	0.0 	0.0 	0.13 	0.0 	0.0 	0.16 	0.0 	0.0 	0.1 	0.1 	0.0 	0.0 	0.0 	0.0 	0.28 	0.0 	0.0 	0.0 	0.23 	
411 	0.27 	0.0 	0.0 	0.0 	0.0 	0.0 	0.0 	0.07 	0.0 	0.0 	0.0 	0.0 	0.36 	0.0 	0.1 	0.15 	0.05 	0.0 	0.0 	0.0 	
412 	0.0 	0.0 	0.0 	0.0 	0.0 	0.0 	0.0 	0.0 	0.0 	0.31 	0.1 	0.0 	0.0 	0.0 	0.0 	0.07 	0.07 	0.0 	0.0 	0.45 	
413 	0.2 	0.0 	0.0 	0.01 	0.0 	0.0 	0.01 	0.41 	0.0 	0.0 	0.01 	0.01 	0.0 	0.0 	0.0 	0.25 	0.07 	0.0 	0.0 	0.01 	
414 	0.0 	0.0 	0.45 	0.23 	0.0 	0.07 	0.0 	0.0 	0.0 	0.0 	0.0 	0.14 	0.0 	0.0 	0.0 	0.12 	0.0 	0.0 	0.0 	0.0 	
415 	0.0 	0.0 	0.0 	0.95 	0.0 	0.0 	0.0 	0.0 	0.0 	0.0 	0.0 	0.05 	0.0 	0.0 	0.0 	0.0 	0.0 	0.0 	0.0 	0.0 	
416 	0.0 	0.0 	0.0 	0.0 	0.0 	0.0 	0.0 	0.0 	0.0 	0.2 	0.19 	0.0 	0.0 	0.25 	0.08 	0.06 	0.0 	0.0 	0.0 	0.22 	
417 	0.0 	0.16 	0.05 	0.12 	0.0 	0.0 	0.37 	0.09 	0.0 	0.0 	0.0 	0.19 	0.0 	0.0 	0.0 	0.0 	0.0 	0.0 	0.0 	0.0 	
418 	0.0 	0.06 	0.0 	0.0 	0.0 	0.11 	0.0 	0.0 	0.07 	0.05 	0.34 	0.07 	0.24 	0.0 	0.0 	0.0 	0.06 	0.0 	0.0 	0.0 	
419 	0.0 	0.39 	0.09 	0.27 	0.0 	0.0 	0.0 	0.0 	0.0 	0.0 	0.0 	0.0 	0.0 	0.0 	0.0 	0.2 	0.0 	0.0 	0.06 	0.0 	
420 	0.0 	0.0 	0.08 	0.0 	0.0 	0.0 	0.12 	0.14 	0.08 	0.0 	0.0 	0.0 	0.0 	0.0 	0.0 	0.46 	0.0 	0.0 	0.0 	0.12 	
421 	0.0 	0.0 	0.31 	0.0 	0.0 	0.0 	0.0 	0.36 	0.0 	0.0 	0.0 	0.14 	0.0 	0.0 	0.0 	0.19 	0.0 	0.0 	0.0 	0.0 	
422 	0.0 	0.0 	0.0 	0.0 	0.0 	0.0 	0.0 	0.0 	0.0 	0.39 	0.14 	0.0 	0.12 	0.12 	0.0 	0.0 	0.0 	0.11 	0.12 	0.0 	
423 	0.0 	0.14 	0.0 	0.0 	0.0 	0.5 	0.0 	0.18 	0.0 	0.18 	0.0 	0.0 	0.0 	0.0 	0.0 	0.0 	0.0 	0.0 	0.0 	0.0 	
424 	0.0 	0.0 	0.0 	0.0 	0.28 	0.0 	0.0 	0.0 	0.0 	0.32 	0.0 	0.0 	0.0 	0.0 	0.0 	0.29 	0.11 	0.0 	0.0 	0.0 	
425 	0.0 	0.0 	0.0 	0.0 	0.0 	0.0 	0.0 	0.61 	0.0 	0.0 	0.0 	0.0 	0.0 	0.0 	0.39 	0.0 	0.0 	0.0 	0.0 	0.0 	
426 	0.0 	0.0 	0.0 	0.0 	0.0 	0.0 	0.0 	0.0 	0.0 	0.0 	0.0 	0.0 	0.0 	0.0 	0.0 	1.0 	0.0 	0.0 	0.0 	0.0 	
427 	0.0 	0.0 	0.0 	0.0 	0.0 	0.0 	0.0 	0.0 	0.0 	0.25 	0.17 	0.0 	0.0 	0.0 	0.0 	0.0 	0.12 	0.0 	0.0 	0.46 	
428 	0.0 	0.0 	0.0 	0.0 	0.0 	0.0 	0.0 	0.0 	0.0 	0.0 	0.61 	0.0 	0.0 	0.0 	0.0 	0.0 	0.0 	0.0 	0.0 	0.39 	
429 	0.0 	0.0 	0.0 	0.0 	0.0 	0.0 	0.0 	0.0 	0.0 	0.0 	0.61 	0.0 	0.0 	0.39 	0.0 	0.0 	0.0 	0.0 	0.0 	0.0 	
430 	0.0 	0.0 	0.0 	0.13 	0.0 	0.0 	0.17 	0.0 	0.0 	0.0 	0.0 	0.22 	0.0 	0.0 	0.12 	0.37 	0.0 	0.0 	0.0 	0.0 	
431 	0.0 	0.0 	0.0 	0.0 	0.0 	0.13 	0.36 	0.39 	0.0 	0.0 	0.0 	0.13 	0.0 	0.0 	0.0 	0.0 	0.0 	0.0 	0.0 	0.0 	
432 	0.0 	0.0 	0.0 	0.0 	0.0 	0.0 	0.0 	0.0 	0.0 	0.46 	0.0 	0.0 	0.31 	0.0 	0.0 	0.0 	0.0 	0.0 	0.0 	0.23 	
433 	0.0 	0.0 	0.0 	0.23 	0.0 	0.46 	0.0 	0.0 	0.0 	0.0 	0.0 	0.31 	0.0 	0.0 	0.0 	0.0 	0.0 	0.0 	0.0 	0.0 	
434 	0.0 	0.0 	0.0 	0.0 	0.0 	0.0 	0.0 	0.0 	0.0 	0.46 	0.0 	0.0 	0.0 	0.23 	0.0 	0.0 	0.0 	0.0 	0.0 	0.31 	
435 	0.15 	0.0 	0.0 	0.0 	0.0 	0.0 	0.0 	0.0 	0.0 	0.0 	0.0 	0.0 	0.0 	0.0 	0.0 	0.85 	0.0 	0.0 	0.0 	0.0 	
436 	0.0 	0.0 	0.0 	0.0 	0.0 	0.0 	0.0 	1.0 	0.0 	0.0 	0.0 	0.0 	0.0 	0.0 	0.0 	0.0 	0.0 	0.0 	0.0 	0.0 	
437 	0.0 	0.0 	0.0 	0.0 	0.0 	0.0 	0.0 	0.0 	0.0 	0.5 	0.5 	0.0 	0.0 	0.0 	0.0 	0.0 	0.0 	0.0 	0.0 	0.0 	
