	A 	R 	N 	D 	C 	Q 	E 	G 	H 	I 	L 	K 	M 	F 	P 	S 	T 	W 	Y 	V 	
1 	0.0 	0.0 	0.0 	0.06 	0.0 	0.0 	0.94 	0.0 	0.0 	0.0 	0.0 	0.0 	0.0 	0.0 	0.0 	0.0 	0.0 	0.0 	0.0 	0.0 	
2 	0.03 	0.58 	0.0 	0.0 	0.0 	0.12 	0.0 	0.0 	0.04 	0.08 	0.0 	0.0 	0.0 	0.0 	0.0 	0.0 	0.0 	0.0 	0.0 	0.15 	
3 	0.0 	0.0 	0.0 	0.0 	0.0 	0.0 	0.31 	0.0 	0.0 	0.38 	0.04 	0.0 	0.02 	0.03 	0.0 	0.0 	0.0 	0.0 	0.0 	0.2 	
4 	0.0 	0.0 	0.0 	0.0 	0.0 	0.0 	0.0 	0.0 	0.03 	0.03 	0.04 	0.0 	0.18 	0.07 	0.0 	0.0 	0.0 	0.0 	0.56 	0.09 	
5 	0.0 	0.0 	0.05 	0.0 	0.0 	0.0 	0.0 	0.0 	0.0 	0.07 	0.0 	0.0 	0.0 	0.0 	0.0 	0.05 	0.57 	0.0 	0.0 	0.25 	
6 	0.0 	0.0 	0.0 	0.0 	0.0 	0.0 	0.0 	0.0 	0.0 	0.67 	0.0 	0.0 	0.0 	0.0 	0.0 	0.0 	0.0 	0.0 	0.0 	0.33 	
7 	0.0 	0.02 	0.41 	0.0 	0.0 	0.0 	0.0 	0.0 	0.04 	0.0 	0.0 	0.0 	0.0 	0.0 	0.48 	0.05 	0.0 	0.0 	0.0 	0.0 	
8 	0.0 	0.0 	0.0 	0.0 	0.0 	0.0 	0.0 	0.0 	0.0 	0.1 	0.81 	0.0 	0.02 	0.05 	0.0 	0.0 	0.0 	0.0 	0.0 	0.02 	
9 	0.0 	0.67 	0.01 	0.0 	0.0 	0.0 	0.0 	0.02 	0.02 	0.0 	0.0 	0.26 	0.0 	0.0 	0.0 	0.02 	0.0 	0.0 	0.0 	0.0 	
10 	0.0 	0.47 	0.0 	0.24 	0.0 	0.02 	0.09 	0.02 	0.0 	0.0 	0.0 	0.16 	0.0 	0.0 	0.0 	0.0 	0.0 	0.0 	0.0 	0.0 	
11 	0.24 	0.0 	0.0 	0.0 	0.02 	0.0 	0.0 	0.0 	0.0 	0.17 	0.18 	0.0 	0.02 	0.0 	0.0 	0.0 	0.01 	0.0 	0.0 	0.36 	
12 	0.0 	0.12 	0.07 	0.0 	0.0 	0.0 	0.0 	0.0 	0.2 	0.03 	0.02 	0.28 	0.0 	0.02 	0.0 	0.06 	0.03 	0.0 	0.16 	0.0 	
13 	0.08 	0.13 	0.05 	0.05 	0.0 	0.0 	0.04 	0.16 	0.0 	0.0 	0.03 	0.22 	0.05 	0.05 	0.0 	0.02 	0.04 	0.06 	0.0 	0.02 	
14 	0.03 	0.0 	0.0 	0.0 	0.05 	0.0 	0.04 	0.17 	0.0 	0.07 	0.04 	0.03 	0.01 	0.0 	0.0 	0.14 	0.03 	0.0 	0.04 	0.35 	
15 	0.0 	0.13 	0.0 	0.0 	0.0 	0.0 	0.0 	0.09 	0.0 	0.0 	0.0 	0.04 	0.0 	0.0 	0.4 	0.25 	0.07 	0.0 	0.0 	0.01 	
16 	0.03 	0.42 	0.02 	0.0 	0.02 	0.0 	0.0 	0.0 	0.0 	0.03 	0.01 	0.07 	0.0 	0.22 	0.0 	0.06 	0.04 	0.04 	0.01 	0.02 	
17 	0.0 	0.0 	0.02 	0.0 	0.0 	0.03 	0.0 	0.02 	0.07 	0.0 	0.0 	0.31 	0.02 	0.0 	0.0 	0.05 	0.29 	0.19 	0.02 	0.0 	
18 	0.0 	0.11 	0.07 	0.02 	0.0 	0.04 	0.07 	0.04 	0.0 	0.01 	0.02 	0.59 	0.0 	0.0 	0.0 	0.0 	0.03 	0.0 	0.0 	0.0 	
19 	0.0 	0.87 	0.0 	0.0 	0.02 	0.0 	0.0 	0.0 	0.0 	0.0 	0.0 	0.1 	0.01 	0.0 	0.0 	0.0 	0.0 	0.0 	0.0 	0.0 	
20 	0.84 	0.0 	0.0 	0.0 	0.0 	0.0 	0.0 	0.02 	0.0 	0.0 	0.0 	0.0 	0.0 	0.0 	0.0 	0.09 	0.05 	0.0 	0.0 	0.0 	
21 	0.04 	0.0 	0.1 	0.18 	0.0 	0.0 	0.0 	0.06 	0.0 	0.02 	0.0 	0.19 	0.0 	0.0 	0.39 	0.04 	0.0 	0.0 	0.0 	0.0 	
22 	0.02 	0.5 	0.0 	0.0 	0.0 	0.0 	0.03 	0.01 	0.0 	0.0 	0.0 	0.23 	0.0 	0.03 	0.0 	0.0 	0.12 	0.0 	0.07 	0.0 	
23 	0.9 	0.0 	0.0 	0.0 	0.0 	0.0 	0.0 	0.0 	0.0 	0.0 	0.0 	0.0 	0.0 	0.0 	0.0 	0.06 	0.0 	0.0 	0.0 	0.04 	
24 	0.05 	0.0 	0.0 	0.0 	0.0 	0.0 	0.0 	0.0 	0.0 	0.37 	0.01 	0.0 	0.16 	0.0 	0.0 	0.0 	0.0 	0.0 	0.0 	0.4 	
25 	0.0 	0.18 	0.03 	0.02 	0.0 	0.0 	0.0 	0.07 	0.0 	0.03 	0.0 	0.58 	0.0 	0.0 	0.0 	0.07 	0.02 	0.0 	0.0 	0.0 	
26 	0.03 	0.0 	0.0 	0.08 	0.0 	0.02 	0.25 	0.0 	0.0 	0.13 	0.17 	0.03 	0.13 	0.1 	0.0 	0.0 	0.0 	0.0 	0.04 	0.02 	
27 	0.0 	0.0 	0.0 	0.0 	0.0 	0.0 	0.0 	0.0 	0.0 	0.54 	0.14 	0.0 	0.0 	0.0 	0.0 	0.0 	0.0 	0.0 	0.0 	0.32 	
28 	0.0 	0.78 	0.0 	0.0 	0.0 	0.0 	0.0 	0.0 	0.0 	0.0 	0.0 	0.19 	0.0 	0.0 	0.0 	0.0 	0.0 	0.0 	0.0 	0.04 	
29 	0.09 	0.11 	0.08 	0.05 	0.0 	0.05 	0.19 	0.05 	0.0 	0.0 	0.02 	0.31 	0.0 	0.0 	0.0 	0.02 	0.0 	0.0 	0.03 	0.0 	
30 	0.03 	0.0 	0.0 	0.0 	0.0 	0.0 	0.04 	0.0 	0.11 	0.06 	0.0 	0.0 	0.03 	0.56 	0.0 	0.0 	0.0 	0.04 	0.11 	0.02 	
31 	0.24 	0.0 	0.0 	0.0 	0.0 	0.0 	0.0 	0.0 	0.0 	0.13 	0.32 	0.0 	0.0 	0.0 	0.0 	0.0 	0.01 	0.0 	0.0 	0.3 	
32 	0.38 	0.03 	0.0 	0.0 	0.0 	0.13 	0.08 	0.0 	0.0 	0.0 	0.0 	0.13 	0.05 	0.0 	0.0 	0.14 	0.0 	0.0 	0.0 	0.05 	
33 	0.0 	0.47 	0.0 	0.0 	0.0 	0.06 	0.0 	0.0 	0.02 	0.02 	0.03 	0.4 	0.0 	0.0 	0.0 	0.0 	0.0 	0.0 	0.0 	0.0 	
34 	0.04 	0.0 	0.0 	0.0 	0.0 	0.06 	0.07 	0.0 	0.69 	0.03 	0.0 	0.05 	0.0 	0.0 	0.0 	0.0 	0.02 	0.0 	0.03 	0.02 	
35 	0.06 	0.0 	0.0 	0.0 	0.0 	0.0 	0.0 	0.0 	0.0 	0.0 	0.09 	0.0 	0.48 	0.31 	0.0 	0.0 	0.06 	0.0 	0.0 	0.0 	
36 	0.03 	0.06 	0.06 	0.0 	0.0 	0.01 	0.0 	0.3 	0.0 	0.0 	0.0 	0.49 	0.0 	0.0 	0.0 	0.04 	0.0 	0.0 	0.0 	0.0 	
37 	0.21 	0.0 	0.0 	0.0 	0.0 	0.0 	0.0 	0.01 	0.0 	0.05 	0.01 	0.0 	0.0 	0.0 	0.0 	0.13 	0.29 	0.0 	0.0 	0.26 	
38 	0.0 	0.0 	0.04 	0.35 	0.0 	0.03 	0.4 	0.0 	0.0 	0.0 	0.0 	0.07 	0.0 	0.0 	0.04 	0.02 	0.05 	0.0 	0.0 	0.0 	
39 	0.06 	0.04 	0.01 	0.32 	0.0 	0.01 	0.31 	0.01 	0.0 	0.01 	0.01 	0.03 	0.0 	0.01 	0.09 	0.04 	0.04 	0.0 	0.0 	0.01 	
40 	0.07 	0.03 	0.03 	0.13 	0.01 	0.02 	0.15 	0.07 	0.01 	0.07 	0.05 	0.09 	0.01 	0.02 	0.03 	0.1 	0.03 	0.01 	0.02 	0.05 	
41 	0.15 	0.05 	0.06 	0.08 	0.01 	0.05 	0.05 	0.07 	0.01 	0.04 	0.04 	0.22 	0.01 	0.02 	0.02 	0.03 	0.04 	0.01 	0.01 	0.04 	
42 	0.0 	0.0 	0.0 	0.0 	0.0 	0.0 	0.0 	0.0 	0.0 	0.17 	0.0 	0.0 	0.0 	0.0 	0.0 	0.0 	0.0 	0.0 	0.0 	0.83 	
43 	0.0 	0.38 	0.0 	0.0 	0.0 	0.0 	0.0 	0.0 	0.0 	0.17 	0.0 	0.27 	0.0 	0.0 	0.0 	0.0 	0.0 	0.08 	0.0 	0.1 	
44 	0.0 	0.0 	0.0 	0.0 	0.0 	0.0 	0.0 	0.0 	0.0 	0.48 	0.36 	0.0 	0.0 	0.0 	0.0 	0.0 	0.0 	0.0 	0.0 	0.16 	
45 	0.02 	0.0 	0.0 	0.75 	0.0 	0.0 	0.01 	0.11 	0.02 	0.0 	0.0 	0.0 	0.0 	0.0 	0.0 	0.04 	0.04 	0.0 	0.0 	0.0 	
46 	0.01 	0.0 	0.2 	0.0 	0.0 	0.08 	0.01 	0.0 	0.0 	0.0 	0.0 	0.08 	0.0 	0.0 	0.35 	0.02 	0.18 	0.0 	0.0 	0.06 	
47 	0.08 	0.1 	0.02 	0.09 	0.0 	0.0 	0.11 	0.0 	0.0 	0.0 	0.1 	0.22 	0.0 	0.0 	0.0 	0.21 	0.07 	0.0 	0.0 	0.0 	
48 	0.0 	0.0 	0.0 	0.0 	0.0 	0.0 	0.0 	0.0 	0.0 	0.22 	0.53 	0.0 	0.0 	0.0 	0.0 	0.0 	0.0 	0.0 	0.0 	0.25 	
49 	0.09 	0.0 	0.86 	0.0 	0.0 	0.0 	0.0 	0.0 	0.0 	0.0 	0.0 	0.0 	0.0 	0.0 	0.0 	0.05 	0.0 	0.0 	0.0 	0.0 	
50 	0.0 	0.0 	0.07 	0.03 	0.0 	0.02 	0.51 	0.0 	0.0 	0.0 	0.0 	0.32 	0.02 	0.0 	0.0 	0.0 	0.02 	0.0 	0.0 	0.0 	
51 	0.26 	0.0 	0.0 	0.0 	0.01 	0.02 	0.05 	0.0 	0.05 	0.0 	0.05 	0.23 	0.0 	0.12 	0.0 	0.06 	0.05 	0.0 	0.08 	0.01 	
52 	0.02 	0.0 	0.0 	0.0 	0.0 	0.0 	0.0 	0.0 	0.0 	0.44 	0.22 	0.0 	0.0 	0.0 	0.0 	0.0 	0.0 	0.0 	0.0 	0.32 	
53 	0.0 	0.0 	0.0 	0.0 	0.0 	0.0 	0.0 	0.0 	0.0 	0.0 	0.0 	0.0 	0.0 	0.0 	0.0 	0.04 	0.05 	0.87 	0.04 	0.0 	
54 	0.13 	0.0 	0.01 	0.0 	0.0 	0.0 	0.27 	0.0 	0.01 	0.0 	0.0 	0.11 	0.04 	0.0 	0.0 	0.39 	0.0 	0.0 	0.02 	0.0 	
55 	0.0 	0.58 	0.15 	0.0 	0.02 	0.03 	0.03 	0.02 	0.02 	0.0 	0.0 	0.16 	0.0 	0.0 	0.0 	0.0 	0.0 	0.0 	0.0 	0.0 	
56 	0.0 	0.0 	0.0 	0.0 	0.0 	0.0 	0.0 	0.85 	0.0 	0.0 	0.0 	0.0 	0.0 	0.0 	0.0 	0.15 	0.0 	0.0 	0.0 	0.0 	
57 	0.06 	0.24 	0.06 	0.0 	0.03 	0.0 	0.0 	0.0 	0.0 	0.42 	0.04 	0.0 	0.0 	0.0 	0.0 	0.07 	0.03 	0.0 	0.0 	0.06 	
58 	0.02 	0.18 	0.07 	0.08 	0.0 	0.09 	0.36 	0.0 	0.0 	0.0 	0.0 	0.14 	0.0 	0.0 	0.0 	0.05 	0.02 	0.0 	0.0 	0.0 	
59 	0.0 	0.0 	0.23 	0.0 	0.0 	0.0 	0.0 	0.06 	0.03 	0.0 	0.0 	0.63 	0.0 	0.0 	0.0 	0.05 	0.0 	0.0 	0.0 	0.0 	
60 	0.0 	0.0 	0.0 	0.0 	0.0 	0.0 	0.0 	0.0 	0.0 	0.23 	0.0 	0.0 	0.0 	0.0 	0.52 	0.0 	0.03 	0.0 	0.0 	0.22 	
61 	0.02 	0.0 	0.0 	0.0 	0.0 	0.0 	0.02 	0.0 	0.0 	0.0 	0.0 	0.0 	0.0 	0.0 	0.88 	0.0 	0.0 	0.0 	0.0 	0.08 	
62 	0.1 	0.31 	0.06 	0.0 	0.0 	0.0 	0.0 	0.02 	0.02 	0.0 	0.03 	0.0 	0.0 	0.05 	0.02 	0.25 	0.06 	0.0 	0.08 	0.0 	
63 	0.02 	0.49 	0.0 	0.0 	0.0 	0.0 	0.02 	0.0 	0.0 	0.0 	0.0 	0.43 	0.0 	0.0 	0.0 	0.03 	0.0 	0.0 	0.0 	0.0 	
64 	0.0 	0.0 	0.0 	0.0 	0.0 	0.0 	0.0 	0.0 	0.0 	0.28 	0.22 	0.0 	0.05 	0.0 	0.0 	0.0 	0.0 	0.0 	0.0 	0.45 	
65 	0.0 	0.78 	0.03 	0.0 	0.0 	0.02 	0.0 	0.0 	0.03 	0.01 	0.0 	0.03 	0.0 	0.0 	0.0 	0.05 	0.02 	0.0 	0.0 	0.02 	
66 	0.0 	0.0 	0.0 	0.0 	0.0 	0.0 	0.0 	0.0 	0.0 	0.09 	0.07 	0.0 	0.0 	0.0 	0.0 	0.0 	0.0 	0.0 	0.0 	0.84 	
67 	0.07 	0.47 	0.0 	0.0 	0.0 	0.0 	0.04 	0.0 	0.03 	0.0 	0.0 	0.26 	0.0 	0.0 	0.0 	0.01 	0.02 	0.0 	0.02 	0.09 	
68 	0.33 	0.0 	0.0 	0.0 	0.0 	0.0 	0.0 	0.0 	0.0 	0.15 	0.14 	0.0 	0.0 	0.0 	0.0 	0.0 	0.0 	0.0 	0.0 	0.37 	
69 	0.14 	0.04 	0.0 	0.0 	0.02 	0.0 	0.07 	0.03 	0.0 	0.08 	0.0 	0.08 	0.08 	0.0 	0.0 	0.2 	0.06 	0.0 	0.0 	0.2 	
70 	0.0 	0.36 	0.0 	0.0 	0.0 	0.0 	0.0 	0.0 	0.0 	0.0 	0.0 	0.49 	0.0 	0.04 	0.0 	0.03 	0.0 	0.0 	0.0 	0.08 	
71 	0.0 	0.1 	0.02 	0.06 	0.0 	0.0 	0.15 	0.0 	0.0 	0.08 	0.13 	0.17 	0.01 	0.21 	0.0 	0.02 	0.0 	0.0 	0.05 	0.0 	
72 	0.08 	0.22 	0.0 	0.08 	0.0 	0.0 	0.29 	0.09 	0.0 	0.0 	0.0 	0.07 	0.0 	0.0 	0.02 	0.06 	0.06 	0.0 	0.0 	0.04 	
73 	0.0 	0.0 	0.28 	0.3 	0.0 	0.02 	0.33 	0.0 	0.0 	0.0 	0.0 	0.0 	0.0 	0.0 	0.0 	0.06 	0.0 	0.0 	0.0 	0.02 	
74 	0.0 	0.0 	0.0 	0.26 	0.0 	0.0 	0.24 	0.38 	0.0 	0.0 	0.0 	0.07 	0.0 	0.0 	0.0 	0.03 	0.03 	0.0 	0.0 	0.0 	
75 	0.0 	0.02 	0.0 	0.21 	0.0 	0.0 	0.1 	0.28 	0.0 	0.0 	0.0 	0.05 	0.0 	0.0 	0.0 	0.0 	0.29 	0.0 	0.0 	0.04 	
76 	0.03 	0.0 	0.0 	0.02 	0.0 	0.0 	0.53 	0.0 	0.0 	0.0 	0.0 	0.11 	0.0 	0.0 	0.0 	0.05 	0.15 	0.0 	0.0 	0.1 	
77 	0.16 	0.13 	0.04 	0.15 	0.0 	0.0 	0.23 	0.0 	0.0 	0.0 	0.03 	0.06 	0.0 	0.0 	0.05 	0.04 	0.06 	0.0 	0.0 	0.04 	
78 	0.19 	0.04 	0.0 	0.0 	0.0 	0.05 	0.0 	0.0 	0.0 	0.31 	0.0 	0.08 	0.0 	0.0 	0.0 	0.0 	0.0 	0.0 	0.0 	0.32 	
79 	0.1 	0.04 	0.0 	0.0 	0.0 	0.0 	0.0 	0.0 	0.0 	0.18 	0.0 	0.17 	0.0 	0.0 	0.0 	0.0 	0.05 	0.0 	0.0 	0.46 	
80 	0.0 	0.09 	0.0 	0.0 	0.0 	0.0 	0.75 	0.0 	0.0 	0.0 	0.08 	0.08 	0.0 	0.0 	0.0 	0.0 	0.0 	0.0 	0.0 	0.0 	
81 	0.61 	0.0 	0.0 	0.0 	0.0 	0.0 	0.0 	0.0 	0.0 	0.0 	0.0 	0.0 	0.0 	0.0 	0.0 	0.0 	0.0 	0.0 	0.0 	0.39 	
82 	0.0 	0.0 	0.0 	0.18 	0.0 	0.0 	0.82 	0.0 	0.0 	0.0 	0.0 	0.0 	0.0 	0.0 	0.0 	0.0 	0.0 	0.0 	0.0 	0.0 	
