	A 	R 	N 	D 	C 	Q 	E 	G 	H 	I 	L 	K 	M 	F 	P 	S 	T 	W 	Y 	V 	
1 	0.3 	0.0 	0.12 	0.0 	0.0 	0.0 	0.0 	0.0 	0.0 	0.0 	0.0 	0.0 	0.0 	0.0 	0.0 	0.42 	0.16 	0.0 	0.0 	0.0 	
2 	0.33 	0.03 	0.01 	0.0 	0.0 	0.0 	0.0 	0.02 	0.0 	0.0 	0.0 	0.0 	0.0 	0.0 	0.05 	0.36 	0.16 	0.0 	0.0 	0.04 	
3 	0.06 	0.0 	0.01 	0.02 	0.0 	0.01 	0.03 	0.02 	0.0 	0.05 	0.06 	0.22 	0.24 	0.0 	0.02 	0.01 	0.23 	0.0 	0.0 	0.02 	
4 	0.03 	0.03 	0.06 	0.07 	0.0 	0.04 	0.15 	0.01 	0.01 	0.0 	0.0 	0.21 	0.0 	0.0 	0.13 	0.12 	0.03 	0.0 	0.06 	0.03 	
5 	0.02 	0.02 	0.12 	0.21 	0.0 	0.06 	0.06 	0.01 	0.03 	0.0 	0.0 	0.18 	0.0 	0.06 	0.08 	0.12 	0.01 	0.0 	0.0 	0.0 	
6 	0.05 	0.05 	0.02 	0.01 	0.0 	0.01 	0.02 	0.02 	0.0 	0.08 	0.18 	0.07 	0.11 	0.07 	0.04 	0.14 	0.03 	0.04 	0.02 	0.04 	
7 	0.11 	0.01 	0.12 	0.07 	0.0 	0.05 	0.12 	0.01 	0.01 	0.01 	0.0 	0.18 	0.0 	0.0 	0.05 	0.2 	0.05 	0.0 	0.0 	0.0 	
8 	0.12 	0.05 	0.05 	0.04 	0.0 	0.09 	0.07 	0.03 	0.0 	0.0 	0.0 	0.38 	0.0 	0.0 	0.0 	0.1 	0.04 	0.0 	0.0 	0.02 	
9 	0.04 	0.01 	0.0 	0.03 	0.02 	0.02 	0.01 	0.0 	0.2 	0.04 	0.34 	0.0 	0.04 	0.05 	0.02 	0.03 	0.02 	0.0 	0.09 	0.03 	
10 	0.0 	0.0 	0.0 	0.0 	0.0 	0.0 	0.0 	0.0 	0.0 	0.0 	0.02 	0.01 	0.0 	0.0 	0.0 	0.11 	0.85 	0.0 	0.0 	0.0 	
11 	0.02 	0.0 	0.0 	0.0 	0.0 	0.01 	0.03 	0.02 	0.0 	0.0 	0.0 	0.01 	0.0 	0.0 	0.91 	0.0 	0.0 	0.0 	0.0 	0.0 	
12 	0.02 	0.0 	0.0 	0.0 	0.0 	0.0 	0.0 	0.05 	0.0 	0.02 	0.22 	0.0 	0.58 	0.04 	0.01 	0.02 	0.0 	0.0 	0.0 	0.03 	
13 	0.0 	0.0 	0.0 	0.05 	0.0 	0.03 	0.17 	0.0 	0.0 	0.04 	0.11 	0.0 	0.52 	0.01 	0.0 	0.01 	0.0 	0.0 	0.01 	0.03 	
14 	0.05 	0.23 	0.0 	0.0 	0.0 	0.3 	0.06 	0.01 	0.0 	0.01 	0.04 	0.24 	0.0 	0.0 	0.0 	0.03 	0.01 	0.0 	0.0 	0.01 	
15 	0.0 	0.02 	0.0 	0.0 	0.0 	0.86 	0.04 	0.0 	0.07 	0.0 	0.0 	0.01 	0.0 	0.0 	0.0 	0.0 	0.0 	0.0 	0.0 	0.0 	
16 	0.0 	0.0 	0.0 	0.0 	0.0 	0.0 	0.0 	0.0 	0.0 	0.05 	0.0 	0.0 	0.0 	0.12 	0.0 	0.0 	0.0 	0.09 	0.68 	0.07 	
17 	0.01 	0.02 	0.02 	0.0 	0.0 	0.01 	0.0 	0.0 	0.05 	0.06 	0.43 	0.04 	0.03 	0.07 	0.0 	0.02 	0.0 	0.1 	0.03 	0.1 	
18 	0.05 	0.06 	0.03 	0.17 	0.0 	0.1 	0.31 	0.02 	0.0 	0.0 	0.0 	0.08 	0.0 	0.02 	0.0 	0.08 	0.04 	0.0 	0.0 	0.01 	
19 	0.02 	0.0 	0.0 	0.0 	0.03 	0.02 	0.0 	0.0 	0.0 	0.41 	0.35 	0.0 	0.04 	0.04 	0.0 	0.0 	0.01 	0.0 	0.0 	0.08 	
20 	0.0 	0.02 	0.0 	0.0 	0.01 	0.02 	0.0 	0.0 	0.0 	0.0 	0.01 	0.91 	0.01 	0.0 	0.0 	0.0 	0.02 	0.0 	0.0 	0.0 	
21 	0.28 	0.06 	0.04 	0.05 	0.0 	0.05 	0.18 	0.01 	0.0 	0.0 	0.04 	0.11 	0.01 	0.01 	0.0 	0.17 	0.0 	0.0 	0.0 	0.0 	
22 	0.07 	0.07 	0.06 	0.07 	0.0 	0.27 	0.18 	0.02 	0.01 	0.0 	0.02 	0.2 	0.0 	0.0 	0.0 	0.01 	0.01 	0.0 	0.0 	0.01 	
23 	0.04 	0.0 	0.12 	0.0 	0.01 	0.0 	0.0 	0.0 	0.37 	0.0 	0.01 	0.0 	0.01 	0.06 	0.0 	0.0 	0.02 	0.0 	0.35 	0.01 	
24 	0.04 	0.04 	0.0 	0.03 	0.0 	0.05 	0.0 	0.03 	0.0 	0.0 	0.02 	0.1 	0.1 	0.02 	0.48 	0.04 	0.01 	0.01 	0.02 	0.0 	
25 	0.01 	0.03 	0.04 	0.71 	0.01 	0.01 	0.09 	0.04 	0.03 	0.0 	0.0 	0.02 	0.0 	0.0 	0.0 	0.0 	0.0 	0.0 	0.0 	0.0 	
26 	0.26 	0.04 	0.0 	0.01 	0.12 	0.02 	0.04 	0.0 	0.01 	0.05 	0.03 	0.07 	0.04 	0.0 	0.0 	0.03 	0.18 	0.0 	0.04 	0.04 	
27 	0.0 	0.0 	0.0 	0.0 	0.01 	0.0 	0.0 	0.02 	0.0 	0.22 	0.43 	0.0 	0.01 	0.06 	0.0 	0.0 	0.0 	0.0 	0.0 	0.25 	
28 	0.0 	0.0 	0.0 	0.0 	0.0 	0.0 	0.0 	0.0 	0.0 	0.04 	0.8 	0.0 	0.02 	0.0 	0.0 	0.0 	0.0 	0.0 	0.0 	0.14 	
29 	0.05 	0.0 	0.0 	0.0 	0.03 	0.0 	0.0 	0.0 	0.0 	0.02 	0.33 	0.0 	0.02 	0.49 	0.0 	0.0 	0.0 	0.0 	0.0 	0.05 	
30 	0.0 	0.0 	0.0 	0.0 	0.03 	0.0 	0.0 	0.0 	0.0 	0.13 	0.0 	0.0 	0.03 	0.34 	0.0 	0.0 	0.03 	0.0 	0.35 	0.1 	
31 	0.0 	0.63 	0.0 	0.0 	0.0 	0.17 	0.1 	0.0 	0.0 	0.0 	0.0 	0.1 	0.0 	0.0 	0.0 	0.0 	0.0 	0.0 	0.0 	0.0 	
32 	0.0 	0.0 	0.0 	0.0 	0.04 	0.0 	0.0 	0.0 	0.0 	0.07 	0.19 	0.03 	0.31 	0.01 	0.0 	0.0 	0.0 	0.0 	0.0 	0.36 	
33 	0.0 	0.0 	0.0 	0.0 	0.0 	0.0 	0.0 	1.0 	0.0 	0.0 	0.0 	0.0 	0.0 	0.0 	0.0 	0.0 	0.0 	0.0 	0.0 	0.0 	
34 	0.0 	0.0 	0.02 	0.59 	0.0 	0.0 	0.04 	0.0 	0.0 	0.0 	0.0 	0.14 	0.0 	0.0 	0.0 	0.02 	0.0 	0.0 	0.19 	0.0 	
35 	0.0 	0.01 	0.0 	0.0 	0.0 	0.0 	0.0 	0.0 	0.0 	0.0 	0.0 	0.18 	0.0 	0.81 	0.0 	0.0 	0.0 	0.0 	0.0 	0.0 	
36 	0.0 	0.0 	0.0 	0.0 	0.0 	0.0 	0.0 	0.0 	0.0 	0.0 	0.01 	0.0 	0.0 	0.13 	0.0 	0.0 	0.0 	0.0 	0.86 	0.0 	
37 	0.0 	0.06 	0.0 	0.0 	0.0 	0.0 	0.81 	0.0 	0.02 	0.0 	0.0 	0.11 	0.0 	0.0 	0.0 	0.0 	0.0 	0.0 	0.0 	0.0 	
38 	0.1 	0.0 	0.0 	0.0 	0.07 	0.0 	0.0 	0.0 	0.0 	0.03 	0.39 	0.0 	0.17 	0.15 	0.0 	0.01 	0.06 	0.0 	0.0 	0.02 	
39 	0.0 	0.0 	0.0 	0.0 	0.0 	0.0 	0.0 	0.0 	0.01 	0.03 	0.0 	0.0 	0.0 	0.75 	0.0 	0.0 	0.0 	0.02 	0.19 	0.0 	
40 	0.05 	0.0 	0.01 	0.02 	0.02 	0.0 	0.07 	0.21 	0.06 	0.0 	0.02 	0.0 	0.01 	0.35 	0.0 	0.01 	0.0 	0.0 	0.16 	0.0 	
41 	0.03 	0.0 	0.01 	0.28 	0.0 	0.04 	0.45 	0.0 	0.0 	0.04 	0.02 	0.03 	0.03 	0.0 	0.0 	0.02 	0.01 	0.0 	0.0 	0.03 	
42 	0.02 	0.0 	0.04 	0.89 	0.0 	0.05 	0.0 	0.0 	0.0 	0.0 	0.0 	0.0 	0.0 	0.0 	0.0 	0.0 	0.0 	0.0 	0.0 	0.0 	
43 	0.97 	0.0 	0.0 	0.0 	0.0 	0.0 	0.0 	0.0 	0.0 	0.0 	0.03 	0.0 	0.0 	0.0 	0.0 	0.0 	0.0 	0.0 	0.0 	0.0 	
44 	0.04 	0.1 	0.0 	0.02 	0.04 	0.01 	0.23 	0.0 	0.01 	0.12 	0.07 	0.17 	0.0 	0.0 	0.0 	0.0 	0.01 	0.0 	0.01 	0.17 	
45 	0.01 	0.09 	0.01 	0.0 	0.0 	0.01 	0.08 	0.0 	0.01 	0.23 	0.13 	0.18 	0.01 	0.0 	0.01 	0.0 	0.13 	0.0 	0.0 	0.08 	
46 	0.5 	0.0 	0.0 	0.0 	0.0 	0.0 	0.0 	0.12 	0.0 	0.07 	0.11 	0.0 	0.0 	0.0 	0.0 	0.01 	0.02 	0.0 	0.01 	0.16 	
47 	0.39 	0.0 	0.02 	0.0 	0.0 	0.0 	0.04 	0.02 	0.06 	0.0 	0.0 	0.0 	0.0 	0.0 	0.0 	0.41 	0.0 	0.0 	0.0 	0.06 	
48 	0.07 	0.26 	0.04 	0.01 	0.0 	0.14 	0.11 	0.01 	0.01 	0.0 	0.02 	0.22 	0.0 	0.0 	0.06 	0.05 	0.01 	0.0 	0.0 	0.0 	
49 	0.07 	0.0 	0.02 	0.0 	0.01 	0.03 	0.25 	0.0 	0.01 	0.15 	0.32 	0.0 	0.01 	0.0 	0.0 	0.0 	0.01 	0.0 	0.03 	0.09 	
50 	0.03 	0.0 	0.0 	0.0 	0.01 	0.0 	0.01 	0.0 	0.0 	0.0 	0.9 	0.0 	0.0 	0.02 	0.0 	0.0 	0.02 	0.0 	0.0 	0.0 	
51 	0.0 	0.02 	0.16 	0.26 	0.0 	0.04 	0.2 	0.21 	0.02 	0.0 	0.01 	0.01 	0.0 	0.0 	0.0 	0.06 	0.0 	0.0 	0.0 	0.0 	
52 	0.0 	0.0 	0.0 	0.0 	0.0 	0.0 	0.0 	0.0 	0.0 	0.63 	0.26 	0.0 	0.02 	0.01 	0.0 	0.0 	0.01 	0.02 	0.0 	0.02 	
53 	0.06 	0.02 	0.0 	0.0 	0.0 	0.02 	0.0 	0.01 	0.0 	0.02 	0.02 	0.13 	0.05 	0.02 	0.0 	0.08 	0.36 	0.0 	0.03 	0.16 	
54 	0.0 	0.0 	0.0 	0.0 	0.07 	0.01 	0.0 	0.0 	0.0 	0.04 	0.7 	0.0 	0.03 	0.05 	0.0 	0.0 	0.01 	0.0 	0.03 	0.04 	
55 	0.02 	0.0 	0.03 	0.0 	0.0 	0.0 	0.0 	0.02 	0.0 	0.12 	0.0 	0.0 	0.04 	0.0 	0.0 	0.05 	0.66 	0.0 	0.02 	0.02 	
56 	0.09 	0.07 	0.02 	0.03 	0.01 	0.08 	0.02 	0.05 	0.02 	0.01 	0.0 	0.27 	0.02 	0.01 	0.12 	0.15 	0.03 	0.0 	0.0 	0.0 	
57 	0.01 	0.56 	0.0 	0.0 	0.0 	0.0 	0.04 	0.14 	0.0 	0.0 	0.03 	0.12 	0.0 	0.03 	0.02 	0.02 	0.0 	0.0 	0.0 	0.0 	
58 	0.05 	0.01 	0.1 	0.1 	0.0 	0.02 	0.06 	0.4 	0.02 	0.02 	0.01 	0.09 	0.0 	0.0 	0.01 	0.05 	0.01 	0.0 	0.0 	0.03 	
59 	0.11 	0.04 	0.09 	0.04 	0.02 	0.07 	0.01 	0.11 	0.01 	0.01 	0.03 	0.21 	0.01 	0.03 	0.01 	0.05 	0.06 	0.02 	0.03 	0.03 	
60 	0.05 	0.07 	0.06 	0.06 	0.0 	0.01 	0.01 	0.17 	0.1 	0.02 	0.04 	0.06 	0.0 	0.04 	0.01 	0.23 	0.04 	0.0 	0.01 	0.01 	
61 	0.15 	0.04 	0.05 	0.03 	0.01 	0.03 	0.05 	0.09 	0.03 	0.03 	0.09 	0.14 	0.02 	0.03 	0.04 	0.08 	0.04 	0.0 	0.02 	0.03 	
62 	0.04 	0.01 	0.04 	0.16 	0.02 	0.02 	0.1 	0.31 	0.02 	0.04 	0.04 	0.07 	0.0 	0.01 	0.02 	0.07 	0.01 	0.0 	0.0 	0.02 	
63 	0.03 	0.05 	0.08 	0.13 	0.0 	0.1 	0.21 	0.08 	0.03 	0.01 	0.04 	0.1 	0.0 	0.01 	0.04 	0.03 	0.03 	0.0 	0.0 	0.01 	
64 	0.02 	0.17 	0.1 	0.08 	0.0 	0.05 	0.06 	0.02 	0.01 	0.02 	0.01 	0.07 	0.0 	0.01 	0.23 	0.09 	0.04 	0.0 	0.01 	0.01 	
65 	0.03 	0.0 	0.02 	0.01 	0.01 	0.0 	0.0 	0.0 	0.0 	0.37 	0.04 	0.03 	0.06 	0.14 	0.0 	0.01 	0.02 	0.0 	0.03 	0.21 	
66 	0.14 	0.03 	0.0 	0.0 	0.0 	0.02 	0.02 	0.0 	0.01 	0.0 	0.03 	0.03 	0.02 	0.01 	0.61 	0.04 	0.0 	0.0 	0.0 	0.02 	
67 	0.0 	0.0 	0.01 	0.0 	0.0 	0.03 	0.0 	0.0 	0.04 	0.0 	0.05 	0.03 	0.61 	0.02 	0.0 	0.04 	0.05 	0.0 	0.09 	0.0 	
68 	0.51 	0.0 	0.0 	0.0 	0.32 	0.0 	0.0 	0.0 	0.0 	0.0 	0.0 	0.0 	0.0 	0.03 	0.0 	0.07 	0.02 	0.0 	0.0 	0.02 	
69 	0.0 	0.0 	0.0 	0.0 	0.0 	0.0 	0.0 	0.81 	0.0 	0.0 	0.0 	0.0 	0.01 	0.0 	0.0 	0.16 	0.01 	0.0 	0.0 	0.0 	
70 	0.0 	0.0 	0.0 	0.0 	0.03 	0.0 	0.0 	0.0 	0.0 	0.37 	0.01 	0.0 	0.01 	0.18 	0.0 	0.0 	0.0 	0.0 	0.0 	0.4 	
71 	0.0 	0.0 	0.03 	0.0 	0.0 	0.0 	0.0 	0.0 	0.0 	0.0 	0.0 	0.0 	0.0 	0.0 	0.95 	0.02 	0.0 	0.0 	0.0 	0.0 	
72 	0.02 	0.0 	0.0 	0.06 	0.05 	0.01 	0.09 	0.0 	0.15 	0.05 	0.01 	0.0 	0.0 	0.08 	0.0 	0.01 	0.04 	0.01 	0.23 	0.19 	
73 	0.02 	0.01 	0.02 	0.03 	0.0 	0.01 	0.01 	0.0 	0.62 	0.02 	0.0 	0.01 	0.05 	0.04 	0.0 	0.03 	0.05 	0.0 	0.03 	0.04 	
74 	0.42 	0.19 	0.05 	0.01 	0.0 	0.02 	0.0 	0.02 	0.0 	0.0 	0.0 	0.04 	0.0 	0.0 	0.0 	0.19 	0.05 	0.0 	0.0 	0.0 	
75 	0.26 	0.0 	0.0 	0.0 	0.01 	0.0 	0.0 	0.0 	0.0 	0.09 	0.36 	0.0 	0.01 	0.08 	0.0 	0.06 	0.0 	0.01 	0.01 	0.11 	
76 	0.02 	0.04 	0.07 	0.23 	0.0 	0.04 	0.31 	0.02 	0.1 	0.0 	0.0 	0.04 	0.0 	0.02 	0.01 	0.06 	0.05 	0.0 	0.0 	0.0 	
77 	0.02 	0.13 	0.08 	0.03 	0.0 	0.07 	0.03 	0.14 	0.01 	0.08 	0.0 	0.04 	0.0 	0.04 	0.03 	0.08 	0.07 	0.0 	0.04 	0.1 	
78 	0.02 	0.0 	0.05 	0.0 	0.0 	0.0 	0.0 	0.0 	0.2 	0.0 	0.0 	0.0 	0.01 	0.01 	0.0 	0.0 	0.03 	0.03 	0.65 	0.0 	
79 	0.06 	0.0 	0.0 	0.0 	0.04 	0.0 	0.0 	0.0 	0.0 	0.21 	0.47 	0.0 	0.01 	0.0 	0.0 	0.03 	0.02 	0.0 	0.0 	0.15 	
80 	0.26 	0.05 	0.01 	0.1 	0.0 	0.08 	0.08 	0.02 	0.02 	0.0 	0.01 	0.14 	0.0 	0.0 	0.04 	0.16 	0.04 	0.0 	0.0 	0.0 	
81 	0.02 	0.35 	0.0 	0.04 	0.0 	0.08 	0.03 	0.0 	0.0 	0.08 	0.01 	0.28 	0.01 	0.0 	0.0 	0.01 	0.07 	0.0 	0.0 	0.01 	
82 	0.0 	0.0 	0.0 	0.0 	0.0 	0.0 	0.0 	0.0 	0.0 	0.02 	0.92 	0.0 	0.03 	0.02 	0.0 	0.0 	0.0 	0.0 	0.0 	0.0 	
83 	0.0 	0.0 	0.0 	0.0 	0.0 	0.0 	0.0 	0.0 	0.0 	0.3 	0.15 	0.0 	0.01 	0.0 	0.0 	0.0 	0.03 	0.0 	0.0 	0.51 	
84 	0.12 	0.13 	0.1 	0.08 	0.0 	0.1 	0.15 	0.01 	0.03 	0.0 	0.02 	0.15 	0.01 	0.01 	0.0 	0.08 	0.02 	0.0 	0.0 	0.0 	
85 	0.18 	0.08 	0.06 	0.0 	0.0 	0.04 	0.01 	0.0 	0.07 	0.01 	0.18 	0.27 	0.04 	0.02 	0.0 	0.02 	0.01 	0.0 	0.0 	0.0 	
86 	0.0 	0.01 	0.05 	0.02 	0.0 	0.0 	0.0 	0.9 	0.0 	0.0 	0.0 	0.02 	0.0 	0.0 	0.0 	0.0 	0.0 	0.0 	0.0 	0.0 	
87 	0.0 	0.01 	0.0 	0.0 	0.0 	0.02 	0.12 	0.0 	0.09 	0.0 	0.09 	0.06 	0.0 	0.12 	0.0 	0.0 	0.0 	0.02 	0.42 	0.02 	
88 	0.03 	0.15 	0.0 	0.0 	0.02 	0.0 	0.0 	0.0 	0.0 	0.0 	0.0 	0.51 	0.0 	0.0 	0.0 	0.23 	0.06 	0.0 	0.0 	0.0 	
89 	0.02 	0.0 	0.0 	0.0 	0.0 	0.0 	0.0 	0.0 	0.0 	0.1 	0.01 	0.0 	0.0 	0.0 	0.0 	0.0 	0.0 	0.0 	0.0 	0.87 	
90 	0.67 	0.0 	0.0 	0.0 	0.03 	0.0 	0.0 	0.18 	0.0 	0.02 	0.01 	0.0 	0.0 	0.0 	0.0 	0.0 	0.01 	0.0 	0.0 	0.08 	
91 	0.0 	0.06 	0.0 	0.0 	0.0 	0.0 	0.0 	0.0 	0.02 	0.52 	0.08 	0.02 	0.0 	0.0 	0.0 	0.0 	0.0 	0.0 	0.0 	0.31 	
92 	0.12 	0.0 	0.0 	0.0 	0.49 	0.0 	0.0 	0.01 	0.0 	0.05 	0.0 	0.0 	0.0 	0.03 	0.0 	0.02 	0.0 	0.0 	0.0 	0.28 	
93 	0.0 	0.06 	0.0 	0.25 	0.0 	0.02 	0.6 	0.0 	0.0 	0.0 	0.0 	0.05 	0.0 	0.0 	0.0 	0.01 	0.01 	0.0 	0.0 	0.0 	
94 	0.0 	0.0 	0.0 	0.0 	0.0 	0.93 	0.07 	0.0 	0.0 	0.0 	0.0 	0.0 	0.0 	0.0 	0.0 	0.0 	0.0 	0.0 	0.0 	0.0 	
95 	0.02 	0.01 	0.0 	0.0 	0.0 	0.01 	0.0 	0.01 	0.01 	0.15 	0.2 	0.03 	0.13 	0.0 	0.0 	0.02 	0.15 	0.0 	0.0 	0.26 	
96 	0.02 	0.0 	0.0 	0.02 	0.0 	0.04 	0.66 	0.16 	0.01 	0.02 	0.0 	0.01 	0.0 	0.0 	0.0 	0.04 	0.01 	0.0 	0.0 	0.02 	
97 	0.01 	0.02 	0.02 	0.42 	0.0 	0.0 	0.07 	0.03 	0.0 	0.01 	0.01 	0.01 	0.0 	0.0 	0.02 	0.06 	0.29 	0.0 	0.0 	0.02 	
98 	0.21 	0.03 	0.03 	0.01 	0.0 	0.01 	0.01 	0.03 	0.0 	0.02 	0.0 	0.0 	0.0 	0.0 	0.5 	0.08 	0.04 	0.0 	0.0 	0.02 	
99 	0.36 	0.01 	0.01 	0.05 	0.0 	0.04 	0.13 	0.05 	0.0 	0.0 	0.0 	0.18 	0.0 	0.0 	0.01 	0.06 	0.05 	0.0 	0.0 	0.04 	
100 	0.11 	0.0 	0.06 	0.02 	0.01 	0.07 	0.11 	0.04 	0.0 	0.03 	0.1 	0.07 	0.03 	0.0 	0.04 	0.1 	0.19 	0.0 	0.0 	0.02 	
101 	0.3 	0.01 	0.03 	0.0 	0.0 	0.0 	0.03 	0.04 	0.01 	0.01 	0.01 	0.19 	0.02 	0.0 	0.01 	0.24 	0.08 	0.0 	0.0 	0.02 	
102 	0.01 	0.05 	0.03 	0.01 	0.0 	0.02 	0.05 	0.03 	0.0 	0.0 	0.01 	0.64 	0.0 	0.0 	0.01 	0.08 	0.01 	0.0 	0.01 	0.03 	
103 	0.15 	0.01 	0.06 	0.01 	0.0 	0.01 	0.01 	0.54 	0.0 	0.0 	0.0 	0.07 	0.0 	0.0 	0.0 	0.1 	0.02 	0.0 	0.0 	0.0 	
104 	0.0 	0.0 	0.0 	0.01 	0.0 	0.0 	0.01 	0.0 	0.0 	0.14 	0.27 	0.0 	0.07 	0.0 	0.31 	0.01 	0.0 	0.0 	0.0 	0.16 	
105 	0.0 	0.0 	0.0 	0.0 	0.0 	0.0 	0.0 	0.0 	0.0 	0.09 	0.07 	0.02 	0.06 	0.16 	0.0 	0.0 	0.01 	0.0 	0.02 	0.55 	
106 	0.05 	0.11 	0.0 	0.03 	0.0 	0.06 	0.26 	0.01 	0.0 	0.04 	0.01 	0.27 	0.0 	0.01 	0.03 	0.04 	0.02 	0.0 	0.01 	0.05 	
107 	0.0 	1.0 	0.0 	0.0 	0.0 	0.0 	0.0 	0.0 	0.0 	0.0 	0.0 	0.0 	0.0 	0.0 	0.0 	0.0 	0.0 	0.0 	0.0 	0.0 	
108 	0.08 	0.03 	0.0 	0.09 	0.0 	0.05 	0.37 	0.09 	0.0 	0.0 	0.0 	0.25 	0.0 	0.0 	0.0 	0.02 	0.01 	0.0 	0.0 	0.0 	
109 	0.0 	0.0 	0.0 	0.0 	0.03 	0.0 	0.0 	0.0 	0.0 	0.24 	0.18 	0.0 	0.0 	0.0 	0.0 	0.0 	0.0 	0.0 	0.0 	0.55 	
110 	0.01 	0.0 	0.01 	0.0 	0.04 	0.03 	0.01 	0.0 	0.0 	0.06 	0.0 	0.01 	0.0 	0.0 	0.0 	0.06 	0.43 	0.0 	0.0 	0.33 	
111 	0.05 	0.52 	0.09 	0.01 	0.01 	0.13 	0.06 	0.06 	0.02 	0.0 	0.0 	0.04 	0.0 	0.0 	0.0 	0.01 	0.0 	0.0 	0.0 	0.0 	
112 	0.0 	0.0 	0.0 	0.0 	0.0 	0.0 	0.0 	0.0 	0.0 	0.33 	0.19 	0.0 	0.0 	0.02 	0.0 	0.0 	0.02 	0.0 	0.0 	0.43 	
113 	0.0 	0.0 	0.0 	0.0 	0.0 	0.0 	0.0 	0.0 	0.0 	0.28 	0.14 	0.01 	0.0 	0.06 	0.0 	0.0 	0.0 	0.0 	0.19 	0.32 	
114 	0.0 	0.0 	0.0 	0.0 	0.0 	0.0 	0.0 	0.0 	0.0 	0.0 	0.0 	0.0 	0.0 	0.0 	0.0 	0.08 	0.92 	0.0 	0.0 	0.0 	
115 	0.0 	0.0 	0.0 	0.0 	0.0 	0.0 	0.0 	0.0 	0.0 	0.0 	0.0 	0.0 	0.0 	0.0 	1.0 	0.0 	0.0 	0.0 	0.0 	0.0 	
