	A 	R 	N 	D 	C 	Q 	E 	G 	H 	I 	L 	K 	M 	F 	P 	S 	T 	W 	Y 	V 	
1 	0.0 	0.0 	0.0 	0.0 	0.0 	0.0 	0.0 	0.0 	0.0 	0.0 	0.0 	0.0 	0.0 	0.0 	0.0 	1.0 	0.0 	0.0 	0.0 	0.0 	
2 	0.0 	0.0 	0.0 	0.0 	0.0 	0.0 	0.0 	0.0 	0.0 	0.0 	0.0 	0.27 	0.0 	0.0 	0.0 	0.27 	0.46 	0.0 	0.0 	0.0 	
3 	0.0 	0.0 	0.0 	0.0 	0.0 	0.0 	0.0 	0.0 	0.0 	0.0 	0.0 	0.0 	0.0 	0.17 	0.0 	0.0 	0.0 	0.0 	0.83 	0.0 	
4 	0.0 	0.0 	0.0 	0.0 	0.0 	0.0 	0.13 	0.0 	0.0 	0.0 	0.0 	0.0 	0.0 	0.0 	0.0 	0.44 	0.43 	0.0 	0.0 	0.0 	
5 	0.0 	0.2 	0.06 	0.0 	0.0 	0.04 	0.07 	0.43 	0.0 	0.11 	0.0 	0.03 	0.0 	0.0 	0.0 	0.0 	0.04 	0.0 	0.0 	0.0 	
6 	0.0 	0.24 	0.0 	0.0 	0.0 	0.0 	0.11 	0.0 	0.0 	0.0 	0.0 	0.26 	0.0 	0.0 	0.4 	0.0 	0.0 	0.0 	0.0 	0.0 	
7 	0.0 	0.0 	0.0 	0.0 	0.0 	0.0 	0.0 	0.0 	0.0 	0.55 	0.23 	0.0 	0.0 	0.0 	0.0 	0.0 	0.0 	0.0 	0.0 	0.21 	
8 	0.05 	0.0 	0.06 	0.0 	0.0 	0.0 	0.16 	0.1 	0.0 	0.06 	0.09 	0.0 	0.0 	0.0 	0.0 	0.06 	0.13 	0.0 	0.0 	0.28 	
9 	0.0 	0.0 	0.0 	0.0 	0.0 	0.0 	0.0 	0.0 	0.0 	0.53 	0.07 	0.08 	0.03 	0.0 	0.09 	0.0 	0.0 	0.0 	0.0 	0.17 	
10 	0.08 	0.0 	0.06 	0.37 	0.0 	0.0 	0.21 	0.09 	0.0 	0.0 	0.09 	0.0 	0.0 	0.0 	0.0 	0.06 	0.0 	0.0 	0.0 	0.0 	
11 	0.0 	0.0 	0.0 	0.0 	0.0 	0.0 	0.05 	0.0 	0.17 	0.0 	0.0 	0.0 	0.0 	0.0 	0.78 	0.0 	0.0 	0.0 	0.0 	0.0 	
12 	0.0 	0.0 	0.0 	0.0 	0.0 	0.0 	0.0 	0.0 	0.0 	0.15 	0.15 	0.0 	0.03 	0.05 	0.0 	0.08 	0.14 	0.0 	0.0 	0.41 	
13 	0.1 	0.0 	0.0 	0.0 	0.0 	0.0 	0.0 	0.0 	0.0 	0.0 	0.08 	0.0 	0.0 	0.0 	0.0 	0.06 	0.71 	0.0 	0.0 	0.05 	
14 	0.05 	0.62 	0.0 	0.0 	0.0 	0.0 	0.0 	0.0 	0.0 	0.0 	0.06 	0.0 	0.04 	0.0 	0.0 	0.07 	0.0 	0.0 	0.0 	0.13 	
15 	0.0 	0.0 	0.0 	0.05 	0.0 	0.03 	0.05 	0.0 	0.04 	0.24 	0.23 	0.0 	0.06 	0.0 	0.0 	0.04 	0.0 	0.0 	0.0 	0.24 	
16 	0.0 	0.0 	0.0 	0.08 	0.0 	0.0 	0.68 	0.0 	0.2 	0.0 	0.0 	0.0 	0.04 	0.0 	0.0 	0.0 	0.0 	0.0 	0.0 	0.0 	
17 	0.0 	0.0 	0.0 	0.0 	0.0 	0.0 	0.03 	0.92 	0.0 	0.0 	0.0 	0.0 	0.0 	0.0 	0.05 	0.0 	0.0 	0.0 	0.0 	0.0 	
18 	0.03 	0.0 	0.03 	0.0 	0.0 	0.03 	0.04 	0.0 	0.32 	0.01 	0.02 	0.02 	0.0 	0.0 	0.02 	0.0 	0.04 	0.0 	0.03 	0.42 	
19 	0.05 	0.0 	0.0 	0.0 	0.0 	0.0 	0.01 	0.15 	0.0 	0.02 	0.4 	0.05 	0.06 	0.18 	0.0 	0.02 	0.02 	0.0 	0.01 	0.01 	
20 	0.0 	0.67 	0.0 	0.0 	0.0 	0.01 	0.01 	0.02 	0.0 	0.01 	0.0 	0.17 	0.0 	0.0 	0.04 	0.02 	0.01 	0.0 	0.0 	0.04 	
21 	0.03 	0.0 	0.01 	0.0 	0.05 	0.0 	0.0 	0.0 	0.0 	0.19 	0.44 	0.0 	0.04 	0.03 	0.0 	0.01 	0.0 	0.0 	0.01 	0.19 	
22 	0.02 	0.07 	0.02 	0.05 	0.0 	0.01 	0.17 	0.0 	0.01 	0.16 	0.05 	0.02 	0.04 	0.03 	0.0 	0.0 	0.09 	0.0 	0.0 	0.25 	
23 	0.05 	0.0 	0.0 	0.0 	0.04 	0.0 	0.0 	0.0 	0.0 	0.12 	0.43 	0.0 	0.05 	0.02 	0.0 	0.0 	0.0 	0.0 	0.0 	0.29 	
24 	0.02 	0.02 	0.05 	0.08 	0.0 	0.06 	0.37 	0.01 	0.04 	0.05 	0.02 	0.08 	0.01 	0.03 	0.0 	0.04 	0.08 	0.0 	0.01 	0.05 	
25 	0.0 	0.0 	0.0 	0.0 	0.0 	0.0 	0.0 	0.06 	0.0 	0.13 	0.51 	0.0 	0.07 	0.02 	0.0 	0.0 	0.03 	0.0 	0.0 	0.17 	
26 	0.0 	0.0 	0.03 	0.57 	0.0 	0.02 	0.29 	0.06 	0.01 	0.0 	0.0 	0.02 	0.0 	0.0 	0.0 	0.02 	0.0 	0.0 	0.0 	0.0 	
27 	0.0 	0.0 	0.11 	0.16 	0.0 	0.04 	0.12 	0.47 	0.0 	0.0 	0.0 	0.03 	0.06 	0.0 	0.0 	0.01 	0.0 	0.0 	0.0 	0.0 	
28 	0.0 	0.0 	0.08 	0.05 	0.0 	0.02 	0.56 	0.19 	0.0 	0.0 	0.01 	0.02 	0.0 	0.0 	0.0 	0.0 	0.04 	0.0 	0.0 	0.0 	
29 	0.01 	0.04 	0.06 	0.02 	0.0 	0.02 	0.08 	0.08 	0.01 	0.19 	0.01 	0.11 	0.01 	0.01 	0.0 	0.01 	0.09 	0.01 	0.07 	0.18 	
30 	0.0 	0.0 	0.0 	0.0 	0.02 	0.0 	0.0 	0.0 	0.0 	0.37 	0.03 	0.0 	0.0 	0.0 	0.04 	0.0 	0.0 	0.0 	0.0 	0.55 	
31 	0.04 	0.1 	0.01 	0.08 	0.0 	0.06 	0.09 	0.0 	0.0 	0.04 	0.02 	0.19 	0.01 	0.0 	0.0 	0.05 	0.09 	0.0 	0.01 	0.2 	
32 	0.1 	0.12 	0.12 	0.24 	0.03 	0.01 	0.09 	0.05 	0.01 	0.01 	0.02 	0.1 	0.01 	0.0 	0.0 	0.04 	0.01 	0.01 	0.0 	0.02 	
33 	0.38 	0.02 	0.02 	0.17 	0.08 	0.0 	0.03 	0.0 	0.0 	0.02 	0.03 	0.03 	0.02 	0.0 	0.0 	0.01 	0.04 	0.0 	0.0 	0.12 	
34 	0.01 	0.1 	0.03 	0.12 	0.0 	0.0 	0.1 	0.0 	0.01 	0.04 	0.03 	0.1 	0.01 	0.03 	0.09 	0.01 	0.03 	0.04 	0.09 	0.15 	
35 	0.02 	0.02 	0.02 	0.09 	0.04 	0.01 	0.06 	0.0 	0.03 	0.05 	0.16 	0.02 	0.0 	0.04 	0.16 	0.09 	0.03 	0.0 	0.03 	0.14 	
36 	0.02 	0.0 	0.05 	0.03 	0.02 	0.02 	0.0 	0.03 	0.23 	0.27 	0.09 	0.02 	0.02 	0.02 	0.01 	0.07 	0.05 	0.0 	0.0 	0.05 	
37 	0.04 	0.0 	0.0 	0.0 	0.0 	0.0 	0.0 	0.42 	0.0 	0.23 	0.01 	0.0 	0.0 	0.04 	0.0 	0.06 	0.05 	0.0 	0.0 	0.12 	
38 	0.01 	0.0 	0.0 	0.0 	0.0 	0.04 	0.0 	0.08 	0.03 	0.05 	0.06 	0.0 	0.05 	0.03 	0.0 	0.01 	0.28 	0.0 	0.2 	0.14 	
39 	0.05 	0.0 	0.07 	0.0 	0.0 	0.0 	0.18 	0.03 	0.04 	0.03 	0.26 	0.0 	0.09 	0.05 	0.1 	0.01 	0.0 	0.0 	0.0 	0.07 	
40 	0.0 	0.0 	0.0 	0.0 	0.0 	0.0 	0.0 	0.07 	0.44 	0.0 	0.08 	0.0 	0.0 	0.16 	0.0 	0.0 	0.0 	0.09 	0.05 	0.11 	
41 	0.0 	0.91 	0.0 	0.0 	0.0 	0.0 	0.0 	0.0 	0.0 	0.0 	0.0 	0.01 	0.0 	0.0 	0.0 	0.0 	0.08 	0.0 	0.0 	0.0 	
42 	0.05 	0.0 	0.01 	0.0 	0.06 	0.0 	0.0 	0.81 	0.0 	0.0 	0.0 	0.0 	0.02 	0.04 	0.0 	0.02 	0.0 	0.0 	0.0 	0.0 	
43 	0.08 	0.0 	0.0 	0.01 	0.0 	0.0 	0.0 	0.0 	0.03 	0.17 	0.09 	0.0 	0.11 	0.26 	0.0 	0.0 	0.17 	0.0 	0.02 	0.06 	
44 	0.0 	0.0 	0.0 	0.0 	0.0 	0.02 	0.98 	0.0 	0.0 	0.0 	0.0 	0.0 	0.0 	0.0 	0.0 	0.0 	0.0 	0.0 	0.0 	0.0 	
45 	0.02 	0.02 	0.0 	0.0 	0.0 	0.04 	0.01 	0.0 	0.0 	0.04 	0.02 	0.75 	0.01 	0.0 	0.0 	0.01 	0.04 	0.01 	0.01 	0.04 	
46 	0.01 	0.0 	0.03 	0.0 	0.0 	0.0 	0.02 	0.0 	0.03 	0.31 	0.31 	0.0 	0.13 	0.09 	0.0 	0.03 	0.03 	0.0 	0.0 	0.0 	
47 	0.27 	0.0 	0.01 	0.0 	0.07 	0.0 	0.0 	0.13 	0.0 	0.08 	0.22 	0.0 	0.09 	0.03 	0.0 	0.02 	0.03 	0.0 	0.0 	0.05 	
48 	0.0 	0.05 	0.0 	0.0 	0.0 	0.05 	0.7 	0.0 	0.0 	0.04 	0.01 	0.09 	0.02 	0.0 	0.0 	0.0 	0.02 	0.0 	0.0 	0.02 	
49 	0.03 	0.13 	0.19 	0.01 	0.0 	0.01 	0.01 	0.3 	0.07 	0.0 	0.0 	0.01 	0.01 	0.01 	0.0 	0.07 	0.05 	0.0 	0.08 	0.03 	
50 	0.01 	0.45 	0.01 	0.0 	0.01 	0.08 	0.01 	0.01 	0.03 	0.01 	0.06 	0.24 	0.03 	0.0 	0.0 	0.0 	0.01 	0.0 	0.01 	0.05 	
51 	0.02 	0.01 	0.04 	0.18 	0.0 	0.01 	0.0 	0.01 	0.02 	0.01 	0.01 	0.02 	0.01 	0.01 	0.16 	0.06 	0.41 	0.0 	0.01 	0.0 	
52 	0.04 	0.0 	0.02 	0.0 	0.01 	0.0 	0.0 	0.03 	0.0 	0.11 	0.02 	0.0 	0.01 	0.05 	0.12 	0.0 	0.01 	0.16 	0.42 	0.01 	
53 	0.03 	0.11 	0.08 	0.01 	0.0 	0.04 	0.16 	0.0 	0.1 	0.06 	0.12 	0.01 	0.01 	0.0 	0.06 	0.02 	0.07 	0.02 	0.04 	0.05 	
54 	0.04 	0.0 	0.02 	0.12 	0.0 	0.5 	0.12 	0.04 	0.0 	0.0 	0.0 	0.05 	0.02 	0.03 	0.0 	0.04 	0.02 	0.0 	0.0 	0.0 	
55 	0.32 	0.0 	0.05 	0.0 	0.01 	0.0 	0.01 	0.06 	0.0 	0.12 	0.0 	0.0 	0.0 	0.15 	0.0 	0.06 	0.03 	0.0 	0.11 	0.09 	
56 	0.0 	0.0 	0.01 	0.0 	0.0 	0.02 	0.0 	0.01 	0.0 	0.23 	0.22 	0.0 	0.06 	0.02 	0.16 	0.03 	0.03 	0.06 	0.0 	0.15 	
57 	0.09 	0.06 	0.0 	0.01 	0.0 	0.01 	0.0 	0.02 	0.05 	0.04 	0.0 	0.01 	0.03 	0.01 	0.52 	0.0 	0.08 	0.0 	0.01 	0.05 	
58 	0.03 	0.0 	0.02 	0.0 	0.01 	0.0 	0.0 	0.0 	0.0 	0.11 	0.16 	0.0 	0.0 	0.18 	0.0 	0.0 	0.03 	0.0 	0.44 	0.01 	
59 	0.06 	0.0 	0.0 	0.0 	0.01 	0.0 	0.01 	0.0 	0.0 	0.01 	0.05 	0.0 	0.07 	0.1 	0.0 	0.03 	0.38 	0.0 	0.02 	0.25 	
60 	0.02 	0.0 	0.02 	0.51 	0.0 	0.07 	0.09 	0.0 	0.0 	0.0 	0.0 	0.0 	0.01 	0.0 	0.12 	0.08 	0.07 	0.0 	0.0 	0.0 	
61 	0.0 	0.95 	0.0 	0.0 	0.0 	0.0 	0.0 	0.0 	0.0 	0.0 	0.0 	0.02 	0.0 	0.0 	0.0 	0.0 	0.02 	0.0 	0.0 	0.0 	
62 	0.02 	0.0 	0.0 	0.0 	0.0 	0.0 	0.0 	0.0 	0.02 	0.3 	0.31 	0.0 	0.15 	0.01 	0.0 	0.01 	0.02 	0.05 	0.0 	0.1 	
63 	0.0 	0.0 	0.04 	0.49 	0.37 	0.0 	0.01 	0.0 	0.0 	0.0 	0.03 	0.0 	0.0 	0.02 	0.0 	0.0 	0.0 	0.0 	0.01 	0.0 	
64 	0.04 	0.01 	0.03 	0.0 	0.01 	0.0 	0.0 	0.28 	0.0 	0.0 	0.0 	0.0 	0.0 	0.0 	0.0 	0.07 	0.0 	0.02 	0.53 	0.01 	
65 	0.04 	0.02 	0.0 	0.0 	0.01 	0.0 	0.0 	0.02 	0.0 	0.19 	0.33 	0.0 	0.01 	0.03 	0.03 	0.0 	0.01 	0.0 	0.03 	0.3 	
66 	0.24 	0.0 	0.02 	0.0 	0.38 	0.0 	0.01 	0.07 	0.01 	0.0 	0.01 	0.0 	0.02 	0.0 	0.0 	0.22 	0.01 	0.02 	0.0 	0.0 	
67 	0.11 	0.02 	0.01 	0.04 	0.01 	0.04 	0.01 	0.15 	0.01 	0.0 	0.0 	0.0 	0.08 	0.01 	0.2 	0.15 	0.13 	0.0 	0.01 	0.0 	
68 	0.07 	0.0 	0.01 	0.01 	0.01 	0.01 	0.02 	0.05 	0.03 	0.07 	0.06 	0.0 	0.31 	0.08 	0.03 	0.02 	0.05 	0.0 	0.07 	0.1 	
69 	0.19 	0.0 	0.09 	0.0 	0.08 	0.04 	0.02 	0.01 	0.01 	0.05 	0.04 	0.0 	0.05 	0.09 	0.02 	0.15 	0.08 	0.0 	0.01 	0.08 	
70 	0.03 	0.0 	0.4 	0.0 	0.0 	0.08 	0.02 	0.01 	0.37 	0.0 	0.0 	0.0 	0.01 	0.01 	0.0 	0.03 	0.03 	0.0 	0.01 	0.0 	
71 	0.13 	0.01 	0.25 	0.01 	0.02 	0.0 	0.34 	0.03 	0.08 	0.0 	0.0 	0.02 	0.0 	0.0 	0.01 	0.03 	0.03 	0.0 	0.01 	0.02 	
72 	0.05 	0.0 	0.0 	0.0 	0.0 	0.03 	0.02 	0.0 	0.19 	0.04 	0.32 	0.01 	0.08 	0.03 	0.0 	0.0 	0.07 	0.05 	0.03 	0.07 	
73 	0.51 	0.0 	0.0 	0.0 	0.05 	0.0 	0.0 	0.15 	0.0 	0.04 	0.0 	0.0 	0.02 	0.0 	0.07 	0.03 	0.11 	0.0 	0.0 	0.04 	
74 	0.07 	0.0 	0.03 	0.0 	0.0 	0.0 	0.0 	0.05 	0.01 	0.01 	0.02 	0.0 	0.0 	0.1 	0.0 	0.18 	0.04 	0.06 	0.41 	0.03 	
75 	0.21 	0.0 	0.0 	0.0 	0.17 	0.0 	0.0 	0.0 	0.01 	0.04 	0.04 	0.0 	0.0 	0.0 	0.0 	0.04 	0.05 	0.01 	0.0 	0.43 	
76 	0.01 	0.11 	0.09 	0.0 	0.01 	0.02 	0.08 	0.01 	0.01 	0.03 	0.34 	0.1 	0.12 	0.0 	0.0 	0.02 	0.02 	0.0 	0.01 	0.01 	
77 	0.82 	0.0 	0.0 	0.0 	0.05 	0.0 	0.0 	0.04 	0.0 	0.0 	0.0 	0.0 	0.0 	0.0 	0.0 	0.04 	0.04 	0.0 	0.0 	0.02 	
78 	0.04 	0.0 	0.0 	0.0 	0.01 	0.01 	0.0 	0.0 	0.0 	0.18 	0.03 	0.0 	0.01 	0.0 	0.06 	0.02 	0.03 	0.0 	0.0 	0.62 	
79 	0.0 	0.0 	0.02 	0.12 	0.0 	0.0 	0.86 	0.0 	0.0 	0.0 	0.0 	0.0 	0.0 	0.0 	0.0 	0.0 	0.0 	0.0 	0.0 	0.0 	
80 	0.09 	0.15 	0.07 	0.08 	0.0 	0.03 	0.02 	0.02 	0.01 	0.0 	0.0 	0.47 	0.0 	0.0 	0.0 	0.03 	0.03 	0.0 	0.0 	0.0 	
81 	0.23 	0.0 	0.0 	0.0 	0.03 	0.0 	0.0 	0.03 	0.0 	0.03 	0.54 	0.0 	0.1 	0.0 	0.0 	0.02 	0.0 	0.0 	0.0 	0.03 	
82 	0.17 	0.0 	0.0 	0.0 	0.06 	0.0 	0.0 	0.02 	0.0 	0.05 	0.46 	0.0 	0.07 	0.05 	0.0 	0.01 	0.02 	0.02 	0.03 	0.06 	
83 	0.0 	0.0 	0.09 	0.11 	0.0 	0.03 	0.01 	0.68 	0.0 	0.0 	0.0 	0.06 	0.0 	0.0 	0.0 	0.01 	0.0 	0.0 	0.0 	0.0 	
84 	0.02 	0.0 	0.0 	0.0 	0.04 	0.0 	0.0 	0.0 	0.0 	0.56 	0.08 	0.0 	0.03 	0.05 	0.0 	0.0 	0.01 	0.01 	0.0 	0.2 	
85 	0.03 	0.01 	0.01 	0.06 	0.0 	0.08 	0.52 	0.0 	0.02 	0.0 	0.0 	0.1 	0.0 	0.0 	0.02 	0.02 	0.07 	0.0 	0.0 	0.05 	
86 	0.05 	0.0 	0.0 	0.0 	0.0 	0.0 	0.0 	0.0 	0.0 	0.26 	0.03 	0.0 	0.0 	0.0 	0.09 	0.0 	0.0 	0.0 	0.0 	0.58 	
87 	0.0 	0.02 	0.0 	0.01 	0.0 	0.0 	0.01 	0.0 	0.0 	0.0 	0.0 	0.0 	0.0 	0.0 	0.89 	0.02 	0.06 	0.0 	0.0 	0.0 	
88 	0.01 	0.11 	0.01 	0.1 	0.0 	0.04 	0.37 	0.0 	0.0 	0.03 	0.04 	0.11 	0.0 	0.0 	0.1 	0.01 	0.03 	0.0 	0.01 	0.01 	
89 	0.04 	0.68 	0.1 	0.03 	0.0 	0.01 	0.03 	0.0 	0.0 	0.0 	0.0 	0.03 	0.0 	0.0 	0.03 	0.01 	0.05 	0.0 	0.0 	0.0 	
90 	0.76 	0.0 	0.0 	0.0 	0.02 	0.0 	0.0 	0.09 	0.0 	0.03 	0.0 	0.0 	0.0 	0.0 	0.0 	0.0 	0.0 	0.0 	0.0 	0.1 	
91 	0.01 	0.04 	0.05 	0.01 	0.0 	0.34 	0.17 	0.0 	0.03 	0.02 	0.02 	0.12 	0.0 	0.0 	0.0 	0.09 	0.05 	0.0 	0.03 	0.01 	
92 	0.03 	0.0 	0.0 	0.0 	0.01 	0.0 	0.0 	0.0 	0.0 	0.05 	0.14 	0.09 	0.04 	0.06 	0.0 	0.01 	0.05 	0.06 	0.38 	0.09 	
93 	0.01 	0.0 	0.0 	0.0 	0.0 	0.01 	0.0 	0.0 	0.0 	0.6 	0.22 	0.0 	0.09 	0.02 	0.0 	0.0 	0.02 	0.0 	0.01 	0.03 	
94 	0.0 	1.0 	0.0 	0.0 	0.0 	0.0 	0.0 	0.0 	0.0 	0.0 	0.0 	0.0 	0.0 	0.0 	0.0 	0.0 	0.0 	0.0 	0.0 	0.0 	
95 	0.04 	0.03 	0.08 	0.0 	0.0 	0.0 	0.15 	0.0 	0.0 	0.04 	0.0 	0.0 	0.04 	0.0 	0.0 	0.02 	0.1 	0.0 	0.0 	0.5 	
96 	0.01 	0.0 	0.0 	0.0 	0.0 	0.0 	0.0 	0.0 	0.0 	0.39 	0.35 	0.0 	0.21 	0.0 	0.0 	0.0 	0.0 	0.0 	0.0 	0.04 	
97 	0.07 	0.0 	0.0 	0.0 	0.01 	0.0 	0.0 	0.02 	0.0 	0.06 	0.23 	0.0 	0.25 	0.11 	0.0 	0.02 	0.06 	0.0 	0.06 	0.1 	
98 	0.15 	0.02 	0.04 	0.07 	0.06 	0.01 	0.02 	0.06 	0.08 	0.0 	0.19 	0.0 	0.06 	0.01 	0.0 	0.16 	0.02 	0.0 	0.02 	0.02 	
99 	0.04 	0.0 	0.02 	0.0 	0.0 	0.01 	0.73 	0.03 	0.0 	0.05 	0.05 	0.03 	0.0 	0.0 	0.0 	0.0 	0.0 	0.04 	0.01 	0.0 	
100 	0.11 	0.0 	0.01 	0.0 	0.0 	0.01 	0.0 	0.1 	0.0 	0.15 	0.49 	0.0 	0.01 	0.02 	0.0 	0.02 	0.06 	0.0 	0.01 	0.02 	
101 	0.07 	0.0 	0.22 	0.02 	0.01 	0.07 	0.07 	0.06 	0.05 	0.0 	0.06 	0.01 	0.0 	0.07 	0.0 	0.14 	0.15 	0.0 	0.01 	0.01 	
102 	0.0 	0.73 	0.01 	0.0 	0.02 	0.04 	0.0 	0.0 	0.01 	0.04 	0.0 	0.01 	0.05 	0.0 	0.0 	0.0 	0.01 	0.01 	0.08 	0.0 	
103 	0.0 	0.0 	0.0 	0.0 	0.01 	0.0 	0.02 	0.0 	0.0 	0.61 	0.15 	0.0 	0.04 	0.01 	0.0 	0.0 	0.01 	0.01 	0.0 	0.14 	
104 	0.22 	0.0 	0.06 	0.01 	0.03 	0.04 	0.07 	0.01 	0.22 	0.03 	0.16 	0.01 	0.03 	0.0 	0.0 	0.08 	0.03 	0.0 	0.0 	0.0 	
105 	0.01 	0.0 	0.23 	0.18 	0.0 	0.0 	0.0 	0.01 	0.0 	0.0 	0.0 	0.0 	0.0 	0.0 	0.0 	0.55 	0.0 	0.0 	0.0 	0.0 	
106 	0.0 	0.0 	0.01 	0.0 	0.0 	0.0 	0.0 	0.0 	0.98 	0.0 	0.0 	0.0 	0.0 	0.0 	0.0 	0.0 	0.0 	0.0 	0.0 	0.0 	
107 	0.1 	0.0 	0.0 	0.0 	0.02 	0.02 	0.01 	0.02 	0.0 	0.09 	0.58 	0.0 	0.06 	0.01 	0.0 	0.02 	0.03 	0.0 	0.0 	0.03 	
108 	0.02 	0.0 	0.0 	0.0 	0.0 	0.0 	0.0 	0.0 	0.0 	0.09 	0.46 	0.0 	0.06 	0.02 	0.01 	0.01 	0.03 	0.01 	0.0 	0.28 	
109 	0.12 	0.01 	0.16 	0.01 	0.03 	0.01 	0.01 	0.05 	0.22 	0.03 	0.05 	0.01 	0.0 	0.06 	0.01 	0.03 	0.01 	0.16 	0.02 	0.01 	
110 	0.01 	0.0 	0.0 	0.0 	0.0 	0.0 	0.0 	0.0 	0.01 	0.06 	0.4 	0.0 	0.01 	0.35 	0.0 	0.0 	0.01 	0.03 	0.02 	0.08 	
111 	0.02 	0.0 	0.0 	0.0 	0.01 	0.0 	0.01 	0.47 	0.02 	0.03 	0.03 	0.01 	0.0 	0.04 	0.0 	0.03 	0.01 	0.0 	0.28 	0.03 	
112 	0.23 	0.0 	0.02 	0.01 	0.01 	0.03 	0.0 	0.08 	0.18 	0.03 	0.06 	0.0 	0.01 	0.08 	0.02 	0.06 	0.13 	0.0 	0.05 	0.0 	
113 	0.02 	0.01 	0.01 	0.03 	0.05 	0.01 	0.01 	0.01 	0.0 	0.06 	0.42 	0.01 	0.08 	0.06 	0.01 	0.04 	0.15 	0.0 	0.01 	0.02 	
114 	0.22 	0.0 	0.01 	0.0 	0.0 	0.04 	0.0 	0.09 	0.36 	0.06 	0.08 	0.0 	0.03 	0.02 	0.0 	0.02 	0.0 	0.0 	0.02 	0.05 	
115 	0.53 	0.01 	0.0 	0.04 	0.0 	0.0 	0.0 	0.16 	0.0 	0.02 	0.13 	0.0 	0.0 	0.0 	0.0 	0.03 	0.01 	0.0 	0.0 	0.05 	
116 	0.03 	0.0 	0.0 	0.0 	0.0 	0.06 	0.0 	0.01 	0.0 	0.0 	0.52 	0.0 	0.09 	0.03 	0.19 	0.01 	0.0 	0.0 	0.02 	0.02 	
117 	0.01 	0.0 	0.0 	0.83 	0.0 	0.0 	0.03 	0.06 	0.02 	0.0 	0.01 	0.0 	0.0 	0.0 	0.0 	0.0 	0.01 	0.0 	0.0 	0.0 	
118 	0.06 	0.01 	0.01 	0.01 	0.02 	0.01 	0.01 	0.04 	0.0 	0.07 	0.16 	0.01 	0.05 	0.14 	0.01 	0.01 	0.05 	0.15 	0.08 	0.12 	
119 	0.05 	0.04 	0.01 	0.0 	0.02 	0.0 	0.0 	0.25 	0.0 	0.06 	0.05 	0.0 	0.14 	0.03 	0.0 	0.01 	0.0 	0.0 	0.03 	0.29 	
120 	0.21 	0.01 	0.08 	0.13 	0.0 	0.01 	0.01 	0.2 	0.0 	0.01 	0.05 	0.01 	0.0 	0.09 	0.01 	0.1 	0.07 	0.0 	0.01 	0.01 	
121 	0.06 	0.02 	0.01 	0.01 	0.0 	0.01 	0.01 	0.03 	0.04 	0.07 	0.12 	0.01 	0.14 	0.03 	0.2 	0.01 	0.01 	0.02 	0.08 	0.12 	
122 	0.07 	0.01 	0.01 	0.01 	0.0 	0.01 	0.03 	0.03 	0.0 	0.02 	0.08 	0.03 	0.03 	0.01 	0.01 	0.09 	0.34 	0.0 	0.01 	0.21 	
123 	0.06 	0.02 	0.07 	0.03 	0.0 	0.01 	0.01 	0.03 	0.0 	0.04 	0.05 	0.01 	0.02 	0.16 	0.09 	0.12 	0.12 	0.0 	0.01 	0.15 	
124 	0.22 	0.03 	0.01 	0.01 	0.0 	0.01 	0.02 	0.1 	0.0 	0.04 	0.03 	0.01 	0.03 	0.18 	0.11 	0.01 	0.01 	0.04 	0.13 	0.02 	
125 	0.03 	0.01 	0.01 	0.01 	0.01 	0.01 	0.05 	0.01 	0.0 	0.09 	0.49 	0.01 	0.14 	0.04 	0.04 	0.01 	0.03 	0.0 	0.0 	0.01 	
126 	0.04 	0.03 	0.03 	0.07 	0.0 	0.03 	0.04 	0.01 	0.0 	0.01 	0.04 	0.18 	0.0 	0.17 	0.01 	0.03 	0.03 	0.02 	0.27 	0.01 	
127 	0.54 	0.13 	0.01 	0.01 	0.0 	0.01 	0.02 	0.01 	0.0 	0.02 	0.01 	0.01 	0.02 	0.01 	0.01 	0.03 	0.12 	0.0 	0.01 	0.02 	
128 	0.01 	0.01 	0.05 	0.57 	0.0 	0.01 	0.2 	0.01 	0.0 	0.01 	0.02 	0.01 	0.0 	0.01 	0.04 	0.01 	0.01 	0.0 	0.01 	0.01 	
129 	0.01 	0.38 	0.01 	0.01 	0.03 	0.01 	0.01 	0.01 	0.0 	0.03 	0.05 	0.04 	0.0 	0.01 	0.35 	0.01 	0.01 	0.0 	0.0 	0.04 	
130 	0.14 	0.04 	0.02 	0.04 	0.0 	0.08 	0.34 	0.01 	0.0 	0.01 	0.06 	0.08 	0.02 	0.03 	0.01 	0.01 	0.03 	0.0 	0.06 	0.03 	
131 	0.18 	0.11 	0.01 	0.05 	0.0 	0.06 	0.13 	0.03 	0.03 	0.0 	0.01 	0.34 	0.02 	0.0 	0.0 	0.01 	0.01 	0.0 	0.0 	0.01 	
132 	0.23 	0.07 	0.0 	0.01 	0.01 	0.0 	0.04 	0.06 	0.0 	0.21 	0.07 	0.01 	0.0 	0.0 	0.0 	0.03 	0.11 	0.0 	0.0 	0.14 	
133 	0.08 	0.0 	0.07 	0.01 	0.0 	0.03 	0.01 	0.01 	0.01 	0.0 	0.08 	0.01 	0.15 	0.1 	0.08 	0.18 	0.01 	0.0 	0.12 	0.06 	
134 	0.05 	0.04 	0.0 	0.38 	0.0 	0.02 	0.16 	0.01 	0.0 	0.0 	0.07 	0.06 	0.05 	0.0 	0.0 	0.08 	0.01 	0.0 	0.0 	0.03 	
135 	0.03 	0.0 	0.0 	0.01 	0.01 	0.0 	0.01 	0.06 	0.0 	0.23 	0.31 	0.01 	0.05 	0.02 	0.0 	0.01 	0.01 	0.0 	0.0 	0.23 	
136 	0.25 	0.01 	0.01 	0.01 	0.0 	0.06 	0.01 	0.05 	0.0 	0.16 	0.11 	0.03 	0.0 	0.07 	0.02 	0.02 	0.01 	0.0 	0.11 	0.06 	
137 	0.04 	0.06 	0.05 	0.03 	0.0 	0.13 	0.43 	0.01 	0.01 	0.01 	0.01 	0.05 	0.0 	0.03 	0.04 	0.07 	0.01 	0.0 	0.01 	0.01 	
138 	0.28 	0.02 	0.01 	0.07 	0.0 	0.01 	0.01 	0.12 	0.0 	0.01 	0.06 	0.05 	0.11 	0.02 	0.03 	0.17 	0.02 	0.0 	0.01 	0.01 	
139 	0.03 	0.01 	0.01 	0.01 	0.0 	0.01 	0.01 	0.01 	0.06 	0.34 	0.09 	0.01 	0.03 	0.07 	0.01 	0.01 	0.01 	0.0 	0.03 	0.27 	
140 	0.15 	0.02 	0.01 	0.01 	0.09 	0.01 	0.03 	0.04 	0.0 	0.04 	0.05 	0.01 	0.0 	0.0 	0.01 	0.33 	0.18 	0.0 	0.0 	0.03 	
141 	0.09 	0.01 	0.01 	0.01 	0.0 	0.0 	0.01 	0.43 	0.0 	0.04 	0.05 	0.01 	0.06 	0.0 	0.2 	0.02 	0.04 	0.0 	0.0 	0.01 	
142 	0.32 	0.17 	0.06 	0.01 	0.0 	0.0 	0.04 	0.03 	0.03 	0.01 	0.01 	0.04 	0.0 	0.03 	0.01 	0.05 	0.01 	0.08 	0.12 	0.01 	
143 	0.03 	0.46 	0.0 	0.01 	0.0 	0.03 	0.01 	0.01 	0.1 	0.01 	0.01 	0.19 	0.0 	0.0 	0.05 	0.01 	0.01 	0.0 	0.08 	0.01 	
144 	0.05 	0.06 	0.06 	0.04 	0.0 	0.01 	0.01 	0.01 	0.0 	0.01 	0.07 	0.01 	0.33 	0.03 	0.01 	0.11 	0.08 	0.0 	0.0 	0.11 	
145 	0.03 	0.04 	0.08 	0.01 	0.0 	0.01 	0.01 	0.12 	0.23 	0.01 	0.01 	0.01 	0.03 	0.0 	0.1 	0.15 	0.16 	0.0 	0.0 	0.01 	
146 	0.21 	0.0 	0.0 	0.0 	0.0 	0.11 	0.01 	0.08 	0.0 	0.04 	0.03 	0.0 	0.0 	0.0 	0.28 	0.05 	0.05 	0.0 	0.05 	0.07 	
147 	0.21 	0.0 	0.05 	0.08 	0.03 	0.0 	0.07 	0.29 	0.0 	0.0 	0.0 	0.03 	0.0 	0.0 	0.05 	0.14 	0.03 	0.0 	0.0 	0.0 	
148 	0.02 	0.0 	0.0 	0.07 	0.0 	0.0 	0.07 	0.0 	0.0 	0.06 	0.03 	0.0 	0.04 	0.08 	0.0 	0.02 	0.0 	0.13 	0.35 	0.11 	
149 	0.0 	0.0 	0.0 	0.0 	0.0 	0.0 	0.0 	0.06 	0.0 	0.06 	0.1 	0.0 	0.03 	0.45 	0.01 	0.0 	0.01 	0.0 	0.14 	0.1 	
150 	0.03 	0.56 	0.0 	0.0 	0.0 	0.02 	0.06 	0.0 	0.0 	0.05 	0.0 	0.1 	0.02 	0.02 	0.0 	0.0 	0.07 	0.0 	0.0 	0.03 	
151 	0.24 	0.09 	0.01 	0.24 	0.0 	0.01 	0.01 	0.03 	0.02 	0.1 	0.02 	0.1 	0.0 	0.01 	0.03 	0.02 	0.05 	0.0 	0.01 	0.01 	
152 	0.01 	0.0 	0.04 	0.0 	0.0 	0.0 	0.07 	0.15 	0.0 	0.19 	0.12 	0.0 	0.0 	0.0 	0.0 	0.01 	0.05 	0.0 	0.0 	0.35 	
153 	0.0 	0.04 	0.0 	0.0 	0.0 	0.26 	0.0 	0.42 	0.0 	0.0 	0.04 	0.05 	0.0 	0.0 	0.14 	0.0 	0.0 	0.0 	0.02 	0.0 	
154 	0.02 	0.02 	0.08 	0.25 	0.0 	0.04 	0.06 	0.26 	0.0 	0.01 	0.04 	0.06 	0.0 	0.0 	0.0 	0.0 	0.11 	0.0 	0.0 	0.04 	
155 	0.0 	0.35 	0.0 	0.02 	0.0 	0.0 	0.0 	0.01 	0.0 	0.0 	0.16 	0.24 	0.04 	0.0 	0.0 	0.0 	0.08 	0.0 	0.0 	0.09 	
156 	0.17 	0.08 	0.01 	0.01 	0.0 	0.04 	0.01 	0.01 	0.0 	0.1 	0.22 	0.06 	0.14 	0.0 	0.01 	0.04 	0.01 	0.0 	0.02 	0.08 	
157 	0.12 	0.09 	0.01 	0.01 	0.0 	0.01 	0.03 	0.01 	0.0 	0.01 	0.04 	0.41 	0.0 	0.04 	0.12 	0.01 	0.08 	0.0 	0.0 	0.01 	
158 	0.12 	0.15 	0.01 	0.31 	0.0 	0.08 	0.05 	0.01 	0.0 	0.01 	0.01 	0.16 	0.0 	0.01 	0.01 	0.01 	0.03 	0.0 	0.01 	0.01 	
159 	0.05 	0.03 	0.06 	0.01 	0.0 	0.01 	0.01 	0.01 	0.0 	0.05 	0.3 	0.01 	0.0 	0.26 	0.01 	0.01 	0.01 	0.0 	0.12 	0.05 	
160 	0.04 	0.01 	0.01 	0.01 	0.0 	0.03 	0.04 	0.01 	0.0 	0.07 	0.03 	0.04 	0.03 	0.04 	0.21 	0.01 	0.01 	0.0 	0.01 	0.38 	
161 	0.11 	0.04 	0.01 	0.03 	0.01 	0.01 	0.48 	0.02 	0.01 	0.01 	0.03 	0.09 	0.01 	0.01 	0.04 	0.02 	0.02 	0.0 	0.01 	0.05 	
162 	0.02 	0.02 	0.04 	0.07 	0.01 	0.01 	0.02 	0.26 	0.01 	0.02 	0.03 	0.07 	0.04 	0.01 	0.02 	0.3 	0.03 	0.0 	0.01 	0.02 	
163 	0.08 	0.02 	0.02 	0.02 	0.01 	0.02 	0.02 	0.41 	0.01 	0.02 	0.03 	0.07 	0.01 	0.01 	0.02 	0.03 	0.02 	0.11 	0.05 	0.02 	
164 	0.17 	0.01 	0.04 	0.01 	0.0 	0.41 	0.07 	0.02 	0.01 	0.01 	0.02 	0.01 	0.01 	0.01 	0.09 	0.07 	0.01 	0.0 	0.01 	0.01 	
165 	0.02 	0.01 	0.01 	0.01 	0.0 	0.01 	0.09 	0.08 	0.01 	0.18 	0.32 	0.05 	0.06 	0.01 	0.01 	0.07 	0.04 	0.0 	0.01 	0.02 	
166 	0.14 	0.01 	0.01 	0.01 	0.0 	0.01 	0.02 	0.31 	0.17 	0.01 	0.02 	0.09 	0.01 	0.01 	0.07 	0.07 	0.01 	0.0 	0.01 	0.02 	
167 	0.02 	0.07 	0.01 	0.05 	0.03 	0.01 	0.01 	0.01 	0.0 	0.18 	0.05 	0.11 	0.0 	0.01 	0.32 	0.01 	0.01 	0.0 	0.01 	0.08 	
168 	0.06 	0.01 	0.01 	0.01 	0.0 	0.01 	0.01 	0.01 	0.08 	0.01 	0.12 	0.01 	0.0 	0.35 	0.01 	0.04 	0.01 	0.0 	0.06 	0.18 	
169 	0.12 	0.09 	0.01 	0.01 	0.0 	0.01 	0.01 	0.01 	0.0 	0.01 	0.01 	0.12 	0.11 	0.01 	0.08 	0.13 	0.26 	0.0 	0.0 	0.01 	
170 	0.05 	0.01 	0.42 	0.05 	0.06 	0.01 	0.06 	0.16 	0.0 	0.01 	0.02 	0.01 	0.0 	0.08 	0.01 	0.01 	0.01 	0.0 	0.01 	0.01 	
171 	0.18 	0.02 	0.07 	0.02 	0.01 	0.06 	0.02 	0.23 	0.01 	0.02 	0.1 	0.02 	0.01 	0.06 	0.02 	0.08 	0.06 	0.0 	0.01 	0.02 	
172 	0.02 	0.08 	0.01 	0.02 	0.01 	0.01 	0.1 	0.02 	0.01 	0.02 	0.03 	0.02 	0.01 	0.04 	0.02 	0.02 	0.02 	0.0 	0.54 	0.02 	
173 	0.02 	0.01 	0.01 	0.01 	0.0 	0.01 	0.01 	0.06 	0.0 	0.18 	0.07 	0.01 	0.0 	0.15 	0.01 	0.01 	0.01 	0.4 	0.01 	0.01 	
174 	0.03 	0.09 	0.02 	0.02 	0.01 	0.02 	0.03 	0.03 	0.01 	0.02 	0.16 	0.09 	0.01 	0.1 	0.21 	0.03 	0.03 	0.01 	0.01 	0.06 	
175 	0.03 	0.02 	0.06 	0.02 	0.01 	0.02 	0.03 	0.33 	0.01 	0.02 	0.04 	0.03 	0.01 	0.08 	0.1 	0.03 	0.09 	0.01 	0.01 	0.03 	
176 	0.02 	0.01 	0.01 	0.08 	0.0 	0.01 	0.01 	0.7 	0.0 	0.01 	0.02 	0.01 	0.0 	0.01 	0.01 	0.01 	0.06 	0.0 	0.01 	0.01 	
177 	0.02 	0.09 	0.16 	0.01 	0.0 	0.07 	0.06 	0.08 	0.18 	0.01 	0.05 	0.08 	0.01 	0.01 	0.01 	0.06 	0.01 	0.05 	0.01 	0.01 	
178 	0.1 	0.01 	0.01 	0.01 	0.0 	0.08 	0.01 	0.02 	0.0 	0.01 	0.1 	0.16 	0.01 	0.01 	0.22 	0.13 	0.01 	0.0 	0.01 	0.08 	
179 	0.34 	0.01 	0.01 	0.01 	0.0 	0.05 	0.01 	0.02 	0.0 	0.06 	0.09 	0.2 	0.01 	0.01 	0.01 	0.03 	0.05 	0.0 	0.01 	0.08 	
180 	0.01 	0.26 	0.01 	0.01 	0.0 	0.01 	0.09 	0.01 	0.0 	0.01 	0.01 	0.01 	0.03 	0.11 	0.04 	0.04 	0.01 	0.0 	0.3 	0.01 	
181 	0.01 	0.11 	0.05 	0.08 	0.0 	0.09 	0.06 	0.01 	0.0 	0.06 	0.08 	0.17 	0.03 	0.01 	0.01 	0.01 	0.01 	0.0 	0.14 	0.06 	
182 	0.04 	0.01 	0.01 	0.01 	0.0 	0.01 	0.01 	0.01 	0.0 	0.11 	0.56 	0.01 	0.0 	0.04 	0.01 	0.04 	0.13 	0.0 	0.0 	0.01 	
183 	0.02 	0.01 	0.01 	0.05 	0.0 	0.07 	0.18 	0.01 	0.0 	0.08 	0.02 	0.01 	0.0 	0.01 	0.36 	0.09 	0.06 	0.0 	0.01 	0.01 	
184 	0.07 	0.01 	0.01 	0.07 	0.0 	0.01 	0.12 	0.01 	0.0 	0.01 	0.02 	0.08 	0.0 	0.01 	0.48 	0.01 	0.06 	0.0 	0.01 	0.01 	
185 	0.07 	0.04 	0.01 	0.08 	0.0 	0.01 	0.62 	0.01 	0.0 	0.01 	0.02 	0.05 	0.0 	0.01 	0.01 	0.01 	0.01 	0.0 	0.01 	0.01 	
186 	0.26 	0.23 	0.01 	0.01 	0.0 	0.05 	0.11 	0.01 	0.0 	0.01 	0.07 	0.01 	0.0 	0.01 	0.04 	0.01 	0.05 	0.0 	0.01 	0.1 	
187 	0.02 	0.01 	0.25 	0.3 	0.0 	0.01 	0.01 	0.01 	0.0 	0.01 	0.11 	0.07 	0.0 	0.01 	0.08 	0.07 	0.01 	0.0 	0.01 	0.01 	
188 	0.02 	0.01 	0.01 	0.08 	0.0 	0.01 	0.18 	0.01 	0.0 	0.01 	0.48 	0.06 	0.0 	0.01 	0.01 	0.01 	0.01 	0.0 	0.01 	0.07 	
189 	0.02 	0.01 	0.01 	0.01 	0.0 	0.01 	0.06 	0.01 	0.0 	0.35 	0.13 	0.01 	0.27 	0.01 	0.01 	0.01 	0.01 	0.0 	0.01 	0.05 	
190 	0.54 	0.02 	0.02 	0.02 	0.01 	0.02 	0.02 	0.07 	0.01 	0.02 	0.03 	0.02 	0.01 	0.01 	0.02 	0.03 	0.07 	0.0 	0.01 	0.06 	
191 	0.04 	0.03 	0.02 	0.03 	0.01 	0.07 	0.03 	0.04 	0.01 	0.03 	0.18 	0.03 	0.01 	0.06 	0.03 	0.03 	0.15 	0.01 	0.02 	0.2 	
192 	0.3 	0.03 	0.02 	0.03 	0.01 	0.02 	0.08 	0.04 	0.01 	0.03 	0.04 	0.03 	0.01 	0.02 	0.12 	0.07 	0.1 	0.01 	0.02 	0.03 	
193 	0.13 	0.02 	0.02 	0.02 	0.01 	0.07 	0.03 	0.03 	0.38 	0.02 	0.04 	0.07 	0.01 	0.02 	0.02 	0.03 	0.03 	0.01 	0.01 	0.03 	
194 	0.03 	0.02 	0.02 	0.02 	0.01 	0.02 	0.03 	0.03 	0.01 	0.02 	0.09 	0.03 	0.01 	0.02 	0.02 	0.03 	0.03 	0.01 	0.52 	0.03 	
195 	0.03 	0.02 	0.02 	0.02 	0.01 	0.02 	0.02 	0.03 	0.01 	0.11 	0.57 	0.02 	0.01 	0.01 	0.02 	0.03 	0.02 	0.0 	0.01 	0.02 	
196 	0.02 	0.07 	0.01 	0.11 	0.0 	0.12 	0.37 	0.02 	0.01 	0.01 	0.02 	0.15 	0.01 	0.01 	0.01 	0.02 	0.01 	0.0 	0.01 	0.02 	
197 	0.56 	0.01 	0.01 	0.01 	0.0 	0.01 	0.11 	0.02 	0.01 	0.07 	0.02 	0.06 	0.01 	0.01 	0.01 	0.02 	0.01 	0.0 	0.01 	0.02 	
198 	0.07 	0.01 	0.01 	0.01 	0.0 	0.01 	0.02 	0.02 	0.01 	0.08 	0.59 	0.01 	0.01 	0.01 	0.01 	0.02 	0.01 	0.0 	0.01 	0.08 	
199 	0.02 	0.14 	0.01 	0.22 	0.01 	0.01 	0.31 	0.02 	0.03 	0.02 	0.03 	0.07 	0.01 	0.01 	0.02 	0.02 	0.02 	0.0 	0.01 	0.02 	
200 	0.02 	0.16 	0.01 	0.01 	0.04 	0.01 	0.02 	0.02 	0.01 	0.14 	0.22 	0.02 	0.08 	0.08 	0.01 	0.02 	0.02 	0.0 	0.01 	0.11 	
201 	0.02 	0.19 	0.06 	0.01 	0.01 	0.38 	0.02 	0.02 	0.01 	0.01 	0.16 	0.02 	0.01 	0.01 	0.01 	0.02 	0.02 	0.0 	0.01 	0.02 	
202 	0.02 	0.22 	0.01 	0.01 	0.0 	0.01 	0.07 	0.01 	0.0 	0.01 	0.18 	0.25 	0.0 	0.01 	0.01 	0.01 	0.01 	0.0 	0.01 	0.15 	
203 	0.05 	0.1 	0.08 	0.09 	0.0 	0.01 	0.22 	0.01 	0.0 	0.12 	0.02 	0.18 	0.0 	0.01 	0.01 	0.01 	0.01 	0.0 	0.01 	0.05 	
204 	0.31 	0.01 	0.01 	0.13 	0.05 	0.01 	0.05 	0.01 	0.0 	0.2 	0.02 	0.01 	0.0 	0.01 	0.01 	0.01 	0.01 	0.1 	0.01 	0.03 	
205 	0.27 	0.01 	0.14 	0.01 	0.0 	0.07 	0.01 	0.06 	0.05 	0.06 	0.08 	0.01 	0.0 	0.01 	0.01 	0.01 	0.01 	0.0 	0.0 	0.19 	
206 	0.01 	0.1 	0.01 	0.07 	0.0 	0.09 	0.3 	0.01 	0.0 	0.01 	0.01 	0.24 	0.0 	0.01 	0.01 	0.04 	0.07 	0.0 	0.0 	0.01 	
207 	0.1 	0.0 	0.0 	0.01 	0.0 	0.03 	0.06 	0.01 	0.0 	0.46 	0.04 	0.01 	0.09 	0.0 	0.0 	0.06 	0.04 	0.0 	0.0 	0.08 	
208 	0.01 	0.01 	0.0 	0.01 	0.0 	0.0 	0.01 	0.08 	0.23 	0.01 	0.01 	0.06 	0.28 	0.0 	0.01 	0.01 	0.05 	0.0 	0.0 	0.23 	
209 	0.41 	0.08 	0.01 	0.07 	0.0 	0.01 	0.01 	0.01 	0.0 	0.08 	0.01 	0.01 	0.0 	0.01 	0.01 	0.01 	0.19 	0.0 	0.0 	0.06 	
210 	0.09 	0.01 	0.01 	0.01 	0.0 	0.05 	0.1 	0.01 	0.0 	0.36 	0.05 	0.01 	0.05 	0.01 	0.01 	0.01 	0.07 	0.0 	0.0 	0.15 	
211 	0.08 	0.0 	0.0 	0.01 	0.0 	0.0 	0.01 	0.01 	0.0 	0.12 	0.13 	0.01 	0.0 	0.41 	0.0 	0.01 	0.08 	0.04 	0.08 	0.01 	
212 	0.01 	0.01 	0.01 	0.01 	0.0 	0.01 	0.01 	0.88 	0.0 	0.01 	0.01 	0.01 	0.0 	0.0 	0.01 	0.01 	0.01 	0.0 	0.0 	0.01 	
213 	0.16 	0.01 	0.01 	0.01 	0.0 	0.05 	0.01 	0.62 	0.0 	0.01 	0.01 	0.06 	0.0 	0.01 	0.01 	0.01 	0.01 	0.0 	0.0 	0.01 	
214 	0.01 	0.19 	0.01 	0.05 	0.0 	0.01 	0.14 	0.01 	0.0 	0.01 	0.01 	0.51 	0.0 	0.01 	0.01 	0.01 	0.01 	0.0 	0.0 	0.01 	
215 	0.14 	0.01 	0.38 	0.01 	0.0 	0.05 	0.07 	0.01 	0.0 	0.01 	0.02 	0.01 	0.1 	0.01 	0.09 	0.01 	0.05 	0.0 	0.01 	0.01 	
216 	0.02 	0.01 	0.01 	0.01 	0.01 	0.01 	0.02 	0.02 	0.01 	0.27 	0.02 	0.02 	0.01 	0.01 	0.48 	0.02 	0.02 	0.0 	0.01 	0.02 	
217 	0.02 	0.01 	0.01 	0.01 	0.0 	0.01 	0.01 	0.02 	0.78 	0.01 	0.02 	0.01 	0.0 	0.01 	0.01 	0.02 	0.01 	0.0 	0.01 	0.01 	
218 	0.08 	0.01 	0.01 	0.01 	0.0 	0.01 	0.01 	0.12 	0.0 	0.05 	0.02 	0.01 	0.0 	0.01 	0.43 	0.02 	0.12 	0.0 	0.01 	0.06 	
219 	0.02 	0.01 	0.24 	0.01 	0.0 	0.25 	0.01 	0.02 	0.0 	0.12 	0.02 	0.01 	0.0 	0.01 	0.07 	0.09 	0.09 	0.0 	0.01 	0.01 	
220 	0.02 	0.01 	0.29 	0.01 	0.0 	0.01 	0.01 	0.07 	0.0 	0.01 	0.02 	0.01 	0.0 	0.13 	0.01 	0.13 	0.01 	0.11 	0.11 	0.01 	
221 	0.04 	0.02 	0.02 	0.02 	0.01 	0.02 	0.03 	0.03 	0.01 	0.14 	0.13 	0.03 	0.06 	0.02 	0.09 	0.16 	0.13 	0.01 	0.01 	0.03 	
222 	0.06 	0.08 	0.01 	0.01 	0.0 	0.01 	0.01 	0.02 	0.0 	0.06 	0.14 	0.13 	0.07 	0.01 	0.01 	0.02 	0.13 	0.0 	0.01 	0.22 	
223 	0.02 	0.01 	0.01 	0.01 	0.0 	0.01 	0.01 	0.02 	0.0 	0.08 	0.02 	0.01 	0.0 	0.01 	0.19 	0.02 	0.01 	0.0 	0.01 	0.54 	
224 	0.02 	0.01 	0.01 	0.01 	0.0 	0.01 	0.01 	0.79 	0.0 	0.01 	0.02 	0.01 	0.0 	0.01 	0.01 	0.02 	0.01 	0.0 	0.01 	0.01 	
225 	0.01 	0.01 	0.01 	0.01 	0.0 	0.01 	0.01 	0.86 	0.0 	0.01 	0.01 	0.01 	0.0 	0.01 	0.01 	0.01 	0.01 	0.0 	0.0 	0.01 	
226 	0.05 	0.0 	0.0 	0.0 	0.06 	0.0 	0.0 	0.0 	0.0 	0.08 	0.14 	0.0 	0.2 	0.06 	0.0 	0.0 	0.0 	0.0 	0.0 	0.38 	
227 	0.09 	0.01 	0.06 	0.05 	0.0 	0.07 	0.09 	0.06 	0.0 	0.01 	0.01 	0.01 	0.0 	0.0 	0.19 	0.07 	0.26 	0.0 	0.0 	0.01 	
228 	0.01 	0.06 	0.16 	0.01 	0.28 	0.01 	0.05 	0.01 	0.0 	0.01 	0.18 	0.08 	0.0 	0.01 	0.01 	0.01 	0.05 	0.0 	0.01 	0.05 	
229 	0.16 	0.01 	0.06 	0.01 	0.0 	0.01 	0.01 	0.01 	0.0 	0.04 	0.15 	0.01 	0.16 	0.01 	0.01 	0.06 	0.01 	0.0 	0.16 	0.14 	
230 	0.08 	0.01 	0.01 	0.23 	0.0 	0.04 	0.06 	0.16 	0.0 	0.15 	0.06 	0.14 	0.0 	0.01 	0.01 	0.01 	0.01 	0.0 	0.0 	0.01 	
231 	0.2 	0.0 	0.15 	0.11 	0.0 	0.04 	0.09 	0.03 	0.0 	0.05 	0.01 	0.0 	0.0 	0.0 	0.05 	0.2 	0.0 	0.0 	0.0 	0.04 	
232 	0.0 	0.0 	0.0 	0.0 	0.0 	0.0 	0.04 	0.0 	0.0 	0.21 	0.59 	0.0 	0.0 	0.0 	0.11 	0.0 	0.0 	0.0 	0.0 	0.05 	
233 	0.12 	0.03 	0.3 	0.1 	0.0 	0.0 	0.0 	0.0 	0.0 	0.0 	0.0 	0.0 	0.0 	0.05 	0.0 	0.06 	0.35 	0.0 	0.0 	0.0 	
234 	0.1 	0.0 	0.0 	0.04 	0.02 	0.04 	0.23 	0.0 	0.0 	0.0 	0.1 	0.1 	0.2 	0.0 	0.18 	0.0 	0.0 	0.0 	0.0 	0.0 	
235 	0.0 	0.0 	0.0 	0.18 	0.0 	0.13 	0.47 	0.0 	0.0 	0.0 	0.0 	0.08 	0.0 	0.0 	0.0 	0.1 	0.04 	0.0 	0.0 	0.0 	
236 	0.06 	0.44 	0.05 	0.04 	0.0 	0.0 	0.06 	0.07 	0.0 	0.0 	0.0 	0.05 	0.0 	0.0 	0.03 	0.04 	0.04 	0.0 	0.08 	0.05 	
237 	0.0 	0.0 	0.0 	0.0 	0.0 	0.04 	0.0 	0.0 	0.0 	0.07 	0.55 	0.0 	0.08 	0.1 	0.0 	0.0 	0.05 	0.0 	0.0 	0.11 	
238 	0.16 	0.0 	0.21 	0.09 	0.0 	0.0 	0.15 	0.05 	0.0 	0.0 	0.14 	0.0 	0.04 	0.0 	0.0 	0.08 	0.0 	0.0 	0.0 	0.07 	
239 	0.0 	0.0 	0.13 	0.1 	0.0 	0.08 	0.13 	0.0 	0.0 	0.0 	0.21 	0.12 	0.02 	0.12 	0.0 	0.0 	0.04 	0.0 	0.04 	0.0 	
240 	0.0 	0.0 	0.0 	0.0 	0.0 	0.0 	0.0 	0.05 	0.0 	0.25 	0.0 	0.04 	0.0 	0.07 	0.0 	0.0 	0.0 	0.04 	0.08 	0.43 	
241 	0.15 	0.07 	0.04 	0.0 	0.0 	0.05 	0.14 	0.0 	0.07 	0.06 	0.12 	0.15 	0.0 	0.0 	0.0 	0.04 	0.02 	0.0 	0.06 	0.0 	
242 	0.21 	0.0 	0.0 	0.04 	0.0 	0.04 	0.22 	0.0 	0.0 	0.0 	0.06 	0.03 	0.0 	0.0 	0.0 	0.24 	0.08 	0.0 	0.06 	0.0 	
243 	0.0 	0.21 	0.0 	0.0 	0.0 	0.07 	0.0 	0.05 	0.06 	0.11 	0.27 	0.16 	0.0 	0.04 	0.0 	0.0 	0.0 	0.0 	0.0 	0.0 	
244 	0.01 	0.01 	0.1 	0.01 	0.06 	0.01 	0.01 	0.01 	0.0 	0.28 	0.1 	0.01 	0.07 	0.06 	0.01 	0.1 	0.01 	0.05 	0.08 	0.01 	
245 	0.01 	0.01 	0.01 	0.15 	0.0 	0.01 	0.18 	0.01 	0.05 	0.01 	0.07 	0.36 	0.0 	0.01 	0.01 	0.01 	0.06 	0.0 	0.01 	0.05 	
246 	0.01 	0.1 	0.01 	0.01 	0.0 	0.03 	0.38 	0.01 	0.0 	0.01 	0.02 	0.14 	0.0 	0.08 	0.01 	0.12 	0.01 	0.0 	0.05 	0.01 	
247 	0.13 	0.01 	0.01 	0.01 	0.02 	0.01 	0.01 	0.06 	0.0 	0.02 	0.24 	0.01 	0.09 	0.06 	0.01 	0.01 	0.1 	0.0 	0.0 	0.21 	
248 	0.14 	0.08 	0.01 	0.06 	0.03 	0.09 	0.07 	0.01 	0.0 	0.16 	0.06 	0.1 	0.0 	0.07 	0.01 	0.05 	0.03 	0.0 	0.02 	0.01 	
249 	0.04 	0.04 	0.0 	0.2 	0.0 	0.08 	0.35 	0.12 	0.0 	0.0 	0.0 	0.16 	0.0 	0.0 	0.0 	0.0 	0.0 	0.0 	0.0 	0.0 	
250 	0.04 	0.0 	0.04 	0.0 	0.0 	0.0 	0.0 	0.0 	0.0 	0.0 	0.11 	0.0 	0.05 	0.52 	0.0 	0.0 	0.05 	0.0 	0.0 	0.2 	
251 	0.12 	0.0 	0.08 	0.0 	0.0 	0.0 	0.0 	0.0 	0.0 	0.37 	0.0 	0.0 	0.0 	0.0 	0.0 	0.02 	0.1 	0.0 	0.0 	0.32 	
252 	0.0 	0.19 	0.12 	0.19 	0.0 	0.0 	0.22 	0.0 	0.0 	0.05 	0.04 	0.14 	0.0 	0.0 	0.0 	0.0 	0.05 	0.0 	0.0 	0.0 	
253 	0.06 	0.1 	0.31 	0.0 	0.0 	0.07 	0.23 	0.0 	0.0 	0.0 	0.04 	0.02 	0.02 	0.0 	0.0 	0.0 	0.12 	0.0 	0.0 	0.0 	
254 	0.09 	0.01 	0.01 	0.06 	0.03 	0.01 	0.12 	0.01 	0.0 	0.01 	0.06 	0.01 	0.07 	0.01 	0.01 	0.01 	0.01 	0.04 	0.09 	0.35 	
255 	0.01 	0.0 	0.0 	0.01 	0.0 	0.07 	0.04 	0.01 	0.05 	0.0 	0.01 	0.05 	0.05 	0.0 	0.0 	0.01 	0.01 	0.0 	0.66 	0.01 	
256 	0.09 	0.0 	0.07 	0.01 	0.0 	0.0 	0.05 	0.01 	0.0 	0.15 	0.32 	0.05 	0.05 	0.0 	0.0 	0.01 	0.01 	0.0 	0.1 	0.07 	
257 	0.06 	0.12 	0.01 	0.01 	0.0 	0.05 	0.01 	0.05 	0.0 	0.06 	0.01 	0.05 	0.0 	0.01 	0.41 	0.01 	0.07 	0.0 	0.0 	0.05 	
258 	0.01 	0.01 	0.01 	0.52 	0.0 	0.01 	0.08 	0.01 	0.0 	0.01 	0.13 	0.01 	0.0 	0.01 	0.12 	0.01 	0.01 	0.0 	0.0 	0.06 	
259 	0.06 	0.01 	0.07 	0.01 	0.0 	0.01 	0.04 	0.06 	0.0 	0.13 	0.19 	0.01 	0.0 	0.07 	0.01 	0.01 	0.05 	0.0 	0.0 	0.27 	
260 	0.07 	0.01 	0.01 	0.01 	0.0 	0.01 	0.01 	0.01 	0.0 	0.08 	0.37 	0.07 	0.07 	0.06 	0.01 	0.01 	0.01 	0.0 	0.05 	0.17 	
261 	0.36 	0.05 	0.13 	0.01 	0.0 	0.01 	0.13 	0.01 	0.0 	0.01 	0.01 	0.01 	0.05 	0.0 	0.01 	0.01 	0.05 	0.0 	0.0 	0.15 	
262 	0.05 	0.0 	0.06 	0.0 	0.0 	0.0 	0.0 	0.04 	0.0 	0.34 	0.14 	0.0 	0.0 	0.0 	0.0 	0.0 	0.0 	0.0 	0.05 	0.27 	
263 	0.32 	0.06 	0.01 	0.01 	0.0 	0.0 	0.01 	0.33 	0.0 	0.01 	0.06 	0.01 	0.0 	0.0 	0.07 	0.01 	0.04 	0.0 	0.0 	0.06 	
264 	0.09 	0.0 	0.0 	0.0 	0.0 	0.05 	0.05 	0.41 	0.0 	0.07 	0.0 	0.0 	0.0 	0.0 	0.0 	0.08 	0.14 	0.04 	0.05 	0.0 	
265 	0.04 	0.0 	0.0 	0.04 	0.0 	0.0 	0.0 	0.0 	0.0 	0.13 	0.14 	0.07 	0.06 	0.39 	0.0 	0.0 	0.05 	0.0 	0.0 	0.09 	
266 	0.0 	0.06 	0.05 	0.0 	0.0 	0.07 	0.07 	0.0 	0.0 	0.0 	0.0 	0.0 	0.0 	0.1 	0.0 	0.0 	0.0 	0.0 	0.42 	0.21 	
267 	0.06 	0.01 	0.0 	0.1 	0.0 	0.0 	0.07 	0.01 	0.0 	0.07 	0.01 	0.45 	0.0 	0.0 	0.05 	0.01 	0.11 	0.0 	0.04 	0.01 	
268 	0.01 	0.0 	0.16 	0.42 	0.0 	0.04 	0.12 	0.03 	0.0 	0.0 	0.01 	0.01 	0.0 	0.0 	0.12 	0.06 	0.01 	0.0 	0.0 	0.01 	
269 	0.01 	0.01 	0.01 	0.01 	0.0 	0.06 	0.06 	0.1 	0.0 	0.13 	0.13 	0.01 	0.0 	0.01 	0.05 	0.01 	0.01 	0.37 	0.01 	0.01 	
270 	0.04 	0.01 	0.01 	0.07 	0.0 	0.0 	0.06 	0.04 	0.0 	0.01 	0.23 	0.01 	0.0 	0.1 	0.07 	0.15 	0.16 	0.0 	0.0 	0.04 	
271 	0.06 	0.01 	0.01 	0.01 	0.0 	0.07 	0.19 	0.07 	0.07 	0.01 	0.07 	0.08 	0.0 	0.0 	0.01 	0.01 	0.05 	0.0 	0.2 	0.09 	
272 	0.01 	0.14 	0.01 	0.01 	0.0 	0.05 	0.01 	0.23 	0.05 	0.17 	0.05 	0.08 	0.0 	0.0 	0.01 	0.01 	0.05 	0.0 	0.05 	0.07 	
273 	0.11 	0.0 	0.07 	0.0 	0.0 	0.0 	0.0 	0.52 	0.0 	0.0 	0.07 	0.05 	0.05 	0.0 	0.06 	0.0 	0.0 	0.0 	0.0 	0.04 	
274 	0.05 	0.0 	0.0 	0.0 	0.0 	0.0 	0.05 	0.61 	0.05 	0.0 	0.0 	0.13 	0.0 	0.0 	0.0 	0.11 	0.0 	0.0 	0.0 	0.0 	
275 	0.04 	0.05 	0.0 	0.08 	0.04 	0.0 	0.0 	0.0 	0.0 	0.0 	0.28 	0.17 	0.0 	0.0 	0.0 	0.06 	0.1 	0.04 	0.07 	0.05 	
276 	0.05 	0.06 	0.0 	0.04 	0.0 	0.0 	0.0 	0.11 	0.17 	0.0 	0.05 	0.17 	0.0 	0.0 	0.0 	0.18 	0.02 	0.0 	0.0 	0.13 	
277 	0.0 	0.0 	0.7 	0.0 	0.05 	0.05 	0.05 	0.05 	0.0 	0.0 	0.06 	0.0 	0.0 	0.0 	0.0 	0.04 	0.0 	0.0 	0.0 	0.0 	
278 	0.01 	0.01 	0.01 	0.01 	0.0 	0.0 	0.01 	0.04 	0.0 	0.07 	0.04 	0.01 	0.0 	0.19 	0.01 	0.01 	0.01 	0.0 	0.24 	0.34 	
279 	0.04 	0.01 	0.01 	0.06 	0.0 	0.01 	0.11 	0.01 	0.06 	0.1 	0.33 	0.01 	0.05 	0.01 	0.01 	0.01 	0.01 	0.0 	0.15 	0.01 	
280 	0.19 	0.01 	0.05 	0.2 	0.0 	0.01 	0.01 	0.02 	0.01 	0.01 	0.02 	0.01 	0.01 	0.01 	0.01 	0.26 	0.15 	0.0 	0.01 	0.02 	
281 	0.01 	0.01 	0.01 	0.01 	0.03 	0.08 	0.01 	0.06 	0.0 	0.01 	0.07 	0.01 	0.0 	0.26 	0.01 	0.01 	0.01 	0.0 	0.34 	0.05 	
282 	0.1 	0.07 	0.01 	0.01 	0.0 	0.05 	0.01 	0.54 	0.03 	0.01 	0.01 	0.01 	0.0 	0.01 	0.05 	0.01 	0.01 	0.05 	0.01 	0.01 	
283 	0.06 	0.01 	0.05 	0.13 	0.0 	0.11 	0.25 	0.01 	0.0 	0.01 	0.04 	0.01 	0.0 	0.0 	0.01 	0.01 	0.12 	0.0 	0.06 	0.12 	
284 	0.01 	0.01 	0.0 	0.01 	0.0 	0.0 	0.01 	0.05 	0.0 	0.07 	0.06 	0.01 	0.12 	0.31 	0.01 	0.01 	0.01 	0.0 	0.14 	0.17 	
285 	0.28 	0.01 	0.0 	0.03 	0.0 	0.0 	0.06 	0.09 	0.0 	0.01 	0.01 	0.04 	0.0 	0.0 	0.41 	0.01 	0.04 	0.0 	0.0 	0.01 	
286 	0.01 	0.03 	0.02 	0.08 	0.0 	0.05 	0.11 	0.01 	0.0 	0.05 	0.1 	0.18 	0.0 	0.0 	0.04 	0.01 	0.28 	0.0 	0.0 	0.01 	
287 	0.08 	0.01 	0.16 	0.44 	0.0 	0.0 	0.01 	0.04 	0.0 	0.01 	0.01 	0.01 	0.0 	0.0 	0.01 	0.06 	0.01 	0.0 	0.0 	0.17 	
288 	0.11 	0.01 	0.05 	0.21 	0.0 	0.0 	0.12 	0.05 	0.0 	0.05 	0.01 	0.05 	0.0 	0.0 	0.06 	0.17 	0.05 	0.0 	0.0 	0.04 	
289 	0.01 	0.0 	0.03 	0.05 	0.0 	0.0 	0.0 	0.02 	0.0 	0.0 	0.01 	0.12 	0.07 	0.05 	0.0 	0.01 	0.1 	0.03 	0.47 	0.0 	
290 	0.01 	0.01 	0.07 	0.36 	0.0 	0.01 	0.16 	0.12 	0.03 	0.01 	0.06 	0.01 	0.0 	0.0 	0.01 	0.07 	0.01 	0.0 	0.07 	0.01 	
291 	0.06 	0.01 	0.05 	0.13 	0.0 	0.01 	0.05 	0.13 	0.02 	0.01 	0.18 	0.08 	0.0 	0.03 	0.03 	0.01 	0.01 	0.1 	0.05 	0.04 	
292 	0.08 	0.01 	0.17 	0.01 	0.0 	0.01 	0.06 	0.11 	0.0 	0.01 	0.02 	0.12 	0.0 	0.01 	0.01 	0.18 	0.1 	0.0 	0.1 	0.01 	
293 	0.04 	0.01 	0.01 	0.09 	0.0 	0.01 	0.07 	0.01 	0.0 	0.05 	0.09 	0.01 	0.0 	0.01 	0.01 	0.32 	0.17 	0.0 	0.01 	0.1 	
294 	0.01 	0.2 	0.01 	0.15 	0.0 	0.01 	0.06 	0.07 	0.02 	0.01 	0.1 	0.07 	0.0 	0.14 	0.01 	0.11 	0.01 	0.0 	0.01 	0.01 	
295 	0.01 	0.05 	0.01 	0.01 	0.0 	0.14 	0.01 	0.01 	0.0 	0.04 	0.3 	0.05 	0.05 	0.12 	0.01 	0.01 	0.01 	0.0 	0.14 	0.01 	
296 	0.02 	0.01 	0.01 	0.08 	0.0 	0.01 	0.01 	0.02 	0.0 	0.01 	0.27 	0.01 	0.05 	0.17 	0.01 	0.02 	0.1 	0.0 	0.1 	0.08 	
297 	0.02 	0.04 	0.01 	0.08 	0.0 	0.01 	0.07 	0.02 	0.05 	0.01 	0.02 	0.17 	0.0 	0.01 	0.32 	0.13 	0.01 	0.0 	0.01 	0.01 	
298 	0.06 	0.07 	0.08 	0.01 	0.01 	0.04 	0.02 	0.29 	0.01 	0.05 	0.02 	0.02 	0.01 	0.01 	0.17 	0.05 	0.06 	0.0 	0.01 	0.02 	
299 	0.02 	0.06 	0.01 	0.08 	0.0 	0.01 	0.02 	0.51 	0.01 	0.01 	0.02 	0.09 	0.01 	0.01 	0.08 	0.02 	0.01 	0.0 	0.01 	0.02 	
300 	0.22 	0.01 	0.01 	0.09 	0.0 	0.01 	0.02 	0.09 	0.01 	0.06 	0.1 	0.01 	0.01 	0.01 	0.01 	0.02 	0.08 	0.0 	0.05 	0.19 	
301 	0.01 	0.05 	0.0 	0.0 	0.0 	0.0 	0.01 	0.01 	0.0 	0.33 	0.07 	0.07 	0.0 	0.0 	0.0 	0.04 	0.01 	0.07 	0.09 	0.22 	
302 	0.01 	0.0 	0.0 	0.07 	0.0 	0.0 	0.15 	0.01 	0.0 	0.31 	0.14 	0.04 	0.05 	0.05 	0.0 	0.01 	0.04 	0.03 	0.0 	0.09 	
303 	0.01 	0.0 	0.39 	0.11 	0.0 	0.0 	0.06 	0.13 	0.0 	0.05 	0.01 	0.12 	0.0 	0.07 	0.0 	0.01 	0.01 	0.0 	0.0 	0.01 	
304 	0.05 	0.14 	0.07 	0.05 	0.0 	0.0 	0.01 	0.4 	0.0 	0.0 	0.01 	0.01 	0.04 	0.0 	0.0 	0.05 	0.07 	0.0 	0.05 	0.04 	
305 	0.01 	0.08 	0.18 	0.29 	0.0 	0.01 	0.17 	0.01 	0.0 	0.05 	0.01 	0.01 	0.03 	0.01 	0.01 	0.01 	0.01 	0.0 	0.06 	0.04 	
306 	0.06 	0.06 	0.01 	0.01 	0.0 	0.01 	0.01 	0.05 	0.0 	0.05 	0.23 	0.01 	0.0 	0.2 	0.01 	0.01 	0.01 	0.22 	0.06 	0.01 	
307 	0.03 	0.04 	0.1 	0.14 	0.0 	0.01 	0.11 	0.1 	0.0 	0.01 	0.01 	0.2 	0.0 	0.01 	0.01 	0.1 	0.05 	0.0 	0.01 	0.06 	
308 	0.01 	0.08 	0.15 	0.01 	0.0 	0.06 	0.34 	0.01 	0.0 	0.05 	0.01 	0.16 	0.0 	0.0 	0.04 	0.05 	0.01 	0.0 	0.0 	0.01 	
309 	0.05 	0.06 	0.01 	0.05 	0.0 	0.0 	0.05 	0.01 	0.0 	0.18 	0.01 	0.01 	0.0 	0.04 	0.01 	0.01 	0.08 	0.0 	0.1 	0.34 	
310 	0.01 	0.12 	0.0 	0.07 	0.0 	0.0 	0.14 	0.06 	0.09 	0.0 	0.06 	0.14 	0.03 	0.1 	0.0 	0.01 	0.0 	0.0 	0.1 	0.05 	
311 	0.01 	0.0 	0.09 	0.09 	0.0 	0.0 	0.19 	0.01 	0.0 	0.06 	0.01 	0.0 	0.0 	0.0 	0.47 	0.01 	0.0 	0.0 	0.04 	0.01 	
312 	0.04 	0.02 	0.0 	0.0 	0.0 	0.0 	0.04 	0.01 	0.0 	0.15 	0.04 	0.04 	0.0 	0.17 	0.06 	0.01 	0.0 	0.12 	0.0 	0.29 	
313 	0.0 	0.0 	0.08 	0.68 	0.0 	0.0 	0.12 	0.0 	0.0 	0.0 	0.0 	0.0 	0.0 	0.0 	0.0 	0.05 	0.04 	0.0 	0.0 	0.0 	
314 	0.01 	0.01 	0.01 	0.01 	0.0 	0.08 	0.1 	0.04 	0.0 	0.01 	0.1 	0.1 	0.0 	0.0 	0.28 	0.1 	0.04 	0.0 	0.11 	0.01 	
315 	0.06 	0.01 	0.04 	0.13 	0.0 	0.07 	0.15 	0.1 	0.09 	0.01 	0.05 	0.14 	0.05 	0.01 	0.01 	0.01 	0.01 	0.0 	0.0 	0.06 	
316 	0.1 	0.01 	0.04 	0.01 	0.0 	0.22 	0.11 	0.01 	0.0 	0.05 	0.16 	0.06 	0.0 	0.01 	0.06 	0.05 	0.04 	0.0 	0.04 	0.01 	
317 	0.01 	0.01 	0.01 	0.01 	0.0 	0.01 	0.01 	0.01 	0.0 	0.42 	0.05 	0.01 	0.0 	0.04 	0.01 	0.01 	0.01 	0.0 	0.05 	0.32 	
318 	0.12 	0.08 	0.01 	0.01 	0.0 	0.27 	0.08 	0.13 	0.12 	0.01 	0.01 	0.05 	0.0 	0.0 	0.01 	0.01 	0.05 	0.0 	0.03 	0.01 	
319 	0.01 	0.01 	0.05 	0.01 	0.0 	0.01 	0.8 	0.01 	0.0 	0.01 	0.01 	0.01 	0.0 	0.01 	0.01 	0.01 	0.01 	0.0 	0.01 	0.01 	
320 	0.01 	0.01 	0.01 	0.04 	0.0 	0.01 	0.05 	0.01 	0.18 	0.01 	0.01 	0.01 	0.0 	0.31 	0.01 	0.05 	0.01 	0.0 	0.29 	0.01 	
321 	0.16 	0.01 	0.01 	0.06 	0.0 	0.01 	0.01 	0.01 	0.0 	0.05 	0.01 	0.01 	0.0 	0.01 	0.01 	0.01 	0.06 	0.0 	0.0 	0.57 	
322 	0.07 	0.05 	0.01 	0.08 	0.0 	0.01 	0.01 	0.05 	0.0 	0.01 	0.01 	0.26 	0.0 	0.0 	0.06 	0.06 	0.17 	0.0 	0.05 	0.1 	
323 	0.02 	0.01 	0.01 	0.01 	0.0 	0.01 	0.01 	0.01 	0.51 	0.01 	0.02 	0.01 	0.05 	0.01 	0.11 	0.01 	0.01 	0.0 	0.16 	0.01 	
324 	0.14 	0.01 	0.01 	0.11 	0.0 	0.01 	0.01 	0.02 	0.01 	0.01 	0.02 	0.01 	0.01 	0.01 	0.06 	0.42 	0.07 	0.0 	0.04 	0.02 	
325 	0.01 	0.01 	0.04 	0.04 	0.0 	0.01 	0.01 	0.01 	0.0 	0.01 	0.01 	0.01 	0.0 	0.05 	0.01 	0.01 	0.07 	0.52 	0.1 	0.07 	
326 	0.01 	0.01 	0.01 	0.01 	0.0 	0.01 	0.01 	0.01 	0.0 	0.01 	0.1 	0.01 	0.0 	0.1 	0.01 	0.01 	0.01 	0.0 	0.67 	0.01 	
327 	0.08 	0.08 	0.01 	0.19 	0.0 	0.03 	0.18 	0.07 	0.0 	0.01 	0.02 	0.24 	0.0 	0.01 	0.01 	0.03 	0.01 	0.0 	0.01 	0.01 	
328 	0.02 	0.01 	0.01 	0.15 	0.0 	0.06 	0.06 	0.12 	0.09 	0.01 	0.09 	0.07 	0.01 	0.01 	0.01 	0.02 	0.01 	0.0 	0.23 	0.02 	
329 	0.21 	0.07 	0.06 	0.01 	0.0 	0.03 	0.18 	0.07 	0.01 	0.01 	0.07 	0.01 	0.01 	0.01 	0.05 	0.12 	0.05 	0.0 	0.01 	0.02 	
330 	0.1 	0.01 	0.01 	0.28 	0.0 	0.01 	0.12 	0.06 	0.0 	0.04 	0.02 	0.09 	0.0 	0.01 	0.01 	0.01 	0.01 	0.0 	0.1 	0.09 	
331 	0.28 	0.01 	0.01 	0.01 	0.0 	0.01 	0.01 	0.36 	0.0 	0.01 	0.02 	0.01 	0.0 	0.01 	0.12 	0.02 	0.01 	0.0 	0.01 	0.08 	
332 	0.02 	0.1 	0.01 	0.01 	0.0 	0.05 	0.04 	0.02 	0.04 	0.07 	0.28 	0.11 	0.0 	0.01 	0.01 	0.08 	0.01 	0.0 	0.01 	0.11 	
333 	0.06 	0.05 	0.07 	0.01 	0.0 	0.06 	0.01 	0.01 	0.53 	0.01 	0.01 	0.01 	0.0 	0.01 	0.01 	0.01 	0.01 	0.0 	0.11 	0.01 	
334 	0.07 	0.01 	0.01 	0.01 	0.0 	0.01 	0.02 	0.02 	0.01 	0.01 	0.02 	0.01 	0.01 	0.06 	0.61 	0.02 	0.01 	0.0 	0.05 	0.02 	
335 	0.01 	0.01 	0.01 	0.01 	0.06 	0.01 	0.01 	0.01 	0.0 	0.08 	0.01 	0.01 	0.0 	0.05 	0.01 	0.1 	0.01 	0.37 	0.23 	0.01 	
336 	0.02 	0.01 	0.05 	0.34 	0.0 	0.06 	0.13 	0.09 	0.01 	0.01 	0.02 	0.13 	0.01 	0.01 	0.01 	0.02 	0.01 	0.0 	0.01 	0.06 	
337 	0.07 	0.01 	0.01 	0.07 	0.01 	0.01 	0.02 	0.59 	0.01 	0.01 	0.08 	0.02 	0.01 	0.01 	0.01 	0.02 	0.02 	0.0 	0.01 	0.02 	
338 	0.02 	0.04 	0.01 	0.02 	0.01 	0.1 	0.06 	0.02 	0.01 	0.08 	0.03 	0.02 	0.01 	0.07 	0.02 	0.02 	0.13 	0.0 	0.01 	0.32 	
339 	0.03 	0.02 	0.01 	0.02 	0.01 	0.11 	0.02 	0.02 	0.01 	0.02 	0.03 	0.02 	0.01 	0.01 	0.02 	0.02 	0.56 	0.0 	0.01 	0.05 	
340 	0.03 	0.02 	0.06 	0.11 	0.01 	0.06 	0.33 	0.02 	0.01 	0.06 	0.03 	0.15 	0.01 	0.01 	0.02 	0.02 	0.02 	0.0 	0.01 	0.02 	
341 	0.03 	0.02 	0.02 	0.02 	0.01 	0.07 	0.02 	0.03 	0.03 	0.09 	0.03 	0.02 	0.01 	0.01 	0.49 	0.03 	0.02 	0.01 	0.01 	0.02 	
342 	0.08 	0.08 	0.19 	0.02 	0.01 	0.02 	0.03 	0.1 	0.03 	0.02 	0.04 	0.21 	0.01 	0.02 	0.02 	0.03 	0.02 	0.05 	0.01 	0.03 	
343 	0.03 	0.02 	0.02 	0.02 	0.01 	0.02 	0.02 	0.03 	0.01 	0.02 	0.03 	0.02 	0.01 	0.16 	0.06 	0.03 	0.09 	0.04 	0.35 	0.02 	
344 	0.03 	0.02 	0.07 	0.06 	0.01 	0.03 	0.09 	0.03 	0.01 	0.02 	0.04 	0.15 	0.01 	0.02 	0.02 	0.03 	0.17 	0.01 	0.07 	0.11 	
345 	0.1 	0.02 	0.04 	0.17 	0.01 	0.16 	0.09 	0.12 	0.03 	0.02 	0.04 	0.05 	0.01 	0.02 	0.02 	0.03 	0.02 	0.01 	0.01 	0.03 	
346 	0.03 	0.02 	0.09 	0.08 	0.01 	0.02 	0.03 	0.08 	0.01 	0.1 	0.26 	0.02 	0.01 	0.09 	0.02 	0.03 	0.02 	0.05 	0.01 	0.03 	
347 	0.03 	0.02 	0.06 	0.31 	0.01 	0.02 	0.13 	0.03 	0.08 	0.02 	0.03 	0.02 	0.01 	0.01 	0.09 	0.07 	0.02 	0.0 	0.01 	0.02 	
348 	0.03 	0.02 	0.02 	0.09 	0.01 	0.08 	0.35 	0.15 	0.01 	0.02 	0.03 	0.07 	0.01 	0.01 	0.02 	0.03 	0.02 	0.0 	0.01 	0.02 	
349 	0.14 	0.02 	0.02 	0.13 	0.01 	0.06 	0.05 	0.09 	0.01 	0.02 	0.03 	0.1 	0.08 	0.01 	0.06 	0.07 	0.07 	0.0 	0.01 	0.02 	
350 	0.15 	0.02 	0.01 	0.12 	0.01 	0.01 	0.18 	0.17 	0.04 	0.02 	0.03 	0.08 	0.01 	0.01 	0.02 	0.07 	0.02 	0.0 	0.01 	0.02 	
351 	0.14 	0.14 	0.01 	0.02 	0.01 	0.07 	0.06 	0.02 	0.04 	0.01 	0.07 	0.32 	0.01 	0.01 	0.01 	0.02 	0.02 	0.0 	0.01 	0.02 	
352 	0.01 	0.01 	0.01 	0.01 	0.07 	0.01 	0.01 	0.01 	0.0 	0.01 	0.01 	0.01 	0.0 	0.04 	0.01 	0.01 	0.07 	0.05 	0.66 	0.01 	
353 	0.0 	0.0 	0.0 	0.0 	0.0 	0.0 	0.0 	0.0 	0.0 	0.0 	0.0 	0.07 	0.0 	0.0 	0.04 	0.67 	0.17 	0.0 	0.0 	0.0 	
354 	0.01 	0.01 	0.01 	0.01 	0.0 	0.01 	0.01 	0.01 	0.0 	0.01 	0.02 	0.08 	0.0 	0.1 	0.01 	0.01 	0.07 	0.48 	0.13 	0.01 	
355 	0.06 	0.01 	0.01 	0.01 	0.0 	0.01 	0.01 	0.01 	0.0 	0.33 	0.16 	0.01 	0.16 	0.01 	0.01 	0.01 	0.01 	0.0 	0.01 	0.17 	
356 	0.01 	0.01 	0.0 	0.01 	0.0 	0.06 	0.01 	0.15 	0.0 	0.01 	0.01 	0.71 	0.0 	0.0 	0.01 	0.01 	0.01 	0.0 	0.0 	0.01 	
357 	0.34 	0.01 	0.0 	0.01 	0.0 	0.0 	0.04 	0.01 	0.05 	0.06 	0.01 	0.01 	0.0 	0.16 	0.01 	0.11 	0.01 	0.0 	0.07 	0.1 	
358 	0.03 	0.07 	0.0 	0.01 	0.0 	0.0 	0.01 	0.01 	0.0 	0.01 	0.05 	0.01 	0.0 	0.0 	0.73 	0.06 	0.01 	0.0 	0.0 	0.01 	
359 	0.05 	0.43 	0.0 	0.01 	0.0 	0.0 	0.08 	0.04 	0.0 	0.01 	0.07 	0.01 	0.0 	0.0 	0.01 	0.01 	0.12 	0.0 	0.16 	0.01 	
360 	0.0 	0.0 	0.0 	0.0 	0.0 	0.0 	0.0 	0.12 	0.0 	0.0 	0.07 	0.0 	0.0 	0.04 	0.0 	0.0 	0.0 	0.2 	0.53 	0.0 	
361 	0.09 	0.18 	0.06 	0.07 	0.0 	0.0 	0.05 	0.05 	0.0 	0.0 	0.04 	0.22 	0.04 	0.0 	0.1 	0.0 	0.0 	0.0 	0.04 	0.04 	
362 	0.01 	0.01 	0.01 	0.15 	0.0 	0.05 	0.01 	0.7 	0.0 	0.01 	0.01 	0.01 	0.0 	0.0 	0.01 	0.01 	0.01 	0.0 	0.0 	0.01 	
363 	0.01 	0.06 	0.12 	0.01 	0.0 	0.07 	0.08 	0.15 	0.16 	0.01 	0.01 	0.21 	0.0 	0.0 	0.01 	0.01 	0.01 	0.0 	0.0 	0.07 	
364 	0.34 	0.01 	0.01 	0.01 	0.0 	0.0 	0.01 	0.01 	0.0 	0.01 	0.07 	0.01 	0.0 	0.0 	0.32 	0.06 	0.05 	0.0 	0.0 	0.11 	
365 	0.06 	0.0 	0.0 	0.0 	0.05 	0.0 	0.0 	0.0 	0.0 	0.0 	0.05 	0.0 	0.31 	0.03 	0.0 	0.0 	0.0 	0.0 	0.22 	0.25 	
366 	0.0 	0.26 	0.0 	0.0 	0.0 	0.0 	0.64 	0.0 	0.0 	0.0 	0.0 	0.0 	0.0 	0.05 	0.0 	0.0 	0.0 	0.0 	0.0 	0.0 	
367 	0.0 	0.0 	0.0 	0.0 	0.0 	0.0 	0.0 	0.06 	0.0 	0.0 	0.0 	0.0 	0.0 	0.0 	0.0 	0.0 	0.04 	0.0 	0.0 	0.9 	
368 	0.0 	0.0 	0.05 	0.0 	0.0 	0.0 	0.0 	0.86 	0.0 	0.0 	0.0 	0.0 	0.0 	0.0 	0.0 	0.1 	0.0 	0.0 	0.0 	0.0 	
369 	0.05 	0.0 	0.0 	0.0 	0.0 	0.0 	0.0 	0.0 	0.0 	0.0 	0.0 	0.0 	0.0 	0.0 	0.9 	0.0 	0.05 	0.0 	0.0 	0.0 	
370 	0.0 	0.18 	0.0 	0.0 	0.0 	0.0 	0.0 	0.0 	0.0 	0.0 	0.82 	0.0 	0.0 	0.0 	0.0 	0.0 	0.0 	0.0 	0.0 	0.0 	
371 	0.68 	0.0 	0.0 	0.0 	0.0 	0.0 	0.0 	0.05 	0.0 	0.0 	0.0 	0.0 	0.0 	0.0 	0.05 	0.2 	0.0 	0.0 	0.0 	0.02 	
372 	0.05 	0.72 	0.04 	0.0 	0.0 	0.04 	0.0 	0.0 	0.0 	0.0 	0.0 	0.0 	0.07 	0.0 	0.0 	0.03 	0.04 	0.0 	0.0 	0.0 	
373 	0.0 	0.0 	0.0 	0.0 	0.05 	0.0 	0.0 	0.0 	0.0 	0.08 	0.32 	0.0 	0.19 	0.05 	0.0 	0.0 	0.1 	0.04 	0.09 	0.07 	
374 	0.12 	0.02 	0.31 	0.0 	0.0 	0.0 	0.0 	0.0 	0.0 	0.09 	0.22 	0.0 	0.0 	0.03 	0.0 	0.02 	0.0 	0.04 	0.0 	0.14 	
375 	0.0 	0.0 	0.0 	0.0 	0.0 	0.0 	0.0 	0.0 	0.0 	0.24 	0.11 	0.11 	0.0 	0.0 	0.0 	0.02 	0.07 	0.0 	0.0 	0.44 	
376 	0.3 	0.02 	0.02 	0.0 	0.12 	0.04 	0.0 	0.15 	0.0 	0.0 	0.0 	0.09 	0.0 	0.18 	0.0 	0.0 	0.05 	0.0 	0.0 	0.02 	
377 	0.03 	0.0 	0.0 	0.26 	0.0 	0.0 	0.0 	0.11 	0.06 	0.0 	0.09 	0.12 	0.0 	0.0 	0.0 	0.0 	0.03 	0.0 	0.28 	0.0 	
378 	0.27 	0.07 	0.13 	0.06 	0.0 	0.0 	0.09 	0.01 	0.05 	0.0 	0.01 	0.15 	0.0 	0.0 	0.0 	0.13 	0.01 	0.0 	0.0 	0.01 	
379 	0.11 	0.0 	0.0 	0.0 	0.0 	0.1 	0.0 	0.0 	0.04 	0.0 	0.05 	0.13 	0.26 	0.18 	0.0 	0.09 	0.0 	0.0 	0.0 	0.0 	
380 	0.04 	0.06 	0.09 	0.07 	0.0 	0.0 	0.06 	0.24 	0.0 	0.05 	0.0 	0.13 	0.0 	0.0 	0.19 	0.04 	0.0 	0.0 	0.0 	0.0 	
381 	0.0 	0.1 	0.11 	0.19 	0.0 	0.03 	0.23 	0.0 	0.1 	0.0 	0.0 	0.04 	0.0 	0.0 	0.0 	0.0 	0.21 	0.0 	0.0 	0.0 	
382 	0.07 	0.0 	0.0 	0.0 	0.0 	0.02 	0.13 	0.11 	0.0 	0.0 	0.01 	0.06 	0.0 	0.02 	0.5 	0.04 	0.0 	0.0 	0.0 	0.0 	
383 	0.07 	0.05 	0.0 	0.06 	0.0 	0.0 	0.14 	0.12 	0.0 	0.05 	0.12 	0.22 	0.0 	0.0 	0.03 	0.07 	0.0 	0.0 	0.06 	0.0 	
384 	0.49 	0.01 	0.01 	0.01 	0.0 	0.01 	0.01 	0.01 	0.0 	0.07 	0.06 	0.01 	0.0 	0.07 	0.01 	0.01 	0.13 	0.0 	0.0 	0.11 	
385 	0.05 	0.03 	0.0 	0.0 	0.0 	0.26 	0.14 	0.0 	0.0 	0.05 	0.01 	0.29 	0.06 	0.0 	0.0 	0.05 	0.0 	0.0 	0.0 	0.06 	
386 	0.15 	0.05 	0.07 	0.07 	0.0 	0.0 	0.34 	0.07 	0.0 	0.0 	0.01 	0.15 	0.02 	0.0 	0.05 	0.0 	0.0 	0.0 	0.0 	0.0 	
387 	0.17 	0.0 	0.0 	0.0 	0.0 	0.08 	0.0 	0.0 	0.03 	0.12 	0.01 	0.05 	0.05 	0.0 	0.04 	0.05 	0.07 	0.0 	0.15 	0.17 	
388 	0.05 	0.08 	0.07 	0.01 	0.0 	0.05 	0.01 	0.05 	0.0 	0.01 	0.15 	0.01 	0.0 	0.17 	0.01 	0.01 	0.05 	0.0 	0.05 	0.23 	
389 	0.08 	0.01 	0.05 	0.25 	0.0 	0.05 	0.22 	0.01 	0.02 	0.01 	0.01 	0.18 	0.0 	0.0 	0.01 	0.03 	0.07 	0.0 	0.0 	0.01 	
390 	0.09 	0.13 	0.01 	0.01 	0.0 	0.12 	0.32 	0.05 	0.0 	0.01 	0.04 	0.13 	0.03 	0.0 	0.01 	0.03 	0.01 	0.0 	0.0 	0.01 	
391 	0.01 	0.01 	0.01 	0.01 	0.0 	0.0 	0.01 	0.01 	0.07 	0.11 	0.08 	0.01 	0.1 	0.33 	0.01 	0.06 	0.01 	0.0 	0.05 	0.13 	
392 	0.05 	0.12 	0.01 	0.01 	0.0 	0.04 	0.01 	0.01 	0.05 	0.07 	0.35 	0.01 	0.05 	0.05 	0.07 	0.01 	0.01 	0.0 	0.0 	0.1 	
393 	0.26 	0.05 	0.04 	0.13 	0.0 	0.03 	0.11 	0.04 	0.0 	0.01 	0.01 	0.23 	0.0 	0.0 	0.01 	0.06 	0.01 	0.0 	0.0 	0.01 	
394 	0.17 	0.07 	0.04 	0.11 	0.0 	0.0 	0.05 	0.01 	0.0 	0.08 	0.01 	0.2 	0.0 	0.0 	0.01 	0.01 	0.12 	0.0 	0.05 	0.05 	
395 	0.01 	0.01 	0.01 	0.01 	0.0 	0.07 	0.01 	0.01 	0.0 	0.01 	0.4 	0.01 	0.03 	0.23 	0.01 	0.01 	0.1 	0.0 	0.09 	0.01 	
396 	0.01 	0.01 	0.12 	0.01 	0.0 	0.01 	0.06 	0.43 	0.0 	0.01 	0.01 	0.13 	0.07 	0.01 	0.01 	0.04 	0.05 	0.0 	0.01 	0.01 	
397 	0.01 	0.05 	0.01 	0.01 	0.0 	0.04 	0.13 	0.06 	0.0 	0.01 	0.27 	0.05 	0.0 	0.04 	0.01 	0.01 	0.03 	0.0 	0.15 	0.11 	
398 	0.02 	0.1 	0.01 	0.01 	0.0 	0.01 	0.06 	0.13 	0.0 	0.01 	0.02 	0.04 	0.0 	0.01 	0.37 	0.1 	0.01 	0.0 	0.08 	0.01 	
399 	0.16 	0.01 	0.01 	0.01 	0.0 	0.01 	0.01 	0.02 	0.0 	0.06 	0.11 	0.18 	0.0 	0.01 	0.2 	0.02 	0.08 	0.0 	0.01 	0.1 	
400 	0.11 	0.02 	0.13 	0.08 	0.01 	0.13 	0.14 	0.02 	0.01 	0.02 	0.03 	0.02 	0.01 	0.01 	0.02 	0.11 	0.07 	0.0 	0.06 	0.02 	
401 	0.3 	0.02 	0.06 	0.02 	0.08 	0.06 	0.02 	0.08 	0.01 	0.02 	0.1 	0.02 	0.01 	0.05 	0.02 	0.03 	0.02 	0.0 	0.01 	0.07 	
402 	0.16 	0.01 	0.01 	0.01 	0.07 	0.01 	0.01 	0.02 	0.01 	0.13 	0.39 	0.01 	0.08 	0.01 	0.01 	0.02 	0.01 	0.0 	0.01 	0.01 	
403 	0.02 	0.01 	0.01 	0.01 	0.0 	0.16 	0.01 	0.02 	0.17 	0.01 	0.02 	0.01 	0.01 	0.23 	0.13 	0.02 	0.01 	0.0 	0.13 	0.01 	
404 	0.01 	0.01 	0.05 	0.01 	0.0 	0.22 	0.01 	0.01 	0.0 	0.01 	0.01 	0.01 	0.0 	0.0 	0.01 	0.44 	0.16 	0.0 	0.05 	0.01 	
405 	0.06 	0.0 	0.05 	0.0 	0.0 	0.0 	0.0 	0.0 	0.0 	0.16 	0.0 	0.0 	0.0 	0.0 	0.08 	0.07 	0.53 	0.0 	0.0 	0.0 	
406 	0.0 	0.0 	0.0 	0.0 	0.0 	0.0 	0.0 	0.0 	0.0 	0.12 	0.64 	0.0 	0.2 	0.0 	0.0 	0.0 	0.0 	0.0 	0.0 	0.0 	
407 	0.17 	0.07 	0.0 	0.05 	0.0 	0.0 	0.01 	0.48 	0.04 	0.0 	0.13 	0.01 	0.0 	0.0 	0.0 	0.01 	0.01 	0.0 	0.0 	0.01 	
408 	0.01 	0.58 	0.0 	0.0 	0.06 	0.0 	0.01 	0.01 	0.0 	0.05 	0.01 	0.0 	0.0 	0.05 	0.0 	0.01 	0.04 	0.0 	0.16 	0.01 	
409 	0.0 	0.0 	0.14 	0.0 	0.0 	0.0 	0.0 	0.0 	0.23 	0.09 	0.12 	0.0 	0.07 	0.0 	0.0 	0.0 	0.32 	0.0 	0.0 	0.0 	
410 	0.28 	0.06 	0.0 	0.06 	0.0 	0.04 	0.0 	0.0 	0.03 	0.13 	0.16 	0.0 	0.0 	0.0 	0.0 	0.0 	0.0 	0.14 	0.04 	0.05 	
411 	0.74 	0.0 	0.06 	0.0 	0.05 	0.0 	0.0 	0.04 	0.0 	0.0 	0.04 	0.0 	0.0 	0.0 	0.0 	0.0 	0.0 	0.0 	0.0 	0.07 	
412 	0.0 	0.86 	0.0 	0.0 	0.0 	0.04 	0.0 	0.0 	0.0 	0.0 	0.06 	0.0 	0.0 	0.0 	0.0 	0.0 	0.0 	0.0 	0.0 	0.04 	
413 	0.42 	0.0 	0.06 	0.0 	0.02 	0.0 	0.0 	0.11 	0.0 	0.13 	0.18 	0.0 	0.05 	0.0 	0.0 	0.0 	0.04 	0.0 	0.0 	0.0 	
414 	0.06 	0.0 	0.0 	0.0 	0.0 	0.04 	0.04 	0.07 	0.05 	0.36 	0.21 	0.0 	0.0 	0.0 	0.0 	0.0 	0.06 	0.0 	0.04 	0.07 	
415 	0.0 	0.0 	0.0 	0.0 	0.0 	0.03 	0.87 	0.0 	0.04 	0.0 	0.0 	0.0 	0.0 	0.0 	0.0 	0.06 	0.0 	0.0 	0.0 	0.0 	
416 	0.1 	0.0 	0.09 	0.0 	0.15 	0.0 	0.0 	0.08 	0.0 	0.03 	0.27 	0.0 	0.03 	0.0 	0.0 	0.06 	0.12 	0.0 	0.0 	0.08 	
417 	0.13 	0.0 	0.0 	0.0 	0.04 	0.12 	0.05 	0.0 	0.02 	0.0 	0.33 	0.11 	0.0 	0.0 	0.0 	0.0 	0.0 	0.11 	0.0 	0.09 	
418 	0.07 	0.0 	0.03 	0.0 	0.0 	0.06 	0.07 	0.04 	0.03 	0.07 	0.12 	0.0 	0.07 	0.0 	0.0 	0.08 	0.03 	0.09 	0.13 	0.1 	
419 	0.37 	0.0 	0.0 	0.0 	0.13 	0.0 	0.0 	0.0 	0.04 	0.12 	0.13 	0.0 	0.0 	0.0 	0.0 	0.16 	0.04 	0.0 	0.0 	0.03 	
420 	0.37 	0.0 	0.0 	0.0 	0.16 	0.03 	0.08 	0.09 	0.0 	0.0 	0.11 	0.0 	0.0 	0.0 	0.0 	0.04 	0.0 	0.0 	0.0 	0.13 	
421 	0.06 	0.04 	0.03 	0.18 	0.0 	0.11 	0.35 	0.03 	0.0 	0.01 	0.01 	0.04 	0.0 	0.01 	0.01 	0.03 	0.01 	0.0 	0.07 	0.01 	
422 	0.01 	0.19 	0.04 	0.01 	0.07 	0.04 	0.04 	0.01 	0.08 	0.04 	0.1 	0.08 	0.07 	0.01 	0.01 	0.04 	0.01 	0.0 	0.09 	0.04 	
423 	0.19 	0.01 	0.01 	0.01 	0.0 	0.02 	0.01 	0.06 	0.0 	0.01 	0.16 	0.01 	0.19 	0.01 	0.01 	0.01 	0.01 	0.0 	0.01 	0.26 	
424 	0.08 	0.05 	0.01 	0.01 	0.0 	0.09 	0.14 	0.13 	0.02 	0.01 	0.17 	0.12 	0.04 	0.05 	0.05 	0.01 	0.01 	0.0 	0.01 	0.01 	
425 	0.1 	0.0 	0.04 	0.11 	0.0 	0.04 	0.22 	0.01 	0.09 	0.03 	0.01 	0.03 	0.0 	0.0 	0.0 	0.05 	0.06 	0.0 	0.09 	0.11 	
426 	0.2 	0.0 	0.0 	0.1 	0.0 	0.03 	0.0 	0.0 	0.0 	0.08 	0.28 	0.0 	0.04 	0.1 	0.0 	0.0 	0.0 	0.11 	0.0 	0.03 	
427 	0.03 	0.0 	0.0 	0.0 	0.0 	0.04 	0.0 	0.0 	0.0 	0.11 	0.47 	0.0 	0.0 	0.11 	0.0 	0.0 	0.0 	0.08 	0.05 	0.08 	
428 	0.0 	0.12 	0.07 	0.28 	0.0 	0.1 	0.24 	0.0 	0.09 	0.0 	0.0 	0.05 	0.0 	0.0 	0.0 	0.04 	0.0 	0.0 	0.0 	0.0 	
429 	0.08 	0.05 	0.01 	0.03 	0.0 	0.08 	0.28 	0.06 	0.05 	0.01 	0.02 	0.22 	0.0 	0.01 	0.01 	0.06 	0.01 	0.0 	0.01 	0.01 	
430 	0.02 	0.01 	0.01 	0.08 	0.0 	0.01 	0.01 	0.07 	0.0 	0.01 	0.42 	0.01 	0.12 	0.05 	0.01 	0.01 	0.05 	0.04 	0.05 	0.01 	
431 	0.09 	0.01 	0.01 	0.11 	0.0 	0.01 	0.05 	0.02 	0.01 	0.13 	0.17 	0.05 	0.07 	0.01 	0.08 	0.05 	0.01 	0.0 	0.01 	0.11 	
432 	0.23 	0.01 	0.0 	0.21 	0.0 	0.05 	0.15 	0.05 	0.0 	0.01 	0.05 	0.04 	0.0 	0.0 	0.01 	0.08 	0.1 	0.0 	0.0 	0.01 	
433 	0.05 	0.0 	0.42 	0.09 	0.0 	0.04 	0.0 	0.18 	0.08 	0.0 	0.01 	0.0 	0.0 	0.0 	0.06 	0.03 	0.0 	0.0 	0.0 	0.0 	
434 	0.0 	0.0 	0.0 	0.13 	0.0 	0.0 	0.08 	0.08 	0.0 	0.35 	0.15 	0.07 	0.0 	0.0 	0.0 	0.0 	0.04 	0.0 	0.0 	0.07 	
435 	0.11 	0.04 	0.0 	0.0 	0.0 	0.04 	0.09 	0.04 	0.0 	0.13 	0.04 	0.4 	0.0 	0.0 	0.08 	0.01 	0.0 	0.0 	0.0 	0.01 	
436 	0.17 	0.09 	0.1 	0.0 	0.0 	0.12 	0.04 	0.01 	0.0 	0.04 	0.01 	0.2 	0.0 	0.05 	0.04 	0.01 	0.1 	0.0 	0.0 	0.01 	
437 	0.04 	0.05 	0.0 	0.0 	0.0 	0.0 	0.0 	0.48 	0.0 	0.06 	0.01 	0.1 	0.0 	0.0 	0.05 	0.06 	0.0 	0.0 	0.0 	0.13 	
438 	0.08 	0.0 	0.09 	0.59 	0.0 	0.0 	0.0 	0.0 	0.03 	0.09 	0.0 	0.03 	0.0 	0.0 	0.03 	0.0 	0.0 	0.0 	0.0 	0.03 	
439 	0.0 	0.03 	0.14 	0.17 	0.0 	0.08 	0.04 	0.15 	0.03 	0.0 	0.07 	0.0 	0.0 	0.0 	0.0 	0.15 	0.07 	0.0 	0.0 	0.05 	
440 	0.14 	0.0 	0.02 	0.07 	0.0 	0.0 	0.07 	0.0 	0.0 	0.11 	0.11 	0.02 	0.0 	0.0 	0.0 	0.25 	0.1 	0.0 	0.0 	0.11 	
441 	0.0 	0.03 	0.0 	0.03 	0.0 	0.0 	0.08 	0.0 	0.0 	0.08 	0.27 	0.03 	0.05 	0.0 	0.0 	0.05 	0.32 	0.0 	0.0 	0.07 	
442 	0.24 	0.12 	0.0 	0.0 	0.06 	0.07 	0.02 	0.0 	0.0 	0.0 	0.04 	0.0 	0.0 	0.03 	0.0 	0.04 	0.0 	0.04 	0.21 	0.11 	
443 	0.22 	0.07 	0.14 	0.03 	0.04 	0.12 	0.05 	0.01 	0.0 	0.0 	0.01 	0.06 	0.0 	0.0 	0.0 	0.04 	0.12 	0.0 	0.0 	0.06 	
444 	0.05 	0.01 	0.01 	0.04 	0.0 	0.01 	0.05 	0.01 	0.0 	0.01 	0.09 	0.2 	0.0 	0.01 	0.33 	0.06 	0.06 	0.0 	0.01 	0.04 	
445 	0.09 	0.01 	0.01 	0.04 	0.0 	0.01 	0.11 	0.13 	0.0 	0.01 	0.09 	0.01 	0.0 	0.01 	0.1 	0.15 	0.01 	0.1 	0.06 	0.05 	
446 	0.08 	0.01 	0.04 	0.05 	0.01 	0.04 	0.14 	0.02 	0.01 	0.01 	0.02 	0.15 	0.01 	0.01 	0.15 	0.06 	0.13 	0.0 	0.01 	0.05 	
447 	0.02 	0.01 	0.04 	0.01 	0.01 	0.01 	0.05 	0.02 	0.01 	0.16 	0.1 	0.02 	0.07 	0.01 	0.12 	0.02 	0.06 	0.18 	0.04 	0.04 	
448 	0.05 	0.01 	0.01 	0.07 	0.01 	0.01 	0.02 	0.02 	0.01 	0.01 	0.13 	0.06 	0.01 	0.01 	0.52 	0.02 	0.02 	0.0 	0.01 	0.02 	
449 	0.11 	0.01 	0.05 	0.04 	0.0 	0.05 	0.07 	0.16 	0.0 	0.01 	0.03 	0.32 	0.0 	0.01 	0.01 	0.01 	0.06 	0.03 	0.01 	0.01 	
450 	0.29 	0.0 	0.06 	0.15 	0.0 	0.08 	0.22 	0.0 	0.0 	0.0 	0.0 	0.0 	0.0 	0.0 	0.0 	0.04 	0.13 	0.0 	0.0 	0.0 	
451 	0.19 	0.0 	0.0 	0.0 	0.05 	0.0 	0.0 	0.62 	0.0 	0.0 	0.0 	0.05 	0.0 	0.0 	0.0 	0.05 	0.0 	0.0 	0.0 	0.02 	
452 	0.01 	0.05 	0.06 	0.05 	0.0 	0.09 	0.45 	0.01 	0.0 	0.0 	0.01 	0.21 	0.0 	0.05 	0.0 	0.01 	0.0 	0.0 	0.0 	0.01 	
453 	0.06 	0.0 	0.0 	0.0 	0.0 	0.0 	0.0 	0.9 	0.0 	0.0 	0.0 	0.0 	0.0 	0.0 	0.0 	0.0 	0.0 	0.0 	0.04 	0.0 	
454 	0.05 	0.0 	0.0 	0.0 	0.0 	0.0 	0.0 	0.0 	0.0 	0.15 	0.09 	0.04 	0.0 	0.0 	0.0 	0.0 	0.03 	0.04 	0.06 	0.54 	
455 	0.15 	0.0 	0.0 	0.0 	0.0 	0.0 	0.0 	0.85 	0.0 	0.0 	0.0 	0.0 	0.0 	0.0 	0.0 	0.0 	0.0 	0.0 	0.0 	0.0 	
456 	0.13 	0.08 	0.0 	0.0 	0.03 	0.0 	0.0 	0.0 	0.02 	0.1 	0.11 	0.0 	0.06 	0.19 	0.0 	0.0 	0.03 	0.06 	0.04 	0.15 	
457 	0.09 	0.0 	0.07 	0.0 	0.0 	0.0 	0.0 	0.04 	0.08 	0.02 	0.02 	0.0 	0.0 	0.0 	0.0 	0.06 	0.12 	0.0 	0.08 	0.42 	
458 	0.06 	0.04 	0.06 	0.02 	0.0 	0.03 	0.68 	0.0 	0.0 	0.0 	0.0 	0.0 	0.0 	0.0 	0.0 	0.0 	0.04 	0.0 	0.05 	0.0 	
459 	0.74 	0.0 	0.0 	0.0 	0.09 	0.0 	0.0 	0.0 	0.0 	0.0 	0.0 	0.0 	0.06 	0.0 	0.0 	0.0 	0.07 	0.0 	0.0 	0.04 	
460 	0.24 	0.0 	0.0 	0.0 	0.0 	0.0 	0.0 	0.0 	0.0 	0.0 	0.0 	0.0 	0.0 	0.0 	0.76 	0.0 	0.0 	0.0 	0.0 	0.0 	
461 	0.0 	1.0 	0.0 	0.0 	0.0 	0.0 	0.0 	0.0 	0.0 	0.0 	0.0 	0.0 	0.0 	0.0 	0.0 	0.0 	0.0 	0.0 	0.0 	0.0 	
462 	0.05 	0.0 	0.0 	0.0 	0.0 	0.0 	0.0 	0.95 	0.0 	0.0 	0.0 	0.0 	0.0 	0.0 	0.0 	0.0 	0.0 	0.0 	0.0 	0.0 	
463 	0.24 	0.1 	0.0 	0.0 	0.0 	0.0 	0.08 	0.04 	0.03 	0.0 	0.06 	0.0 	0.06 	0.0 	0.0 	0.04 	0.21 	0.04 	0.0 	0.11 	
464 	0.0 	0.0 	0.14 	0.0 	0.02 	0.0 	0.0 	0.0 	0.0 	0.0 	0.84 	0.0 	0.0 	0.0 	0.0 	0.0 	0.0 	0.0 	0.0 	0.0 	
465 	0.03 	0.0 	0.0 	0.0 	0.0 	0.0 	0.0 	0.15 	0.0 	0.14 	0.12 	0.0 	0.06 	0.03 	0.0 	0.15 	0.12 	0.0 	0.09 	0.12 	
466 	0.0 	0.0 	0.0 	0.0 	0.0 	0.0 	0.0 	0.0 	1.0 	0.0 	0.0 	0.0 	0.0 	0.0 	0.0 	0.0 	0.0 	0.0 	0.0 	0.0 	
467 	0.05 	0.07 	0.0 	0.0 	0.0 	0.07 	0.0 	0.0 	0.17 	0.0 	0.04 	0.0 	0.05 	0.0 	0.0 	0.0 	0.0 	0.39 	0.17 	0.0 	
468 	0.16 	0.0 	0.0 	0.0 	0.0 	0.0 	0.05 	0.0 	0.0 	0.25 	0.03 	0.0 	0.02 	0.03 	0.0 	0.0 	0.0 	0.0 	0.14 	0.31 	
469 	0.02 	0.45 	0.0 	0.0 	0.13 	0.0 	0.09 	0.0 	0.0 	0.0 	0.0 	0.11 	0.0 	0.0 	0.0 	0.05 	0.05 	0.0 	0.0 	0.09 	
470 	0.0 	0.0 	0.0 	0.15 	0.0 	0.03 	0.0 	0.08 	0.0 	0.43 	0.18 	0.0 	0.0 	0.0 	0.0 	0.0 	0.03 	0.0 	0.0 	0.09 	
471 	0.0 	0.07 	0.0 	0.2 	0.0 	0.08 	0.19 	0.04 	0.0 	0.0 	0.0 	0.36 	0.0 	0.0 	0.0 	0.0 	0.0 	0.0 	0.0 	0.06 	
472 	0.0 	0.02 	0.21 	0.57 	0.0 	0.0 	0.06 	0.05 	0.0 	0.0 	0.0 	0.08 	0.0 	0.0 	0.0 	0.0 	0.0 	0.0 	0.0 	0.0 	
473 	0.0 	0.0 	0.0 	0.05 	0.0 	0.03 	0.0 	0.8 	0.0 	0.0 	0.0 	0.05 	0.0 	0.0 	0.0 	0.0 	0.07 	0.0 	0.0 	0.0 	
474 	0.04 	0.22 	0.02 	0.0 	0.0 	0.0 	0.0 	0.0 	0.0 	0.14 	0.04 	0.4 	0.0 	0.0 	0.0 	0.0 	0.03 	0.0 	0.0 	0.1 	
475 	0.0 	0.0 	0.0 	0.08 	0.0 	0.0 	0.0 	0.0 	0.0 	0.65 	0.04 	0.0 	0.0 	0.0 	0.0 	0.0 	0.0 	0.0 	0.0 	0.22 	
476 	0.06 	0.0 	0.03 	0.1 	0.0 	0.04 	0.14 	0.25 	0.0 	0.0 	0.04 	0.05 	0.0 	0.0 	0.0 	0.02 	0.16 	0.0 	0.0 	0.11 	
477 	0.08 	0.0 	0.36 	0.06 	0.0 	0.0 	0.01 	0.06 	0.0 	0.0 	0.03 	0.11 	0.0 	0.03 	0.0 	0.05 	0.04 	0.08 	0.03 	0.03 	
478 	0.16 	0.0 	0.0 	0.0 	0.0 	0.0 	0.01 	0.01 	0.0 	0.0 	0.01 	0.0 	0.0 	0.14 	0.0 	0.05 	0.04 	0.07 	0.49 	0.01 	
479 	0.01 	0.15 	0.26 	0.05 	0.0 	0.43 	0.05 	0.01 	0.0 	0.0 	0.01 	0.0 	0.0 	0.0 	0.0 	0.01 	0.0 	0.0 	0.0 	0.01 	
480 	0.13 	0.0 	0.0 	0.0 	0.15 	0.0 	0.01 	0.01 	0.03 	0.22 	0.23 	0.0 	0.1 	0.05 	0.0 	0.01 	0.04 	0.0 	0.0 	0.01 	
481 	0.01 	0.0 	0.0 	0.0 	0.0 	0.0 	0.01 	0.01 	0.0 	0.31 	0.21 	0.0 	0.0 	0.0 	0.0 	0.01 	0.0 	0.0 	0.0 	0.42 	
482 	0.26 	0.0 	0.0 	0.0 	0.0 	0.0 	0.01 	0.01 	0.0 	0.0 	0.01 	0.0 	0.0 	0.0 	0.0 	0.04 	0.04 	0.0 	0.0 	0.59 	
483 	0.29 	0.0 	0.0 	0.0 	0.0 	0.0 	0.0 	0.0 	0.0 	0.0 	0.0 	0.0 	0.0 	0.0 	0.71 	0.0 	0.0 	0.0 	0.0 	0.0 	
484 	0.0 	0.0 	0.0 	0.0 	0.0 	0.0 	0.0 	0.0 	0.0 	0.0 	0.0 	0.0 	0.0 	0.0 	0.0 	0.2 	0.72 	0.0 	0.0 	0.08 	
485 	0.04 	0.08 	0.0 	0.07 	0.0 	0.0 	0.14 	0.0 	0.0 	0.04 	0.03 	0.0 	0.0 	0.0 	0.0 	0.0 	0.55 	0.0 	0.0 	0.05 	
486 	0.0 	0.0 	0.0 	0.0 	0.0 	0.11 	0.0 	0.0 	0.07 	0.0 	0.0 	0.0 	0.0 	0.04 	0.0 	0.0 	0.0 	0.78 	0.0 	0.0 	
487 	0.01 	0.0 	0.88 	0.0 	0.0 	0.0 	0.01 	0.01 	0.0 	0.0 	0.01 	0.0 	0.0 	0.0 	0.0 	0.01 	0.04 	0.0 	0.0 	0.01 	
488 	0.13 	0.01 	0.01 	0.01 	0.0 	0.01 	0.02 	0.15 	0.04 	0.05 	0.11 	0.01 	0.01 	0.29 	0.01 	0.05 	0.02 	0.0 	0.01 	0.05 	
489 	0.05 	0.01 	0.17 	0.01 	0.0 	0.01 	0.02 	0.18 	0.09 	0.01 	0.02 	0.09 	0.01 	0.01 	0.09 	0.16 	0.04 	0.0 	0.01 	0.02 	
490 	0.01 	0.01 	0.01 	0.01 	0.0 	0.09 	0.01 	0.01 	0.0 	0.01 	0.02 	0.01 	0.0 	0.01 	0.74 	0.01 	0.01 	0.0 	0.01 	0.01 	
491 	0.12 	0.5 	0.01 	0.01 	0.01 	0.01 	0.02 	0.02 	0.01 	0.05 	0.02 	0.02 	0.01 	0.01 	0.01 	0.02 	0.1 	0.0 	0.01 	0.05 	
492 	0.02 	0.01 	0.07 	0.25 	0.11 	0.01 	0.09 	0.05 	0.01 	0.01 	0.08 	0.02 	0.17 	0.01 	0.01 	0.02 	0.02 	0.0 	0.01 	0.02 	
493 	0.12 	0.01 	0.05 	0.11 	0.01 	0.01 	0.12 	0.02 	0.03 	0.05 	0.02 	0.02 	0.06 	0.04 	0.18 	0.09 	0.02 	0.0 	0.02 	0.02 	
494 	0.07 	0.09 	0.08 	0.01 	0.01 	0.04 	0.12 	0.02 	0.01 	0.04 	0.05 	0.18 	0.1 	0.01 	0.01 	0.02 	0.11 	0.0 	0.01 	0.02 	
495 	0.05 	0.04 	0.05 	0.04 	0.0 	0.01 	0.01 	0.37 	0.11 	0.04 	0.07 	0.01 	0.0 	0.01 	0.09 	0.01 	0.05 	0.0 	0.01 	0.01 	
496 	0.09 	0.01 	0.17 	0.06 	0.0 	0.12 	0.05 	0.02 	0.0 	0.11 	0.02 	0.11 	0.0 	0.01 	0.01 	0.07 	0.05 	0.0 	0.01 	0.08 	
497 	0.05 	0.11 	0.01 	0.12 	0.0 	0.14 	0.01 	0.01 	0.0 	0.18 	0.21 	0.1 	0.0 	0.0 	0.01 	0.01 	0.01 	0.0 	0.0 	0.04 	
498 	0.01 	0.01 	0.01 	0.01 	0.0 	0.04 	0.01 	0.47 	0.0 	0.01 	0.07 	0.1 	0.0 	0.08 	0.01 	0.14 	0.01 	0.0 	0.0 	0.01 	
499 	0.32 	0.0 	0.0 	0.0 	0.0 	0.0 	0.06 	0.01 	0.0 	0.05 	0.01 	0.0 	0.0 	0.0 	0.31 	0.01 	0.08 	0.0 	0.0 	0.13 	
500 	0.21 	0.0 	0.0 	0.0 	0.0 	0.0 	0.06 	0.01 	0.0 	0.11 	0.12 	0.0 	0.0 	0.14 	0.0 	0.01 	0.0 	0.0 	0.14 	0.19 	
501 	0.18 	0.07 	0.0 	0.0 	0.0 	0.08 	0.51 	0.01 	0.0 	0.0 	0.01 	0.03 	0.0 	0.0 	0.0 	0.01 	0.0 	0.0 	0.0 	0.08 	
502 	0.24 	0.08 	0.0 	0.09 	0.0 	0.1 	0.13 	0.01 	0.1 	0.0 	0.01 	0.2 	0.0 	0.0 	0.0 	0.01 	0.0 	0.0 	0.0 	0.01 	
503 	0.31 	0.15 	0.0 	0.0 	0.0 	0.0 	0.0 	0.0 	0.0 	0.0 	0.0 	0.0 	0.05 	0.05 	0.0 	0.25 	0.05 	0.0 	0.12 	0.0 	
504 	0.0 	0.0 	0.0 	0.0 	0.0 	0.0 	0.0 	0.0 	0.0 	0.21 	0.79 	0.0 	0.0 	0.0 	0.0 	0.0 	0.0 	0.0 	0.0 	0.0 	
505 	0.05 	0.0 	0.0 	0.0 	0.08 	0.05 	0.12 	0.04 	0.0 	0.15 	0.1 	0.15 	0.11 	0.0 	0.0 	0.0 	0.04 	0.0 	0.05 	0.06 	
506 	0.0 	0.0 	0.12 	0.02 	0.0 	0.0 	0.05 	0.61 	0.05 	0.0 	0.0 	0.0 	0.0 	0.0 	0.07 	0.04 	0.03 	0.0 	0.0 	0.0 	
507 	0.13 	0.0 	0.12 	0.0 	0.0 	0.0 	0.0 	0.07 	0.04 	0.0 	0.0 	0.04 	0.04 	0.0 	0.03 	0.09 	0.28 	0.0 	0.05 	0.11 	
508 	0.04 	0.1 	0.0 	0.0 	0.0 	0.02 	0.15 	0.04 	0.0 	0.0 	0.0 	0.12 	0.0 	0.0 	0.42 	0.0 	0.04 	0.0 	0.0 	0.07 	
509 	0.0 	0.0 	0.0 	0.03 	0.0 	0.05 	0.19 	0.0 	0.0 	0.05 	0.15 	0.0 	0.17 	0.05 	0.0 	0.0 	0.0 	0.04 	0.0 	0.29 	
510 	0.43 	0.0 	0.0 	0.05 	0.0 	0.13 	0.14 	0.0 	0.0 	0.09 	0.0 	0.0 	0.0 	0.0 	0.04 	0.02 	0.0 	0.0 	0.0 	0.11 	
511 	0.17 	0.06 	0.16 	0.36 	0.0 	0.0 	0.04 	0.0 	0.0 	0.08 	0.0 	0.05 	0.0 	0.0 	0.0 	0.0 	0.04 	0.0 	0.05 	0.0 	
512 	0.18 	0.0 	0.0 	0.13 	0.0 	0.0 	0.13 	0.09 	0.04 	0.04 	0.04 	0.0 	0.05 	0.0 	0.28 	0.0 	0.0 	0.0 	0.0 	0.0 	
513 	0.05 	0.05 	0.03 	0.14 	0.0 	0.0 	0.23 	0.04 	0.04 	0.0 	0.01 	0.29 	0.0 	0.0 	0.0 	0.04 	0.02 	0.0 	0.04 	0.0 	
514 	0.09 	0.09 	0.04 	0.01 	0.0 	0.14 	0.08 	0.01 	0.0 	0.12 	0.06 	0.12 	0.04 	0.01 	0.05 	0.01 	0.01 	0.0 	0.01 	0.1 	
515 	0.01 	0.1 	0.01 	0.01 	0.0 	0.01 	0.05 	0.09 	0.0 	0.01 	0.1 	0.01 	0.04 	0.09 	0.35 	0.01 	0.01 	0.0 	0.03 	0.05 	
516 	0.13 	0.1 	0.21 	0.01 	0.0 	0.05 	0.01 	0.01 	0.0 	0.01 	0.19 	0.01 	0.0 	0.01 	0.01 	0.01 	0.01 	0.0 	0.01 	0.22 	
517 	0.05 	0.01 	0.04 	0.05 	0.0 	0.01 	0.41 	0.01 	0.04 	0.01 	0.16 	0.01 	0.0 	0.01 	0.01 	0.1 	0.01 	0.0 	0.06 	0.01 	
518 	0.05 	0.01 	0.01 	0.01 	0.0 	0.01 	0.01 	0.01 	0.0 	0.42 	0.15 	0.01 	0.11 	0.0 	0.01 	0.01 	0.01 	0.0 	0.0 	0.17 	
519 	0.01 	0.08 	0.01 	0.01 	0.0 	0.01 	0.21 	0.09 	0.0 	0.09 	0.26 	0.01 	0.0 	0.0 	0.01 	0.05 	0.01 	0.0 	0.0 	0.15 	
520 	0.0 	0.44 	0.0 	0.0 	0.0 	0.0 	0.08 	0.0 	0.04 	0.1 	0.0 	0.0 	0.15 	0.0 	0.0 	0.0 	0.0 	0.0 	0.0 	0.16 	
521 	0.12 	0.0 	0.0 	0.0 	0.0 	0.0 	0.0 	0.04 	0.0 	0.05 	0.25 	0.0 	0.0 	0.0 	0.0 	0.0 	0.28 	0.0 	0.0 	0.23 	
522 	0.04 	0.0 	0.0 	0.0 	0.0 	0.0 	0.0 	0.0 	0.0 	0.38 	0.12 	0.0 	0.05 	0.0 	0.0 	0.0 	0.0 	0.0 	0.05 	0.35 	
523 	0.11 	0.41 	0.0 	0.0 	0.0 	0.0 	0.0 	0.04 	0.31 	0.0 	0.08 	0.0 	0.0 	0.0 	0.0 	0.0 	0.0 	0.0 	0.0 	0.04 	
524 	0.47 	0.0 	0.0 	0.0 	0.0 	0.0 	0.0 	0.0 	0.0 	0.0 	0.04 	0.0 	0.0 	0.0 	0.05 	0.43 	0.0 	0.0 	0.0 	0.0 	
525 	0.0 	0.0 	0.0 	0.0 	0.0 	0.0 	0.0 	0.0 	0.0 	0.07 	0.04 	0.0 	0.0 	0.42 	0.0 	0.0 	0.0 	0.0 	0.43 	0.04 	
526 	0.0 	0.0 	0.0 	1.0 	0.0 	0.0 	0.0 	0.0 	0.0 	0.0 	0.0 	0.0 	0.0 	0.0 	0.0 	0.0 	0.0 	0.0 	0.0 	0.0 	
527 	0.0 	0.0 	0.0 	0.0 	0.0 	0.0 	0.0 	0.0 	0.0 	0.1 	0.0 	0.0 	0.0 	0.0 	0.9 	0.0 	0.0 	0.0 	0.0 	0.0 	
528 	0.0 	0.0 	0.0 	0.0 	0.96 	0.0 	0.0 	0.0 	0.0 	0.0 	0.0 	0.0 	0.0 	0.0 	0.0 	0.0 	0.0 	0.0 	0.0 	0.0 	
529 	0.05 	0.0 	0.0 	0.0 	0.0 	0.05 	0.0 	0.0 	0.0 	0.16 	0.42 	0.0 	0.03 	0.0 	0.0 	0.0 	0.0 	0.0 	0.0 	0.29 	
530 	0.51 	0.0 	0.0 	0.0 	0.0 	0.0 	0.0 	0.09 	0.0 	0.0 	0.0 	0.0 	0.0 	0.0 	0.0 	0.41 	0.0 	0.0 	0.0 	0.0 	
531 	0.0 	0.0 	0.0 	0.0 	1.0 	0.0 	0.0 	0.0 	0.0 	0.0 	0.0 	0.0 	0.0 	0.0 	0.0 	0.0 	0.0 	0.0 	0.0 	0.0 	
532 	0.6 	0.0 	0.0 	0.0 	0.0 	0.0 	0.0 	0.11 	0.0 	0.0 	0.0 	0.0 	0.0 	0.0 	0.0 	0.29 	0.0 	0.0 	0.0 	0.0 	
533 	0.0 	0.0 	0.0 	0.0 	0.0 	0.0 	0.0 	0.0 	0.0 	0.0 	0.0 	0.0 	0.0 	0.0 	0.0 	0.06 	0.63 	0.0 	0.0 	0.3 	
534 	0.0 	0.0 	0.0 	0.0 	0.0 	0.0 	0.0 	0.0 	1.0 	0.0 	0.0 	0.0 	0.0 	0.0 	0.0 	0.0 	0.0 	0.0 	0.0 	0.0 	
