	A 	R 	N 	D 	C 	Q 	E 	G 	H 	I 	L 	K 	M 	F 	P 	S 	T 	W 	Y 	V 	
1 	0.0 	0.98 	0.0 	0.0 	0.0 	0.02 	0.0 	0.0 	0.0 	0.0 	0.0 	0.0 	0.0 	0.0 	0.0 	0.0 	0.0 	0.0 	0.0 	0.0 	
2 	0.0 	0.0 	0.03 	0.06 	0.0 	0.06 	0.29 	0.21 	0.0 	0.0 	0.0 	0.0 	0.0 	0.0 	0.25 	0.0 	0.08 	0.0 	0.0 	0.01 	
3 	0.06 	0.0 	0.2 	0.0 	0.0 	0.17 	0.0 	0.04 	0.09 	0.0 	0.01 	0.12 	0.0 	0.06 	0.0 	0.03 	0.22 	0.0 	0.0 	0.0 	
4 	0.0 	0.0 	0.0 	0.0 	0.0 	0.0 	0.0 	0.0 	0.0 	0.0 	0.0 	0.0 	0.0 	0.08 	0.0 	0.0 	0.0 	0.92 	0.0 	0.0 	
5 	0.11 	0.0 	0.09 	0.09 	0.0 	0.0 	0.0 	0.2 	0.0 	0.0 	0.0 	0.01 	0.0 	0.0 	0.0 	0.38 	0.11 	0.0 	0.0 	0.0 	
6 	0.0 	0.04 	0.41 	0.0 	0.0 	0.01 	0.0 	0.11 	0.01 	0.0 	0.0 	0.08 	0.0 	0.0 	0.0 	0.29 	0.04 	0.0 	0.0 	0.0 	
7 	0.0 	0.14 	0.03 	0.0 	0.0 	0.08 	0.0 	0.08 	0.0 	0.0 	0.0 	0.58 	0.0 	0.0 	0.04 	0.06 	0.0 	0.0 	0.0 	0.0 	
8 	0.07 	0.03 	0.0 	0.0 	0.0 	0.0 	0.0 	0.0 	0.0 	0.13 	0.39 	0.0 	0.13 	0.09 	0.0 	0.05 	0.06 	0.0 	0.0 	0.04 	
9 	0.03 	0.0 	0.0 	0.3 	0.0 	0.2 	0.31 	0.12 	0.0 	0.0 	0.0 	0.0 	0.0 	0.0 	0.0 	0.0 	0.04 	0.0 	0.0 	0.0 	
10 	0.0 	0.0 	0.0 	0.0 	0.0 	0.0 	0.0 	0.0 	0.0 	0.0 	0.04 	0.0 	0.0 	0.67 	0.0 	0.0 	0.0 	0.0 	0.29 	0.0 	
11 	0.0 	0.0 	0.0 	0.0 	0.0 	0.0 	0.0 	0.0 	0.0 	0.32 	0.35 	0.0 	0.03 	0.0 	0.0 	0.0 	0.0 	0.0 	0.0 	0.3 	
12 	0.0 	0.0 	0.0 	0.0 	0.0 	0.0 	0.0 	0.0 	0.0 	0.0 	0.73 	0.0 	0.23 	0.04 	0.0 	0.0 	0.0 	0.0 	0.0 	0.0 	
13 	0.38 	0.0 	0.0 	0.0 	0.0 	0.0 	0.0 	0.0 	0.0 	0.0 	0.0 	0.0 	0.0 	0.0 	0.0 	0.45 	0.16 	0.0 	0.0 	0.02 	
14 	0.08 	0.0 	0.0 	0.0 	0.28 	0.12 	0.0 	0.0 	0.0 	0.0 	0.0 	0.0 	0.11 	0.0 	0.0 	0.11 	0.0 	0.0 	0.0 	0.3 	
15 	0.25 	0.0 	0.0 	0.0 	0.0 	0.0 	0.0 	0.0 	0.0 	0.35 	0.06 	0.0 	0.0 	0.0 	0.0 	0.0 	0.01 	0.0 	0.0 	0.33 	
16 	0.03 	0.0 	0.0 	0.0 	0.0 	0.0 	0.0 	0.84 	0.0 	0.0 	0.0 	0.0 	0.0 	0.0 	0.0 	0.13 	0.0 	0.0 	0.0 	0.0 	
17 	0.04 	0.0 	0.04 	0.0 	0.0 	0.0 	0.08 	0.03 	0.0 	0.0 	0.04 	0.0 	0.0 	0.35 	0.0 	0.11 	0.0 	0.0 	0.22 	0.08 	
18 	0.55 	0.0 	0.0 	0.0 	0.05 	0.0 	0.0 	0.0 	0.0 	0.08 	0.0 	0.0 	0.0 	0.03 	0.0 	0.21 	0.08 	0.0 	0.0 	0.0 	
19 	0.04 	0.0 	0.0 	0.0 	0.0 	0.0 	0.0 	0.0 	0.0 	0.17 	0.0 	0.0 	0.06 	0.0 	0.0 	0.0 	0.0 	0.0 	0.0 	0.73 	
20 	0.0 	0.0 	0.0 	0.1 	0.0 	0.0 	0.0 	0.83 	0.0 	0.0 	0.0 	0.06 	0.0 	0.0 	0.0 	0.0 	0.0 	0.0 	0.0 	0.0 	
21 	0.0 	0.0 	0.0 	0.0 	0.0 	0.0 	0.0 	0.0 	0.0 	0.0 	0.86 	0.0 	0.0 	0.04 	0.06 	0.0 	0.0 	0.0 	0.0 	0.04 	
22 	0.05 	0.0 	0.0 	0.0 	0.0 	0.0 	0.0 	0.88 	0.0 	0.0 	0.0 	0.0 	0.0 	0.0 	0.0 	0.07 	0.0 	0.0 	0.0 	0.0 	
23 	0.1 	0.0 	0.8 	0.0 	0.06 	0.0 	0.0 	0.0 	0.0 	0.0 	0.0 	0.0 	0.0 	0.0 	0.0 	0.04 	0.0 	0.0 	0.0 	0.0 	
24 	0.0 	0.0 	0.0 	0.0 	0.0 	0.0 	0.0 	0.0 	0.0 	0.28 	0.06 	0.0 	0.0 	0.08 	0.0 	0.0 	0.04 	0.0 	0.0 	0.53 	
25 	0.0 	0.0 	0.0 	0.0 	0.0 	0.0 	0.0 	0.0 	0.0 	0.0 	0.04 	0.0 	0.0 	0.0 	0.0 	0.0 	0.0 	0.96 	0.0 	0.0 	
26 	0.0 	0.9 	0.0 	0.0 	0.0 	0.0 	0.0 	0.0 	0.0 	0.0 	0.0 	0.1 	0.0 	0.0 	0.0 	0.0 	0.0 	0.0 	0.0 	0.0 	
27 	0.0 	0.0 	0.0 	0.0 	0.0 	0.0 	0.0 	0.0 	0.0 	0.0 	0.0 	0.0 	0.0 	1.0 	0.0 	0.0 	0.0 	0.0 	0.0 	0.0 	
28 	0.06 	0.0 	0.0 	0.0 	0.0 	0.0 	0.0 	0.03 	0.0 	0.0 	0.0 	0.0 	0.0 	0.0 	0.91 	0.0 	0.0 	0.0 	0.0 	0.0 	
29 	0.0 	0.0 	0.0 	0.0 	0.0 	0.0 	0.0 	0.0 	0.0 	0.0 	0.0 	0.0 	0.0 	0.12 	0.0 	0.0 	0.05 	0.0 	0.79 	0.04 	
30 	0.0 	0.06 	0.0 	0.0 	0.0 	0.04 	0.0 	0.0 	0.0 	0.03 	0.64 	0.0 	0.04 	0.0 	0.0 	0.0 	0.11 	0.0 	0.0 	0.07 	
31 	0.27 	0.0 	0.0 	0.0 	0.52 	0.0 	0.0 	0.0 	0.0 	0.0 	0.0 	0.0 	0.0 	0.0 	0.0 	0.0 	0.04 	0.06 	0.0 	0.11 	
32 	0.04 	0.0 	0.0 	0.0 	0.0 	0.17 	0.0 	0.12 	0.01 	0.0 	0.06 	0.0 	0.0 	0.09 	0.0 	0.0 	0.0 	0.0 	0.51 	0.0 	
33 	0.0 	0.03 	0.11 	0.0 	0.0 	0.1 	0.2 	0.0 	0.0 	0.0 	0.0 	0.34 	0.05 	0.0 	0.0 	0.05 	0.13 	0.0 	0.0 	0.0 	
34 	0.0 	0.0 	0.74 	0.0 	0.0 	0.0 	0.0 	0.0 	0.09 	0.0 	0.0 	0.0 	0.0 	0.0 	0.0 	0.11 	0.0 	0.0 	0.06 	0.0 	
35 	0.0 	0.0 	0.0 	0.0 	0.0 	0.0 	0.0 	1.0 	0.0 	0.0 	0.0 	0.0 	0.0 	0.0 	0.0 	0.0 	0.0 	0.0 	0.0 	0.0 	
36 	0.0 	0.0 	0.0 	0.0 	0.0 	0.0 	0.0 	1.0 	0.0 	0.0 	0.0 	0.0 	0.0 	0.0 	0.0 	0.0 	0.0 	0.0 	0.0 	0.0 	
37 	0.04 	0.0 	0.0 	0.0 	0.06 	0.0 	0.0 	0.85 	0.0 	0.0 	0.0 	0.0 	0.0 	0.0 	0.0 	0.05 	0.0 	0.0 	0.0 	0.0 	
38 	0.78 	0.0 	0.02 	0.0 	0.0 	0.0 	0.0 	0.0 	0.0 	0.0 	0.0 	0.0 	0.0 	0.0 	0.0 	0.12 	0.0 	0.0 	0.0 	0.08 	
39 	0.0 	0.0 	0.0 	0.0 	0.0 	0.0 	0.0 	0.0 	0.0 	0.0 	0.0 	0.0 	0.0 	0.89 	0.0 	0.0 	0.0 	0.0 	0.11 	0.0 	
40 	0.06 	0.0 	0.0 	0.0 	0.0 	0.0 	0.0 	0.0 	0.0 	0.03 	0.66 	0.0 	0.11 	0.09 	0.0 	0.0 	0.0 	0.0 	0.0 	0.04 	
41 	0.06 	0.0 	0.0 	0.0 	0.0 	0.0 	0.0 	0.0 	0.0 	0.52 	0.17 	0.0 	0.0 	0.03 	0.0 	0.0 	0.0 	0.0 	0.0 	0.21 	
42 	0.0 	0.0 	0.0 	0.0 	0.0 	0.0 	0.0 	0.0 	0.0 	0.12 	0.04 	0.0 	0.0 	0.0 	0.8 	0.0 	0.0 	0.0 	0.0 	0.03 	
43 	0.0 	0.0 	0.0 	0.0 	0.0 	0.0 	0.0 	0.0 	0.0 	0.0 	0.0 	0.0 	0.0 	0.14 	0.0 	0.0 	0.0 	0.0 	0.86 	0.0 	
44 	0.01 	0.0 	0.0 	0.0 	0.07 	0.0 	0.0 	0.01 	0.0 	0.29 	0.3 	0.0 	0.03 	0.14 	0.0 	0.02 	0.04 	0.0 	0.0 	0.09 	
45 	0.0 	0.0 	0.0 	0.0 	0.04 	0.0 	0.0 	0.0 	0.0 	0.58 	0.15 	0.0 	0.02 	0.07 	0.0 	0.0 	0.06 	0.0 	0.0 	0.08 	
46 	0.18 	0.0 	0.0 	0.0 	0.05 	0.0 	0.0 	0.0 	0.0 	0.05 	0.1 	0.0 	0.29 	0.23 	0.0 	0.0 	0.01 	0.0 	0.0 	0.09 	
47 	0.12 	0.0 	0.0 	0.0 	0.0 	0.0 	0.0 	0.0 	0.0 	0.0 	0.61 	0.0 	0.06 	0.13 	0.0 	0.0 	0.06 	0.0 	0.0 	0.02 	
48 	0.05 	0.0 	0.0 	0.0 	0.07 	0.0 	0.0 	0.0 	0.0 	0.27 	0.18 	0.0 	0.01 	0.29 	0.0 	0.0 	0.0 	0.0 	0.0 	0.13 	
49 	0.0 	0.0 	0.0 	0.0 	0.04 	0.0 	0.0 	0.03 	0.0 	0.09 	0.44 	0.0 	0.01 	0.14 	0.0 	0.02 	0.06 	0.0 	0.0 	0.17 	
50 	0.18 	0.0 	0.0 	0.0 	0.13 	0.0 	0.11 	0.11 	0.0 	0.21 	0.03 	0.0 	0.0 	0.05 	0.0 	0.02 	0.02 	0.0 	0.0 	0.14 	
51 	0.03 	0.0 	0.0 	0.0 	0.0 	0.0 	0.0 	0.92 	0.0 	0.0 	0.0 	0.0 	0.0 	0.0 	0.0 	0.05 	0.0 	0.0 	0.0 	0.0 	
52 	0.0 	0.0 	0.0 	0.0 	0.0 	0.0 	0.0 	0.0 	0.0 	0.49 	0.19 	0.08 	0.07 	0.0 	0.0 	0.0 	0.0 	0.0 	0.03 	0.14 	
53 	0.0 	0.0 	0.0 	0.0 	0.0 	0.0 	0.0 	0.0 	0.0 	0.0 	0.0 	0.0 	0.0 	0.0 	1.0 	0.0 	0.0 	0.0 	0.0 	0.0 	
54 	0.05 	0.0 	0.0 	0.0 	0.0 	0.0 	0.0 	0.0 	0.0 	0.11 	0.58 	0.0 	0.16 	0.0 	0.0 	0.0 	0.0 	0.0 	0.0 	0.1 	
55 	0.0 	0.0 	0.0 	0.0 	0.0 	0.0 	0.0 	0.0 	0.0 	0.04 	0.25 	0.0 	0.07 	0.51 	0.0 	0.0 	0.0 	0.0 	0.08 	0.05 	
56 	0.0 	0.0 	0.0 	0.0 	0.0 	0.0 	0.0 	0.0 	0.02 	0.03 	0.13 	0.0 	0.0 	0.42 	0.0 	0.0 	0.0 	0.04 	0.33 	0.03 	
57 	0.0 	0.0 	0.0 	0.0 	0.0 	0.0 	0.0 	0.06 	0.0 	0.07 	0.55 	0.0 	0.22 	0.05 	0.0 	0.0 	0.0 	0.0 	0.0 	0.05 	
58 	0.0 	0.0 	0.0 	0.03 	0.0 	0.0 	0.97 	0.0 	0.0 	0.0 	0.0 	0.0 	0.0 	0.0 	0.0 	0.0 	0.0 	0.0 	0.0 	0.0 	
59 	0.0 	0.0 	0.04 	0.0 	0.02 	0.0 	0.0 	0.0 	0.0 	0.05 	0.31 	0.0 	0.18 	0.17 	0.0 	0.0 	0.04 	0.04 	0.03 	0.11 	
60 	0.48 	0.0 	0.0 	0.0 	0.02 	0.0 	0.0 	0.0 	0.0 	0.17 	0.05 	0.0 	0.0 	0.0 	0.0 	0.18 	0.03 	0.0 	0.0 	0.08 	
61 	0.06 	0.0 	0.0 	0.0 	0.0 	0.0 	0.0 	0.0 	0.0 	0.25 	0.32 	0.0 	0.1 	0.07 	0.0 	0.0 	0.05 	0.0 	0.0 	0.16 	
62 	0.0 	0.0 	0.0 	0.0 	0.0 	0.0 	0.0 	1.0 	0.0 	0.0 	0.0 	0.0 	0.0 	0.0 	0.0 	0.0 	0.0 	0.0 	0.0 	0.0 	
63 	0.0 	0.18 	0.0 	0.0 	0.0 	0.76 	0.0 	0.0 	0.06 	0.0 	0.0 	0.0 	0.0 	0.0 	0.0 	0.0 	0.0 	0.0 	0.0 	0.0 	
64 	0.01 	0.18 	0.0 	0.0 	0.0 	0.0 	0.0 	0.01 	0.0 	0.0 	0.01 	0.06 	0.0 	0.33 	0.0 	0.07 	0.0 	0.0 	0.31 	0.0 	
65 	0.08 	0.05 	0.04 	0.04 	0.0 	0.06 	0.01 	0.24 	0.02 	0.05 	0.09 	0.01 	0.11 	0.01 	0.01 	0.06 	0.1 	0.0 	0.01 	0.02 	
66 	0.09 	0.21 	0.03 	0.05 	0.0 	0.01 	0.01 	0.18 	0.0 	0.01 	0.02 	0.04 	0.0 	0.01 	0.02 	0.17 	0.11 	0.0 	0.02 	0.01 	
67 	0.09 	0.16 	0.01 	0.01 	0.01 	0.1 	0.07 	0.02 	0.0 	0.06 	0.02 	0.12 	0.0 	0.01 	0.01 	0.18 	0.01 	0.0 	0.0 	0.11 	
68 	0.04 	0.04 	0.02 	0.01 	0.0 	0.2 	0.03 	0.32 	0.04 	0.04 	0.01 	0.12 	0.04 	0.01 	0.01 	0.01 	0.05 	0.0 	0.0 	0.01 	
69 	0.04 	0.08 	0.0 	0.0 	0.05 	0.0 	0.01 	0.41 	0.04 	0.08 	0.01 	0.0 	0.0 	0.0 	0.03 	0.15 	0.06 	0.0 	0.0 	0.02 	
70 	0.03 	0.03 	0.07 	0.0 	0.0 	0.04 	0.0 	0.03 	0.06 	0.14 	0.1 	0.07 	0.05 	0.04 	0.03 	0.08 	0.0 	0.16 	0.03 	0.02 	
71 	0.02 	0.0 	0.02 	0.0 	0.0 	0.04 	0.0 	0.49 	0.0 	0.06 	0.01 	0.08 	0.0 	0.0 	0.0 	0.11 	0.04 	0.0 	0.03 	0.08 	
72 	0.06 	0.05 	0.04 	0.01 	0.08 	0.01 	0.01 	0.04 	0.0 	0.14 	0.02 	0.01 	0.0 	0.01 	0.01 	0.14 	0.23 	0.0 	0.01 	0.13 	
73 	0.16 	0.01 	0.05 	0.01 	0.09 	0.01 	0.02 	0.02 	0.01 	0.14 	0.09 	0.01 	0.01 	0.01 	0.05 	0.07 	0.04 	0.11 	0.01 	0.09 	
74 	0.09 	0.04 	0.02 	0.02 	0.06 	0.01 	0.06 	0.08 	0.01 	0.02 	0.03 	0.02 	0.01 	0.01 	0.3 	0.09 	0.03 	0.05 	0.01 	0.04 	
75 	0.11 	0.02 	0.05 	0.02 	0.01 	0.04 	0.03 	0.09 	0.01 	0.1 	0.08 	0.08 	0.01 	0.02 	0.09 	0.1 	0.05 	0.01 	0.01 	0.07 	
76 	0.07 	0.03 	0.02 	0.06 	0.01 	0.02 	0.03 	0.07 	0.01 	0.26 	0.1 	0.04 	0.01 	0.12 	0.03 	0.03 	0.03 	0.01 	0.02 	0.03 	
77 	0.08 	0.03 	0.02 	0.03 	0.1 	0.02 	0.03 	0.04 	0.04 	0.04 	0.09 	0.03 	0.02 	0.12 	0.03 	0.09 	0.06 	0.01 	0.02 	0.1 	
78 	0.04 	0.03 	0.03 	0.03 	0.02 	0.02 	0.06 	0.13 	0.01 	0.05 	0.05 	0.06 	0.01 	0.02 	0.17 	0.04 	0.03 	0.01 	0.12 	0.04 	
79 	0.08 	0.03 	0.03 	0.03 	0.01 	0.02 	0.04 	0.04 	0.01 	0.03 	0.21 	0.1 	0.01 	0.02 	0.04 	0.04 	0.06 	0.04 	0.04 	0.13 	
80 	0.02 	0.01 	0.01 	0.01 	0.03 	0.01 	0.02 	0.11 	0.03 	0.06 	0.19 	0.05 	0.01 	0.1 	0.05 	0.02 	0.01 	0.0 	0.01 	0.23 	
81 	0.03 	0.01 	0.01 	0.01 	0.0 	0.01 	0.05 	0.02 	0.01 	0.01 	0.02 	0.01 	0.01 	0.04 	0.01 	0.1 	0.01 	0.5 	0.1 	0.02 	
82 	0.06 	0.22 	0.01 	0.02 	0.01 	0.03 	0.02 	0.18 	0.01 	0.02 	0.03 	0.19 	0.01 	0.01 	0.02 	0.06 	0.05 	0.0 	0.04 	0.02 	
83 	0.06 	0.09 	0.08 	0.02 	0.04 	0.11 	0.02 	0.08 	0.01 	0.09 	0.03 	0.06 	0.01 	0.01 	0.05 	0.12 	0.08 	0.0 	0.01 	0.04 	
84 	0.13 	0.19 	0.01 	0.01 	0.0 	0.01 	0.01 	0.08 	0.01 	0.1 	0.02 	0.1 	0.01 	0.01 	0.18 	0.02 	0.01 	0.03 	0.04 	0.03 	
85 	0.05 	0.01 	0.01 	0.01 	0.04 	0.01 	0.01 	0.03 	0.0 	0.14 	0.07 	0.01 	0.06 	0.2 	0.04 	0.05 	0.01 	0.0 	0.13 	0.09 	
86 	0.27 	0.05 	0.01 	0.01 	0.08 	0.01 	0.01 	0.09 	0.0 	0.01 	0.11 	0.01 	0.0 	0.08 	0.08 	0.1 	0.01 	0.04 	0.01 	0.01 	
87 	0.04 	0.01 	0.0 	0.0 	0.0 	0.06 	0.01 	0.04 	0.0 	0.0 	0.02 	0.29 	0.0 	0.0 	0.19 	0.11 	0.1 	0.08 	0.0 	0.03 	
88 	0.01 	0.0 	0.0 	0.0 	0.0 	0.01 	0.01 	0.34 	0.03 	0.38 	0.03 	0.03 	0.02 	0.05 	0.0 	0.01 	0.0 	0.0 	0.02 	0.05 	
89 	0.03 	0.0 	0.0 	0.0 	0.12 	0.0 	0.02 	0.04 	0.0 	0.13 	0.27 	0.02 	0.0 	0.09 	0.0 	0.03 	0.0 	0.0 	0.0 	0.22 	
90 	0.01 	0.0 	0.0 	0.0 	0.0 	0.0 	0.06 	0.71 	0.0 	0.1 	0.02 	0.04 	0.0 	0.0 	0.0 	0.01 	0.0 	0.0 	0.0 	0.03 	
91 	0.01 	0.0 	0.0 	0.0 	0.04 	0.0 	0.0 	0.12 	0.0 	0.18 	0.1 	0.0 	0.02 	0.04 	0.0 	0.03 	0.0 	0.07 	0.23 	0.13 	
92 	0.25 	0.04 	0.0 	0.01 	0.02 	0.0 	0.01 	0.04 	0.0 	0.16 	0.04 	0.01 	0.07 	0.08 	0.0 	0.13 	0.08 	0.0 	0.0 	0.04 	
93 	0.03 	0.0 	0.0 	0.04 	0.01 	0.0 	0.0 	0.38 	0.0 	0.0 	0.01 	0.0 	0.05 	0.02 	0.0 	0.26 	0.0 	0.0 	0.1 	0.06 	
94 	0.02 	0.0 	0.0 	0.0 	0.04 	0.01 	0.0 	0.01 	0.0 	0.09 	0.17 	0.0 	0.13 	0.07 	0.0 	0.0 	0.04 	0.03 	0.17 	0.19 	
95 	0.16 	0.01 	0.0 	0.01 	0.0 	0.0 	0.01 	0.01 	0.0 	0.07 	0.14 	0.01 	0.05 	0.05 	0.01 	0.12 	0.03 	0.1 	0.03 	0.21 	
96 	0.04 	0.0 	0.0 	0.0 	0.0 	0.0 	0.0 	0.04 	0.0 	0.33 	0.03 	0.0 	0.0 	0.0 	0.0 	0.15 	0.09 	0.0 	0.03 	0.26 	
97 	0.13 	0.0 	0.09 	0.0 	0.22 	0.04 	0.05 	0.0 	0.0 	0.0 	0.1 	0.0 	0.0 	0.0 	0.03 	0.21 	0.0 	0.0 	0.0 	0.1 	
98 	0.04 	0.0 	0.0 	0.0 	0.04 	0.0 	0.0 	0.0 	0.0 	0.04 	0.21 	0.0 	0.02 	0.39 	0.0 	0.08 	0.02 	0.0 	0.0 	0.15 	
99 	0.1 	0.0 	0.0 	0.0 	0.0 	0.0 	0.0 	0.04 	0.0 	0.21 	0.22 	0.0 	0.02 	0.07 	0.0 	0.0 	0.0 	0.01 	0.16 	0.14 	
100 	0.02 	0.0 	0.04 	0.0 	0.04 	0.0 	0.03 	0.0 	0.0 	0.23 	0.29 	0.0 	0.03 	0.0 	0.0 	0.0 	0.0 	0.0 	0.0 	0.32 	
101 	0.2 	0.0 	0.15 	0.03 	0.03 	0.0 	0.0 	0.2 	0.0 	0.0 	0.07 	0.0 	0.04 	0.0 	0.0 	0.16 	0.13 	0.0 	0.0 	0.0 	
102 	0.04 	0.04 	0.0 	0.0 	0.0 	0.0 	0.0 	0.0 	0.0 	0.22 	0.28 	0.0 	0.05 	0.07 	0.0 	0.13 	0.06 	0.0 	0.0 	0.11 	
103 	0.03 	0.0 	0.0 	0.0 	0.0 	0.0 	0.0 	0.0 	0.0 	0.0 	0.0 	0.0 	0.0 	0.11 	0.04 	0.0 	0.0 	0.0 	0.83 	0.0 	
104 	0.04 	0.0 	0.0 	0.0 	0.0 	0.0 	0.0 	0.0 	0.0 	0.0 	0.0 	0.0 	0.0 	0.08 	0.0 	0.0 	0.0 	0.0 	0.88 	0.0 	
105 	0.03 	0.0 	0.41 	0.0 	0.0 	0.0 	0.04 	0.0 	0.0 	0.21 	0.09 	0.0 	0.04 	0.0 	0.0 	0.09 	0.0 	0.0 	0.03 	0.07 	
106 	0.0 	0.0 	0.0 	0.0 	0.0 	0.0 	0.0 	0.0 	0.0 	0.12 	0.01 	0.0 	0.05 	0.09 	0.0 	0.0 	0.11 	0.0 	0.09 	0.53 	
107 	0.0 	0.0 	0.0 	0.0 	0.0 	0.0 	0.0 	0.0 	0.0 	0.65 	0.04 	0.0 	0.0 	0.03 	0.0 	0.0 	0.0 	0.0 	0.0 	0.29 	
108 	0.0 	0.0 	0.09 	0.02 	0.0 	0.0 	0.08 	0.1 	0.0 	0.3 	0.25 	0.0 	0.01 	0.03 	0.0 	0.07 	0.0 	0.0 	0.0 	0.05 	
109 	0.38 	0.0 	0.0 	0.01 	0.05 	0.0 	0.02 	0.21 	0.0 	0.0 	0.02 	0.0 	0.0 	0.03 	0.04 	0.16 	0.07 	0.0 	0.0 	0.0 	
110 	0.0 	0.0 	0.0 	0.0 	0.0 	0.03 	0.0 	0.0 	0.0 	0.02 	0.01 	0.0 	0.0 	0.0 	0.0 	0.0 	0.0 	0.85 	0.05 	0.0 	
111 	0.26 	0.0 	0.0 	0.0 	0.03 	0.02 	0.0 	0.06 	0.0 	0.17 	0.01 	0.0 	0.04 	0.0 	0.0 	0.16 	0.12 	0.0 	0.0 	0.1 	
112 	0.05 	0.0 	0.0 	0.01 	0.0 	0.0 	0.01 	0.01 	0.0 	0.16 	0.41 	0.01 	0.08 	0.05 	0.01 	0.06 	0.03 	0.0 	0.03 	0.07 	
113 	0.01 	0.02 	0.0 	0.01 	0.03 	0.0 	0.03 	0.09 	0.04 	0.07 	0.05 	0.01 	0.0 	0.21 	0.0 	0.11 	0.04 	0.07 	0.2 	0.01 	
114 	0.01 	0.0 	0.04 	0.0 	0.0 	0.0 	0.01 	0.01 	0.0 	0.0 	0.01 	0.01 	0.0 	0.15 	0.0 	0.01 	0.02 	0.03 	0.69 	0.01 	
115 	0.07 	0.0 	0.03 	0.0 	0.07 	0.0 	0.0 	0.04 	0.0 	0.11 	0.33 	0.0 	0.04 	0.08 	0.0 	0.1 	0.07 	0.03 	0.0 	0.0 	
116 	0.01 	0.06 	0.0 	0.01 	0.0 	0.04 	0.02 	0.01 	0.0 	0.21 	0.08 	0.01 	0.0 	0.28 	0.01 	0.07 	0.03 	0.01 	0.06 	0.09 	
117 	0.07 	0.0 	0.12 	0.07 	0.0 	0.08 	0.02 	0.02 	0.01 	0.0 	0.01 	0.16 	0.0 	0.03 	0.03 	0.24 	0.02 	0.03 	0.05 	0.01 	
118 	0.04 	0.0 	0.02 	0.04 	0.03 	0.0 	0.06 	0.03 	0.0 	0.04 	0.07 	0.0 	0.0 	0.14 	0.0 	0.41 	0.0 	0.0 	0.12 	0.0 	
119 	0.01 	0.0 	0.0 	0.0 	0.06 	0.0 	0.0 	0.01 	0.0 	0.05 	0.22 	0.0 	0.02 	0.45 	0.06 	0.01 	0.02 	0.07 	0.0 	0.0 	
120 	0.02 	0.04 	0.0 	0.0 	0.0 	0.11 	0.0 	0.01 	0.0 	0.03 	0.01 	0.0 	0.04 	0.09 	0.0 	0.07 	0.43 	0.02 	0.0 	0.11 	
121 	0.01 	0.04 	0.1 	0.03 	0.0 	0.0 	0.01 	0.23 	0.11 	0.03 	0.01 	0.02 	0.01 	0.02 	0.01 	0.19 	0.09 	0.02 	0.05 	0.0 	
122 	0.09 	0.02 	0.05 	0.03 	0.07 	0.02 	0.11 	0.05 	0.0 	0.01 	0.08 	0.02 	0.0 	0.08 	0.05 	0.11 	0.09 	0.0 	0.0 	0.09 	
123 	0.02 	0.01 	0.0 	0.05 	0.02 	0.0 	0.01 	0.01 	0.0 	0.01 	0.5 	0.03 	0.0 	0.1 	0.01 	0.01 	0.06 	0.03 	0.0 	0.13 	
124 	0.02 	0.01 	0.07 	0.12 	0.0 	0.13 	0.0 	0.03 	0.01 	0.03 	0.0 	0.0 	0.0 	0.0 	0.49 	0.05 	0.03 	0.0 	0.0 	0.0 	
125 	0.0 	0.02 	0.07 	0.09 	0.0 	0.09 	0.18 	0.0 	0.04 	0.03 	0.04 	0.0 	0.0 	0.0 	0.0 	0.14 	0.06 	0.2 	0.03 	0.0 	
126 	0.1 	0.08 	0.0 	0.01 	0.08 	0.02 	0.04 	0.06 	0.0 	0.0 	0.02 	0.02 	0.02 	0.0 	0.33 	0.05 	0.15 	0.0 	0.0 	0.0 	
127 	0.05 	0.02 	0.04 	0.02 	0.0 	0.02 	0.06 	0.01 	0.03 	0.0 	0.13 	0.01 	0.01 	0.0 	0.26 	0.12 	0.09 	0.08 	0.06 	0.01 	
128 	0.02 	0.06 	0.07 	0.01 	0.25 	0.07 	0.02 	0.03 	0.01 	0.01 	0.01 	0.03 	0.0 	0.0 	0.26 	0.07 	0.01 	0.04 	0.0 	0.04 	
129 	0.03 	0.01 	0.07 	0.05 	0.03 	0.0 	0.08 	0.01 	0.0 	0.06 	0.05 	0.04 	0.0 	0.03 	0.0 	0.1 	0.3 	0.11 	0.0 	0.03 	
130 	0.02 	0.02 	0.18 	0.27 	0.06 	0.03 	0.05 	0.01 	0.0 	0.0 	0.07 	0.0 	0.02 	0.0 	0.0 	0.09 	0.13 	0.0 	0.05 	0.0 	
131 	0.11 	0.01 	0.04 	0.01 	0.02 	0.05 	0.06 	0.06 	0.0 	0.01 	0.02 	0.07 	0.0 	0.0 	0.32 	0.15 	0.04 	0.0 	0.0 	0.04 	
132 	0.02 	0.01 	0.08 	0.22 	0.07 	0.02 	0.07 	0.05 	0.04 	0.01 	0.04 	0.02 	0.0 	0.01 	0.03 	0.16 	0.04 	0.07 	0.01 	0.02 	
133 	0.09 	0.02 	0.26 	0.05 	0.02 	0.01 	0.02 	0.07 	0.0 	0.01 	0.01 	0.02 	0.0 	0.01 	0.05 	0.18 	0.15 	0.0 	0.0 	0.03 	
134 	0.05 	0.01 	0.01 	0.01 	0.03 	0.01 	0.07 	0.01 	0.0 	0.18 	0.2 	0.01 	0.05 	0.01 	0.01 	0.09 	0.14 	0.02 	0.0 	0.1 	
135 	0.06 	0.07 	0.06 	0.02 	0.04 	0.0 	0.04 	0.01 	0.02 	0.02 	0.2 	0.04 	0.02 	0.03 	0.01 	0.07 	0.11 	0.0 	0.04 	0.13 	
136 	0.01 	0.15 	0.03 	0.03 	0.08 	0.09 	0.04 	0.01 	0.03 	0.01 	0.02 	0.07 	0.0 	0.04 	0.01 	0.17 	0.13 	0.0 	0.04 	0.03 	
137 	0.02 	0.02 	0.04 	0.01 	0.07 	0.04 	0.01 	0.07 	0.0 	0.01 	0.01 	0.04 	0.0 	0.03 	0.49 	0.05 	0.03 	0.04 	0.0 	0.02 	
138 	0.2 	0.01 	0.01 	0.04 	0.0 	0.02 	0.04 	0.01 	0.0 	0.06 	0.17 	0.01 	0.01 	0.13 	0.01 	0.1 	0.02 	0.02 	0.04 	0.13 	
139 	0.08 	0.02 	0.16 	0.07 	0.04 	0.08 	0.11 	0.02 	0.01 	0.04 	0.01 	0.14 	0.01 	0.0 	0.0 	0.12 	0.04 	0.02 	0.03 	0.0 	
140 	0.05 	0.0 	0.12 	0.03 	0.0 	0.1 	0.36 	0.01 	0.01 	0.0 	0.02 	0.01 	0.0 	0.05 	0.0 	0.09 	0.01 	0.0 	0.03 	0.08 	
141 	0.13 	0.05 	0.09 	0.0 	0.05 	0.0 	0.04 	0.02 	0.0 	0.0 	0.09 	0.0 	0.0 	0.27 	0.0 	0.11 	0.0 	0.0 	0.08 	0.03 	
142 	0.05 	0.03 	0.09 	0.02 	0.0 	0.09 	0.02 	0.02 	0.04 	0.08 	0.14 	0.0 	0.0 	0.09 	0.0 	0.05 	0.05 	0.1 	0.1 	0.02 	
143 	0.02 	0.04 	0.03 	0.01 	0.0 	0.0 	0.15 	0.03 	0.1 	0.01 	0.05 	0.07 	0.0 	0.07 	0.0 	0.06 	0.14 	0.03 	0.13 	0.03 	
144 	0.04 	0.19 	0.08 	0.02 	0.02 	0.0 	0.03 	0.15 	0.0 	0.01 	0.06 	0.03 	0.0 	0.02 	0.0 	0.25 	0.07 	0.0 	0.01 	0.01 	
145 	0.08 	0.06 	0.02 	0.0 	0.01 	0.0 	0.0 	0.03 	0.14 	0.03 	0.06 	0.06 	0.04 	0.08 	0.0 	0.06 	0.01 	0.01 	0.26 	0.02 	
146 	0.03 	0.04 	0.02 	0.05 	0.0 	0.01 	0.04 	0.01 	0.0 	0.07 	0.27 	0.03 	0.0 	0.03 	0.01 	0.03 	0.08 	0.0 	0.0 	0.28 	
147 	0.09 	0.06 	0.06 	0.08 	0.0 	0.06 	0.06 	0.14 	0.06 	0.01 	0.12 	0.06 	0.0 	0.04 	0.01 	0.09 	0.01 	0.02 	0.0 	0.04 	
148 	0.06 	0.01 	0.02 	0.01 	0.02 	0.08 	0.09 	0.01 	0.03 	0.15 	0.17 	0.04 	0.03 	0.01 	0.01 	0.03 	0.09 	0.0 	0.05 	0.1 	
149 	0.07 	0.03 	0.01 	0.02 	0.04 	0.04 	0.05 	0.08 	0.06 	0.1 	0.1 	0.03 	0.0 	0.0 	0.09 	0.15 	0.07 	0.0 	0.0 	0.05 	
150 	0.06 	0.03 	0.15 	0.12 	0.0 	0.06 	0.11 	0.01 	0.06 	0.09 	0.04 	0.06 	0.0 	0.0 	0.01 	0.17 	0.01 	0.0 	0.0 	0.01 	
151 	0.08 	0.05 	0.05 	0.05 	0.05 	0.02 	0.02 	0.41 	0.0 	0.11 	0.02 	0.02 	0.02 	0.02 	0.0 	0.05 	0.0 	0.0 	0.01 	0.01 	
152 	0.0 	0.0 	0.09 	0.18 	0.0 	0.03 	0.06 	0.1 	0.0 	0.07 	0.02 	0.04 	0.01 	0.03 	0.0 	0.23 	0.09 	0.0 	0.0 	0.03 	
153 	0.02 	0.03 	0.1 	0.08 	0.0 	0.08 	0.23 	0.02 	0.05 	0.01 	0.02 	0.07 	0.02 	0.0 	0.0 	0.23 	0.0 	0.0 	0.02 	0.0 	
154 	0.05 	0.0 	0.03 	0.15 	0.0 	0.01 	0.1 	0.15 	0.0 	0.02 	0.02 	0.03 	0.0 	0.0 	0.32 	0.07 	0.01 	0.0 	0.0 	0.02 	
155 	0.06 	0.0 	0.02 	0.03 	0.07 	0.02 	0.01 	0.01 	0.01 	0.22 	0.13 	0.02 	0.02 	0.05 	0.02 	0.06 	0.04 	0.0 	0.02 	0.19 	
156 	0.08 	0.05 	0.03 	0.01 	0.0 	0.09 	0.08 	0.12 	0.0 	0.06 	0.09 	0.01 	0.06 	0.02 	0.01 	0.08 	0.05 	0.04 	0.07 	0.08 	
157 	0.01 	0.08 	0.03 	0.08 	0.0 	0.03 	0.07 	0.04 	0.02 	0.0 	0.08 	0.19 	0.0 	0.03 	0.03 	0.22 	0.04 	0.0 	0.04 	0.02 	
158 	0.06 	0.01 	0.01 	0.03 	0.02 	0.04 	0.11 	0.05 	0.0 	0.03 	0.12 	0.02 	0.0 	0.0 	0.23 	0.13 	0.04 	0.03 	0.0 	0.07 	
159 	0.05 	0.01 	0.03 	0.07 	0.0 	0.07 	0.03 	0.16 	0.0 	0.05 	0.04 	0.01 	0.0 	0.03 	0.01 	0.27 	0.1 	0.0 	0.03 	0.04 	
160 	0.05 	0.01 	0.03 	0.03 	0.0 	0.04 	0.07 	0.1 	0.0 	0.07 	0.2 	0.02 	0.03 	0.05 	0.0 	0.1 	0.05 	0.04 	0.08 	0.03 	
161 	0.08 	0.01 	0.03 	0.01 	0.02 	0.0 	0.02 	0.09 	0.0 	0.1 	0.16 	0.02 	0.0 	0.12 	0.01 	0.08 	0.1 	0.08 	0.0 	0.04 	
162 	0.12 	0.07 	0.02 	0.03 	0.02 	0.07 	0.08 	0.06 	0.0 	0.07 	0.14 	0.04 	0.03 	0.0 	0.02 	0.11 	0.01 	0.01 	0.07 	0.02 	
163 	0.0 	0.06 	0.03 	0.02 	0.06 	0.06 	0.06 	0.04 	0.05 	0.0 	0.1 	0.0 	0.0 	0.06 	0.0 	0.03 	0.05 	0.15 	0.17 	0.07 	
164 	0.01 	0.08 	0.05 	0.0 	0.02 	0.04 	0.04 	0.03 	0.0 	0.11 	0.28 	0.04 	0.0 	0.08 	0.02 	0.03 	0.03 	0.05 	0.01 	0.09 	
165 	0.07 	0.06 	0.05 	0.0 	0.0 	0.04 	0.0 	0.03 	0.0 	0.02 	0.2 	0.04 	0.02 	0.02 	0.04 	0.08 	0.02 	0.08 	0.02 	0.21 	
166 	0.03 	0.0 	0.04 	0.0 	0.05 	0.0 	0.02 	0.0 	0.0 	0.04 	0.22 	0.0 	0.03 	0.18 	0.03 	0.05 	0.09 	0.1 	0.07 	0.04 	
167 	0.03 	0.07 	0.0 	0.03 	0.0 	0.0 	0.02 	0.05 	0.02 	0.04 	0.35 	0.06 	0.0 	0.06 	0.02 	0.06 	0.04 	0.02 	0.02 	0.11 	
168 	0.03 	0.0 	0.0 	0.02 	0.1 	0.0 	0.05 	0.0 	0.0 	0.32 	0.19 	0.05 	0.04 	0.0 	0.0 	0.03 	0.02 	0.01 	0.0 	0.11 	
169 	0.09 	0.0 	0.0 	0.0 	0.16 	0.0 	0.0 	0.01 	0.0 	0.09 	0.11 	0.03 	0.0 	0.05 	0.0 	0.11 	0.2 	0.0 	0.0 	0.12 	
170 	0.07 	0.0 	0.02 	0.01 	0.0 	0.03 	0.05 	0.03 	0.0 	0.0 	0.35 	0.0 	0.13 	0.03 	0.0 	0.05 	0.0 	0.08 	0.04 	0.09 	
171 	0.08 	0.03 	0.07 	0.02 	0.09 	0.0 	0.0 	0.15 	0.0 	0.03 	0.16 	0.03 	0.01 	0.17 	0.0 	0.04 	0.01 	0.04 	0.0 	0.06 	
172 	0.06 	0.0 	0.0 	0.0 	0.06 	0.0 	0.0 	0.0 	0.0 	0.35 	0.22 	0.02 	0.0 	0.01 	0.0 	0.0 	0.05 	0.02 	0.0 	0.18 	
173 	0.11 	0.01 	0.12 	0.06 	0.01 	0.01 	0.09 	0.01 	0.03 	0.02 	0.04 	0.01 	0.0 	0.04 	0.01 	0.15 	0.08 	0.06 	0.02 	0.12 	
174 	0.05 	0.01 	0.04 	0.06 	0.01 	0.01 	0.01 	0.05 	0.01 	0.07 	0.04 	0.02 	0.0 	0.08 	0.08 	0.01 	0.04 	0.14 	0.09 	0.18 	
175 	0.06 	0.01 	0.01 	0.01 	0.0 	0.01 	0.01 	0.04 	0.0 	0.07 	0.2 	0.05 	0.0 	0.01 	0.06 	0.27 	0.1 	0.0 	0.01 	0.09 	
176 	0.01 	0.0 	0.0 	0.02 	0.03 	0.0 	0.01 	0.07 	0.0 	0.27 	0.09 	0.01 	0.04 	0.05 	0.0 	0.02 	0.02 	0.02 	0.03 	0.3 	
177 	0.01 	0.01 	0.0 	0.0 	0.05 	0.04 	0.03 	0.0 	0.0 	0.13 	0.33 	0.02 	0.06 	0.0 	0.0 	0.05 	0.02 	0.02 	0.06 	0.15 	
178 	0.09 	0.01 	0.0 	0.02 	0.02 	0.0 	0.08 	0.03 	0.0 	0.17 	0.06 	0.01 	0.02 	0.09 	0.01 	0.08 	0.01 	0.03 	0.24 	0.04 	
179 	0.04 	0.13 	0.1 	0.02 	0.05 	0.0 	0.01 	0.01 	0.0 	0.01 	0.14 	0.13 	0.09 	0.21 	0.02 	0.03 	0.01 	0.0 	0.0 	0.03 	
180 	0.08 	0.03 	0.0 	0.02 	0.16 	0.0 	0.0 	0.37 	0.0 	0.0 	0.0 	0.04 	0.0 	0.0 	0.0 	0.19 	0.0 	0.0 	0.02 	0.06 	
181 	0.0 	0.0 	0.0 	0.0 	0.0 	0.0 	0.0 	0.0 	0.0 	0.44 	0.25 	0.0 	0.06 	0.02 	0.0 	0.0 	0.04 	0.0 	0.0 	0.17 	
182 	0.04 	0.0 	0.0 	0.01 	0.0 	0.05 	0.0 	0.02 	0.0 	0.14 	0.06 	0.03 	0.05 	0.0 	0.0 	0.23 	0.03 	0.29 	0.0 	0.03 	
183 	0.0 	0.16 	0.03 	0.05 	0.0 	0.03 	0.0 	0.06 	0.0 	0.0 	0.0 	0.53 	0.0 	0.0 	0.0 	0.08 	0.05 	0.0 	0.0 	0.0 	
184 	0.03 	0.0 	0.0 	0.04 	0.0 	0.0 	0.0 	0.9 	0.0 	0.0 	0.0 	0.0 	0.0 	0.0 	0.02 	0.02 	0.0 	0.0 	0.0 	0.0 	
185 	0.0 	0.0 	0.0 	0.0 	0.0 	0.0 	0.0 	0.0 	0.0 	0.44 	0.06 	0.09 	0.0 	0.0 	0.0 	0.0 	0.05 	0.0 	0.0 	0.33 	
186 	0.03 	0.07 	0.0 	0.0 	0.0 	0.07 	0.27 	0.05 	0.02 	0.0 	0.0 	0.36 	0.03 	0.0 	0.0 	0.02 	0.0 	0.0 	0.0 	0.08 	
187 	0.01 	0.11 	0.04 	0.0 	0.0 	0.0 	0.0 	0.0 	0.0 	0.05 	0.0 	0.1 	0.0 	0.0 	0.0 	0.35 	0.26 	0.01 	0.01 	0.06 	
188 	0.07 	0.0 	0.0 	0.0 	0.0 	0.0 	0.0 	0.03 	0.0 	0.0 	0.0 	0.0 	0.0 	0.08 	0.03 	0.42 	0.22 	0.0 	0.09 	0.05 	
189 	0.03 	0.0 	0.03 	0.0 	0.0 	0.0 	0.0 	0.68 	0.0 	0.0 	0.0 	0.0 	0.0 	0.04 	0.0 	0.07 	0.0 	0.0 	0.0 	0.15 	
190 	0.06 	0.0 	0.0 	0.0 	0.0 	0.02 	0.04 	0.0 	0.0 	0.0 	0.06 	0.74 	0.0 	0.0 	0.0 	0.02 	0.03 	0.0 	0.03 	0.0 	
191 	0.11 	0.0 	0.0 	0.0 	0.0 	0.0 	0.0 	0.0 	0.0 	0.09 	0.03 	0.0 	0.0 	0.03 	0.0 	0.03 	0.0 	0.0 	0.04 	0.67 	
192 	0.09 	0.06 	0.03 	0.0 	0.03 	0.0 	0.01 	0.01 	0.0 	0.02 	0.15 	0.01 	0.12 	0.0 	0.0 	0.04 	0.06 	0.0 	0.0 	0.36 	
193 	0.04 	0.01 	0.01 	0.01 	0.0 	0.01 	0.01 	0.04 	0.0 	0.03 	0.1 	0.01 	0.15 	0.16 	0.01 	0.04 	0.05 	0.04 	0.28 	0.01 	
194 	0.03 	0.01 	0.01 	0.01 	0.0 	0.01 	0.04 	0.01 	0.0 	0.06 	0.06 	0.04 	0.0 	0.22 	0.31 	0.09 	0.05 	0.0 	0.0 	0.05 	
195 	0.11 	0.01 	0.01 	0.01 	0.05 	0.01 	0.01 	0.01 	0.0 	0.04 	0.09 	0.01 	0.0 	0.06 	0.03 	0.1 	0.37 	0.0 	0.03 	0.03 	
196 	0.24 	0.01 	0.01 	0.01 	0.0 	0.0 	0.01 	0.01 	0.0 	0.04 	0.35 	0.01 	0.0 	0.05 	0.04 	0.04 	0.07 	0.0 	0.03 	0.09 	
197 	0.0 	0.0 	0.0 	0.0 	0.03 	0.0 	0.0 	0.04 	0.0 	0.05 	0.06 	0.0 	0.0 	0.3 	0.02 	0.03 	0.1 	0.05 	0.26 	0.05 	
198 	0.02 	0.0 	0.0 	0.0 	0.04 	0.0 	0.0 	0.0 	0.0 	0.12 	0.21 	0.0 	0.04 	0.2 	0.09 	0.0 	0.0 	0.0 	0.03 	0.26 	
199 	0.0 	0.0 	0.0 	0.0 	0.0 	0.0 	0.0 	0.0 	0.0 	0.01 	0.37 	0.0 	0.08 	0.09 	0.16 	0.0 	0.09 	0.0 	0.06 	0.13 	
200 	0.34 	0.0 	0.0 	0.0 	0.0 	0.0 	0.0 	0.09 	0.0 	0.07 	0.2 	0.0 	0.0 	0.1 	0.0 	0.0 	0.0 	0.0 	0.16 	0.05 	
201 	0.0 	0.0 	0.0 	0.0 	0.09 	0.0 	0.0 	0.0 	0.0 	0.23 	0.14 	0.0 	0.05 	0.1 	0.02 	0.0 	0.08 	0.0 	0.0 	0.27 	
202 	0.0 	0.0 	0.0 	0.0 	0.04 	0.0 	0.0 	0.04 	0.0 	0.18 	0.17 	0.0 	0.02 	0.28 	0.0 	0.0 	0.0 	0.05 	0.02 	0.18 	
203 	0.01 	0.0 	0.0 	0.0 	0.0 	0.0 	0.0 	0.03 	0.0 	0.04 	0.68 	0.0 	0.04 	0.05 	0.07 	0.0 	0.0 	0.0 	0.0 	0.06 	
204 	0.0 	0.0 	0.0 	0.0 	0.0 	0.0 	0.0 	0.0 	0.0 	0.1 	0.27 	0.0 	0.06 	0.04 	0.0 	0.0 	0.05 	0.0 	0.06 	0.38 	
205 	0.02 	0.0 	0.0 	0.0 	0.0 	0.0 	0.0 	0.0 	0.02 	0.47 	0.29 	0.0 	0.0 	0.0 	0.0 	0.0 	0.0 	0.0 	0.0 	0.18 	
206 	0.0 	0.46 	0.03 	0.0 	0.0 	0.0 	0.0 	0.02 	0.0 	0.04 	0.17 	0.0 	0.0 	0.07 	0.0 	0.04 	0.04 	0.0 	0.09 	0.05 	
207 	0.11 	0.0 	0.04 	0.0 	0.0 	0.0 	0.0 	0.2 	0.0 	0.1 	0.22 	0.0 	0.0 	0.04 	0.0 	0.09 	0.05 	0.0 	0.0 	0.14 	
208 	0.0 	0.09 	0.0 	0.0 	0.05 	0.0 	0.0 	0.0 	0.02 	0.12 	0.31 	0.0 	0.0 	0.13 	0.0 	0.0 	0.02 	0.0 	0.0 	0.26 	
209 	0.02 	0.16 	0.0 	0.0 	0.0 	0.0 	0.0 	0.11 	0.0 	0.02 	0.27 	0.0 	0.0 	0.02 	0.0 	0.0 	0.36 	0.0 	0.0 	0.04 	
210 	0.0 	0.0 	0.0 	0.0 	0.0 	0.0 	0.0 	0.16 	0.0 	0.04 	0.66 	0.0 	0.0 	0.0 	0.0 	0.0 	0.0 	0.03 	0.0 	0.1 	
211 	0.03 	0.11 	0.0 	0.05 	0.0 	0.0 	0.19 	0.01 	0.01 	0.0 	0.15 	0.03 	0.0 	0.0 	0.18 	0.01 	0.14 	0.0 	0.0 	0.07 	
212 	0.03 	0.02 	0.01 	0.02 	0.01 	0.01 	0.02 	0.36 	0.01 	0.02 	0.17 	0.02 	0.01 	0.01 	0.02 	0.02 	0.19 	0.0 	0.01 	0.04 	
213 	0.08 	0.09 	0.02 	0.03 	0.01 	0.02 	0.03 	0.04 	0.01 	0.03 	0.2 	0.03 	0.01 	0.02 	0.21 	0.04 	0.03 	0.01 	0.02 	0.1 	
214 	0.07 	0.02 	0.16 	0.06 	0.01 	0.02 	0.05 	0.19 	0.05 	0.02 	0.03 	0.08 	0.01 	0.01 	0.08 	0.04 	0.06 	0.01 	0.01 	0.02 	
215 	0.09 	0.02 	0.02 	0.03 	0.01 	0.02 	0.03 	0.38 	0.01 	0.02 	0.09 	0.03 	0.01 	0.02 	0.02 	0.07 	0.03 	0.01 	0.02 	0.07 	
216 	0.05 	0.02 	0.02 	0.02 	0.01 	0.02 	0.03 	0.27 	0.01 	0.02 	0.04 	0.02 	0.01 	0.04 	0.07 	0.12 	0.14 	0.01 	0.01 	0.08 	
217 	0.74 	0.0 	0.0 	0.0 	0.0 	0.0 	0.0 	0.06 	0.0 	0.02 	0.06 	0.02 	0.0 	0.05 	0.0 	0.0 	0.0 	0.02 	0.0 	0.0 	
218 	0.17 	0.04 	0.0 	0.0 	0.0 	0.07 	0.0 	0.06 	0.0 	0.04 	0.05 	0.08 	0.13 	0.03 	0.0 	0.07 	0.08 	0.03 	0.04 	0.1 	
219 	0.06 	0.03 	0.12 	0.3 	0.0 	0.06 	0.19 	0.0 	0.0 	0.0 	0.0 	0.08 	0.0 	0.06 	0.0 	0.0 	0.06 	0.0 	0.0 	0.0 	
220 	0.03 	0.0 	0.0 	0.0 	0.0 	0.0 	0.0 	0.93 	0.0 	0.0 	0.0 	0.0 	0.0 	0.0 	0.0 	0.0 	0.0 	0.0 	0.0 	0.04 	
221 	0.0 	0.0 	0.0 	0.0 	0.0 	0.0 	0.0 	0.0 	0.0 	0.64 	0.19 	0.0 	0.0 	0.04 	0.0 	0.05 	0.0 	0.0 	0.0 	0.08 	
222 	0.01 	0.1 	0.04 	0.02 	0.0 	0.11 	0.05 	0.05 	0.0 	0.12 	0.09 	0.12 	0.05 	0.0 	0.0 	0.03 	0.06 	0.03 	0.06 	0.07 	
223 	0.09 	0.0 	0.0 	0.0 	0.0 	0.06 	0.0 	0.0 	0.07 	0.0 	0.0 	0.0 	0.0 	0.42 	0.0 	0.0 	0.0 	0.04 	0.32 	0.0 	
224 	0.0 	0.0 	0.0 	0.0 	0.0 	0.0 	0.0 	0.0 	0.0 	0.0 	0.25 	0.0 	0.11 	0.19 	0.0 	0.0 	0.0 	0.0 	0.45 	0.0 	
225 	0.03 	0.0 	0.0 	0.0 	0.0 	0.0 	0.0 	0.05 	0.0 	0.04 	0.55 	0.0 	0.0 	0.22 	0.0 	0.0 	0.0 	0.01 	0.0 	0.06 	
226 	0.0 	0.03 	0.0 	0.0 	0.0 	0.06 	0.04 	0.0 	0.02 	0.0 	0.0 	0.15 	0.04 	0.0 	0.0 	0.05 	0.44 	0.0 	0.06 	0.1 	
227 	0.06 	0.0 	0.0 	0.0 	0.0 	0.0 	0.0 	0.0 	0.0 	0.02 	0.0 	0.0 	0.0 	0.0 	0.84 	0.03 	0.0 	0.0 	0.0 	0.05 	
228 	0.0 	0.0 	0.27 	0.3 	0.0 	0.12 	0.02 	0.0 	0.04 	0.0 	0.0 	0.25 	0.0 	0.0 	0.0 	0.0 	0.0 	0.0 	0.0 	0.0 	
229 	0.01 	0.0 	0.0 	0.0 	0.0 	0.0 	0.0 	0.0 	0.0 	0.13 	0.16 	0.0 	0.05 	0.28 	0.0 	0.0 	0.0 	0.28 	0.05 	0.03 	
230 	0.0 	0.01 	0.0 	0.07 	0.0 	0.04 	0.19 	0.11 	0.07 	0.0 	0.03 	0.03 	0.0 	0.01 	0.0 	0.23 	0.18 	0.0 	0.04 	0.0 	
231 	0.07 	0.18 	0.0 	0.1 	0.0 	0.04 	0.12 	0.0 	0.02 	0.09 	0.0 	0.34 	0.04 	0.0 	0.0 	0.0 	0.01 	0.0 	0.0 	0.0 	
232 	0.0 	0.0 	0.0 	0.0 	0.0 	0.0 	0.0 	0.0 	0.0 	0.13 	0.73 	0.0 	0.07 	0.0 	0.0 	0.0 	0.0 	0.0 	0.0 	0.06 	
233 	0.08 	0.03 	0.01 	0.01 	0.05 	0.05 	0.03 	0.03 	0.0 	0.01 	0.25 	0.13 	0.06 	0.03 	0.01 	0.06 	0.02 	0.02 	0.13 	0.01 	
234 	0.0 	0.02 	0.3 	0.26 	0.0 	0.01 	0.26 	0.0 	0.01 	0.0 	0.0 	0.02 	0.0 	0.0 	0.0 	0.03 	0.08 	0.0 	0.0 	0.0 	
235 	0.23 	0.0 	0.0 	0.0 	0.0 	0.05 	0.0 	0.0 	0.0 	0.0 	0.04 	0.0 	0.06 	0.0 	0.49 	0.05 	0.05 	0.0 	0.03 	0.0 	
236 	0.01 	0.04 	0.08 	0.07 	0.0 	0.19 	0.09 	0.05 	0.04 	0.02 	0.0 	0.13 	0.01 	0.0 	0.0 	0.15 	0.11 	0.0 	0.0 	0.01 	
237 	0.04 	0.0 	0.0 	0.0 	0.0 	0.0 	0.0 	0.0 	0.0 	0.0 	0.05 	0.0 	0.0 	0.0 	0.0 	0.04 	0.12 	0.0 	0.0 	0.76 	
238 	0.0 	0.0 	0.0 	0.0 	0.0 	0.0 	0.0 	0.0 	0.0 	0.07 	0.0 	0.0 	0.0 	0.05 	0.0 	0.0 	0.0 	0.88 	0.0 	0.0 	
239 	0.0 	0.07 	0.0 	0.0 	0.0 	0.02 	0.0 	0.08 	0.0 	0.29 	0.18 	0.14 	0.05 	0.0 	0.0 	0.06 	0.05 	0.0 	0.0 	0.06 	
240 	0.03 	0.0 	0.07 	0.47 	0.0 	0.0 	0.22 	0.0 	0.0 	0.0 	0.06 	0.0 	0.0 	0.08 	0.0 	0.03 	0.0 	0.0 	0.03 	0.0 	
241 	0.95 	0.0 	0.0 	0.0 	0.0 	0.0 	0.0 	0.0 	0.0 	0.0 	0.0 	0.0 	0.0 	0.0 	0.0 	0.0 	0.0 	0.0 	0.0 	0.05 	
242 	0.48 	0.0 	0.0 	0.0 	0.0 	0.0 	0.0 	0.23 	0.0 	0.0 	0.13 	0.0 	0.03 	0.03 	0.0 	0.0 	0.0 	0.0 	0.02 	0.08 	
243 	0.09 	0.0 	0.0 	0.0 	0.0 	0.0 	0.0 	0.21 	0.0 	0.03 	0.02 	0.05 	0.0 	0.0 	0.0 	0.09 	0.41 	0.0 	0.0 	0.11 	
244 	0.0 	0.0 	0.0 	0.0 	0.0 	1.0 	0.0 	0.0 	0.0 	0.0 	0.0 	0.0 	0.0 	0.0 	0.0 	0.0 	0.0 	0.0 	0.0 	0.0 	
245 	0.08 	0.0 	0.01 	0.0 	0.07 	0.0 	0.0 	0.0 	0.0 	0.48 	0.05 	0.0 	0.0 	0.0 	0.0 	0.03 	0.0 	0.0 	0.0 	0.28 	
246 	0.0 	0.0 	0.0 	0.0 	0.1 	0.0 	0.0 	0.0 	0.0 	0.0 	0.06 	0.0 	0.0 	0.84 	0.0 	0.0 	0.0 	0.0 	0.0 	0.0 	
247 	0.0 	0.0 	0.02 	0.0 	0.0 	0.0 	0.0 	0.0 	0.0 	0.0 	0.0 	0.0 	0.0 	0.77 	0.0 	0.05 	0.0 	0.0 	0.16 	0.0 	
248 	0.1 	0.0 	0.05 	0.0 	0.0 	0.0 	0.0 	0.0 	0.0 	0.0 	0.04 	0.0 	0.0 	0.0 	0.0 	0.75 	0.06 	0.0 	0.0 	0.0 	
249 	0.0 	0.0 	0.0 	0.0 	0.0 	0.0 	0.0 	0.0 	0.0 	0.0 	0.69 	0.0 	0.0 	0.11 	0.0 	0.0 	0.05 	0.0 	0.11 	0.04 	
250 	0.22 	0.0 	0.0 	0.0 	0.0 	0.0 	0.0 	0.4 	0.0 	0.0 	0.0 	0.0 	0.0 	0.0 	0.0 	0.35 	0.04 	0.0 	0.0 	0.0 	
251 	0.05 	0.0 	0.0 	0.0 	0.08 	0.0 	0.0 	0.0 	0.0 	0.23 	0.31 	0.0 	0.0 	0.0 	0.07 	0.0 	0.0 	0.0 	0.0 	0.26 	
252 	0.17 	0.0 	0.0 	0.0 	0.15 	0.0 	0.0 	0.65 	0.0 	0.0 	0.0 	0.0 	0.0 	0.0 	0.0 	0.01 	0.02 	0.0 	0.0 	0.0 	
253 	0.0 	0.0 	0.0 	0.0 	0.04 	0.04 	0.0 	0.0 	0.04 	0.0 	0.18 	0.0 	0.0 	0.45 	0.0 	0.09 	0.0 	0.09 	0.0 	0.08 	
254 	0.0 	0.0 	0.0 	0.0 	0.0 	0.0 	0.0 	0.92 	0.0 	0.0 	0.0 	0.0 	0.0 	0.0 	0.0 	0.08 	0.0 	0.0 	0.0 	0.0 	
255 	0.09 	0.0 	0.0 	0.0 	0.07 	0.0 	0.0 	0.36 	0.0 	0.04 	0.0 	0.0 	0.0 	0.0 	0.08 	0.11 	0.02 	0.0 	0.0 	0.23 	
256 	0.0 	0.0 	0.0 	0.0 	0.0 	0.0 	0.0 	0.0 	0.04 	0.1 	0.59 	0.0 	0.16 	0.0 	0.0 	0.0 	0.0 	0.0 	0.0 	0.12 	
257 	0.05 	0.0 	0.0 	0.0 	0.0 	0.0 	0.0 	0.0 	0.0 	0.54 	0.09 	0.0 	0.02 	0.04 	0.0 	0.0 	0.14 	0.0 	0.0 	0.13 	
258 	0.44 	0.0 	0.0 	0.0 	0.0 	0.0 	0.0 	0.0 	0.0 	0.0 	0.0 	0.0 	0.08 	0.0 	0.0 	0.19 	0.29 	0.0 	0.0 	0.0 	
259 	0.0 	0.0 	0.0 	0.0 	0.0 	0.0 	0.0 	0.0 	0.0 	0.04 	0.34 	0.0 	0.04 	0.41 	0.0 	0.0 	0.0 	0.0 	0.17 	0.0 	
260 	0.45 	0.0 	0.0 	0.0 	0.0 	0.0 	0.0 	0.17 	0.0 	0.0 	0.0 	0.0 	0.0 	0.0 	0.0 	0.38 	0.0 	0.0 	0.0 	0.0 	
261 	0.04 	0.0 	0.0 	0.0 	0.0 	0.0 	0.0 	0.0 	0.0 	0.0 	0.0 	0.0 	0.0 	0.0 	0.0 	0.96 	0.0 	0.0 	0.0 	0.0 	
262 	0.0 	0.0 	0.0 	0.0 	0.0 	0.0 	0.0 	0.0 	0.02 	0.0 	0.0 	0.0 	0.0 	0.0 	0.0 	0.0 	0.0 	0.0 	0.98 	0.0 	
263 	0.0 	0.0 	0.66 	0.0 	0.04 	0.0 	0.0 	0.0 	0.0 	0.0 	0.16 	0.0 	0.05 	0.0 	0.0 	0.07 	0.0 	0.0 	0.0 	0.02 	
264 	0.0 	0.16 	0.05 	0.02 	0.0 	0.02 	0.12 	0.0 	0.0 	0.0 	0.0 	0.41 	0.0 	0.0 	0.16 	0.03 	0.03 	0.0 	0.0 	0.0 	
265 	0.0 	0.06 	0.0 	0.0 	0.0 	0.08 	0.0 	0.0 	0.0 	0.0 	0.01 	0.23 	0.0 	0.4 	0.07 	0.0 	0.0 	0.0 	0.14 	0.01 	
266 	0.0 	0.07 	0.12 	0.22 	0.0 	0.04 	0.06 	0.0 	0.27 	0.0 	0.0 	0.07 	0.0 	0.0 	0.0 	0.09 	0.07 	0.0 	0.0 	0.0 	
267 	0.0 	0.0 	0.61 	0.0 	0.0 	0.09 	0.08 	0.0 	0.1 	0.0 	0.0 	0.0 	0.0 	0.0 	0.0 	0.08 	0.0 	0.0 	0.04 	0.0 	
268 	0.0 	0.0 	0.78 	0.1 	0.0 	0.0 	0.0 	0.06 	0.0 	0.0 	0.0 	0.0 	0.0 	0.0 	0.01 	0.01 	0.0 	0.0 	0.0 	0.04 	
269 	0.0 	0.0 	0.0 	0.0 	0.49 	0.0 	0.0 	0.0 	0.0 	0.3 	0.13 	0.0 	0.0 	0.0 	0.0 	0.04 	0.0 	0.0 	0.0 	0.04 	
270 	0.0 	0.0 	0.0 	0.0 	0.0 	0.05 	0.04 	0.0 	0.07 	0.04 	0.07 	0.0 	0.0 	0.07 	0.04 	0.0 	0.04 	0.0 	0.5 	0.1 	
271 	0.0 	0.41 	0.0 	0.0 	0.0 	0.08 	0.0 	0.02 	0.04 	0.06 	0.02 	0.18 	0.01 	0.07 	0.0 	0.07 	0.0 	0.0 	0.0 	0.02 	
272 	0.0 	0.0 	0.06 	0.72 	0.0 	0.0 	0.0 	0.0 	0.04 	0.0 	0.0 	0.0 	0.0 	0.0 	0.0 	0.12 	0.04 	0.0 	0.0 	0.0 	
273 	0.57 	0.0 	0.0 	0.0 	0.07 	0.0 	0.0 	0.14 	0.0 	0.04 	0.0 	0.0 	0.0 	0.0 	0.0 	0.1 	0.05 	0.0 	0.0 	0.0 	
274 	0.04 	0.0 	0.0 	0.0 	0.0 	0.0 	0.0 	0.0 	0.0 	0.2 	0.21 	0.0 	0.12 	0.16 	0.0 	0.0 	0.0 	0.04 	0.0 	0.2 	
275 	0.08 	0.0 	0.0 	0.0 	0.0 	0.0 	0.0 	0.0 	0.0 	0.37 	0.16 	0.07 	0.02 	0.02 	0.0 	0.08 	0.11 	0.0 	0.0 	0.08 	
276 	0.09 	0.0 	0.0 	0.0 	0.0 	0.0 	0.0 	0.0 	0.0 	0.12 	0.14 	0.0 	0.02 	0.0 	0.0 	0.04 	0.16 	0.0 	0.0 	0.42 	
277 	0.08 	0.0 	0.07 	0.0 	0.12 	0.0 	0.0 	0.09 	0.0 	0.04 	0.04 	0.0 	0.0 	0.0 	0.0 	0.28 	0.18 	0.0 	0.0 	0.08 	
278 	0.04 	0.0 	0.0 	0.0 	0.09 	0.0 	0.0 	0.0 	0.0 	0.18 	0.16 	0.0 	0.0 	0.16 	0.0 	0.04 	0.12 	0.0 	0.04 	0.16 	
279 	0.02 	0.0 	0.0 	0.0 	0.0 	0.0 	0.0 	0.04 	0.0 	0.25 	0.23 	0.0 	0.11 	0.0 	0.0 	0.0 	0.11 	0.0 	0.0 	0.22 	
280 	0.04 	0.03 	0.77 	0.12 	0.0 	0.0 	0.0 	0.0 	0.0 	0.0 	0.0 	0.0 	0.0 	0.0 	0.0 	0.0 	0.0 	0.0 	0.0 	0.0 	
281 	0.01 	0.02 	0.0 	0.04 	0.17 	0.0 	0.1 	0.04 	0.0 	0.09 	0.01 	0.0 	0.07 	0.0 	0.0 	0.32 	0.12 	0.0 	0.0 	0.01 	
282 	0.14 	0.0 	0.0 	0.04 	0.03 	0.0 	0.0 	0.1 	0.0 	0.1 	0.15 	0.11 	0.08 	0.02 	0.0 	0.06 	0.09 	0.0 	0.0 	0.07 	
283 	0.08 	0.0 	0.0 	0.0 	0.0 	0.0 	0.0 	0.0 	0.0 	0.06 	0.0 	0.0 	0.04 	0.07 	0.0 	0.05 	0.55 	0.0 	0.0 	0.14 	
284 	0.09 	0.0 	0.0 	0.0 	0.0 	0.0 	0.12 	0.0 	0.0 	0.07 	0.04 	0.0 	0.0 	0.0 	0.0 	0.57 	0.04 	0.0 	0.05 	0.0 	
285 	0.0 	0.0 	0.0 	0.0 	0.0 	0.0 	0.0 	0.0 	0.0 	0.09 	0.15 	0.04 	0.05 	0.27 	0.0 	0.05 	0.06 	0.0 	0.0 	0.26 	
286 	0.01 	0.0 	0.0 	0.0 	0.0 	0.0 	0.01 	0.01 	0.0 	0.19 	0.18 	0.0 	0.05 	0.09 	0.0 	0.12 	0.06 	0.0 	0.04 	0.22 	
287 	0.35 	0.0 	0.0 	0.0 	0.0 	0.0 	0.0 	0.08 	0.0 	0.08 	0.26 	0.0 	0.01 	0.0 	0.0 	0.13 	0.03 	0.0 	0.0 	0.04 	
288 	0.04 	0.0 	0.0 	0.0 	0.0 	0.0 	0.0 	0.73 	0.0 	0.0 	0.04 	0.05 	0.0 	0.03 	0.0 	0.0 	0.02 	0.0 	0.03 	0.04 	
289 	0.05 	0.01 	0.04 	0.01 	0.0 	0.01 	0.02 	0.32 	0.01 	0.05 	0.06 	0.01 	0.01 	0.26 	0.01 	0.06 	0.01 	0.0 	0.03 	0.02 	
290 	0.25 	0.03 	0.12 	0.01 	0.04 	0.01 	0.02 	0.07 	0.01 	0.04 	0.05 	0.01 	0.01 	0.05 	0.01 	0.08 	0.05 	0.0 	0.01 	0.14 	
291 	0.0 	0.0 	0.02 	0.01 	0.0 	0.0 	0.0 	0.0 	0.0 	0.51 	0.05 	0.0 	0.04 	0.18 	0.0 	0.0 	0.0 	0.0 	0.03 	0.14 	
292 	0.15 	0.0 	0.0 	0.0 	0.0 	0.0 	0.0 	0.07 	0.0 	0.04 	0.06 	0.0 	0.0 	0.04 	0.0 	0.35 	0.16 	0.0 	0.0 	0.11 	
293 	0.04 	0.0 	0.0 	0.0 	0.0 	0.05 	0.0 	0.0 	0.0 	0.47 	0.02 	0.0 	0.0 	0.12 	0.0 	0.02 	0.06 	0.0 	0.0 	0.22 	
294 	0.0 	0.0 	0.0 	0.0 	0.0 	0.0 	0.06 	0.0 	0.0 	0.03 	0.28 	0.04 	0.0 	0.34 	0.18 	0.0 	0.04 	0.0 	0.02 	0.0 	
295 	0.23 	0.01 	0.06 	0.0 	0.0 	0.0 	0.0 	0.3 	0.04 	0.0 	0.04 	0.0 	0.0 	0.0 	0.08 	0.25 	0.0 	0.0 	0.0 	0.0 	
296 	0.12 	0.0 	0.06 	0.0 	0.0 	0.0 	0.0 	0.07 	0.11 	0.15 	0.04 	0.0 	0.0 	0.19 	0.0 	0.02 	0.06 	0.0 	0.1 	0.08 	
297 	0.0 	0.0 	0.0 	0.0 	0.0 	0.0 	0.02 	0.0 	0.0 	0.11 	0.28 	0.0 	0.24 	0.15 	0.0 	0.0 	0.0 	0.0 	0.04 	0.15 	
298 	0.33 	0.0 	0.13 	0.02 	0.0 	0.0 	0.02 	0.3 	0.0 	0.0 	0.04 	0.0 	0.0 	0.04 	0.0 	0.08 	0.04 	0.0 	0.0 	0.0 	
299 	0.04 	0.0 	0.09 	0.0 	0.02 	0.03 	0.03 	0.0 	0.12 	0.03 	0.06 	0.0 	0.05 	0.34 	0.0 	0.04 	0.01 	0.0 	0.12 	0.02 	
300 	0.0 	0.0 	0.0 	0.0 	0.0 	0.07 	0.14 	0.04 	0.04 	0.05 	0.09 	0.06 	0.2 	0.13 	0.0 	0.03 	0.05 	0.0 	0.07 	0.02 	
301 	0.26 	0.08 	0.07 	0.03 	0.04 	0.1 	0.0 	0.08 	0.03 	0.0 	0.06 	0.03 	0.0 	0.04 	0.0 	0.17 	0.0 	0.0 	0.0 	0.0 	
302 	0.01 	0.04 	0.05 	0.0 	0.04 	0.17 	0.0 	0.13 	0.01 	0.07 	0.06 	0.05 	0.0 	0.0 	0.0 	0.01 	0.08 	0.02 	0.08 	0.17 	
303 	0.04 	0.0 	0.0 	0.02 	0.09 	0.0 	0.23 	0.04 	0.0 	0.06 	0.1 	0.13 	0.0 	0.0 	0.04 	0.0 	0.07 	0.0 	0.0 	0.15 	
304 	0.01 	0.02 	0.37 	0.13 	0.0 	0.19 	0.04 	0.04 	0.05 	0.0 	0.01 	0.0 	0.03 	0.04 	0.02 	0.03 	0.02 	0.0 	0.0 	0.01 	
305 	0.16 	0.0 	0.02 	0.04 	0.0 	0.0 	0.05 	0.14 	0.0 	0.21 	0.02 	0.11 	0.0 	0.0 	0.0 	0.02 	0.03 	0.0 	0.03 	0.13 	
306 	0.04 	0.11 	0.01 	0.01 	0.02 	0.03 	0.08 	0.01 	0.0 	0.09 	0.02 	0.02 	0.03 	0.0 	0.01 	0.16 	0.06 	0.0 	0.0 	0.29 	
307 	0.06 	0.03 	0.06 	0.19 	0.0 	0.06 	0.1 	0.05 	0.02 	0.05 	0.01 	0.12 	0.02 	0.0 	0.12 	0.1 	0.0 	0.0 	0.0 	0.01 	
308 	0.01 	0.0 	0.0 	0.04 	0.02 	0.0 	0.07 	0.01 	0.0 	0.24 	0.11 	0.0 	0.0 	0.0 	0.07 	0.01 	0.04 	0.0 	0.0 	0.36 	
309 	0.33 	0.02 	0.0 	0.07 	0.0 	0.04 	0.09 	0.02 	0.0 	0.02 	0.05 	0.03 	0.0 	0.0 	0.04 	0.09 	0.0 	0.0 	0.0 	0.18 	
310 	0.07 	0.11 	0.0 	0.16 	0.0 	0.05 	0.16 	0.03 	0.0 	0.02 	0.05 	0.23 	0.0 	0.0 	0.04 	0.0 	0.03 	0.0 	0.0 	0.04 	
311 	0.07 	0.04 	0.04 	0.06 	0.0 	0.07 	0.1 	0.0 	0.04 	0.0 	0.0 	0.06 	0.0 	0.06 	0.02 	0.15 	0.05 	0.0 	0.07 	0.16 	
312 	0.29 	0.0 	0.05 	0.07 	0.0 	0.02 	0.0 	0.42 	0.0 	0.0 	0.0 	0.0 	0.0 	0.0 	0.05 	0.06 	0.0 	0.0 	0.0 	0.02 	
313 	0.11 	0.0 	0.0 	0.0 	0.0 	0.1 	0.1 	0.23 	0.0 	0.0 	0.01 	0.02 	0.0 	0.0 	0.23 	0.07 	0.1 	0.0 	0.0 	0.02 	
314 	0.02 	0.02 	0.01 	0.05 	0.01 	0.01 	0.05 	0.02 	0.01 	0.04 	0.24 	0.02 	0.01 	0.15 	0.13 	0.12 	0.03 	0.0 	0.01 	0.06 	
315 	0.0 	0.0 	0.03 	0.07 	0.0 	0.0 	0.0 	0.53 	0.07 	0.0 	0.04 	0.02 	0.0 	0.0 	0.02 	0.09 	0.08 	0.0 	0.0 	0.05 	
316 	0.0 	0.0 	0.0 	0.0 	0.0 	0.0 	0.0 	0.0 	0.0 	0.05 	0.82 	0.0 	0.02 	0.07 	0.04 	0.0 	0.0 	0.0 	0.0 	0.0 	
317 	0.46 	0.0 	0.03 	0.03 	0.0 	0.07 	0.0 	0.13 	0.0 	0.02 	0.08 	0.02 	0.0 	0.0 	0.0 	0.0 	0.0 	0.0 	0.0 	0.13 	
318 	0.02 	0.0 	0.0 	0.0 	0.0 	0.0 	0.0 	0.0 	0.0 	0.0 	0.0 	0.0 	0.0 	0.85 	0.03 	0.02 	0.09 	0.0 	0.0 	0.0 	
319 	0.0 	0.0 	0.04 	0.0 	0.15 	0.04 	0.0 	0.0 	0.0 	0.39 	0.08 	0.0 	0.0 	0.02 	0.0 	0.0 	0.04 	0.0 	0.0 	0.24 	
320 	0.28 	0.0 	0.0 	0.07 	0.0 	0.02 	0.0 	0.0 	0.02 	0.03 	0.05 	0.02 	0.0 	0.04 	0.0 	0.12 	0.12 	0.0 	0.0 	0.24 	
321 	0.0 	0.0 	0.0 	0.0 	0.0 	0.0 	0.0 	0.0 	0.0 	0.1 	0.23 	0.0 	0.0 	0.12 	0.0 	0.0 	0.0 	0.0 	0.51 	0.04 	
322 	0.07 	0.0 	0.07 	0.0 	0.0 	0.0 	0.09 	0.0 	0.0 	0.0 	0.0 	0.0 	0.0 	0.0 	0.72 	0.0 	0.05 	0.0 	0.0 	0.0 	
323 	0.1 	0.02 	0.03 	0.15 	0.0 	0.05 	0.38 	0.0 	0.0 	0.04 	0.0 	0.12 	0.0 	0.0 	0.0 	0.04 	0.07 	0.0 	0.0 	0.0 	
324 	0.63 	0.0 	0.0 	0.0 	0.0 	0.0 	0.06 	0.0 	0.0 	0.05 	0.0 	0.03 	0.0 	0.08 	0.0 	0.0 	0.0 	0.0 	0.0 	0.15 	
325 	0.02 	0.0 	0.0 	0.0 	0.0 	0.0 	0.0 	0.0 	0.0 	0.2 	0.33 	0.0 	0.13 	0.15 	0.0 	0.0 	0.0 	0.0 	0.03 	0.13 	
326 	0.18 	0.0 	0.1 	0.05 	0.0 	0.0 	0.04 	0.0 	0.0 	0.0 	0.0 	0.0 	0.0 	0.0 	0.0 	0.32 	0.28 	0.0 	0.0 	0.02 	
327 	0.0 	0.08 	0.06 	0.0 	0.0 	0.14 	0.1 	0.04 	0.08 	0.0 	0.07 	0.21 	0.13 	0.0 	0.0 	0.0 	0.09 	0.0 	0.0 	0.0 	
328 	0.11 	0.0 	0.01 	0.0 	0.0 	0.07 	0.0 	0.04 	0.0 	0.0 	0.33 	0.01 	0.28 	0.04 	0.0 	0.05 	0.02 	0.0 	0.0 	0.04 	
329 	0.13 	0.0 	0.0 	0.0 	0.0 	0.0 	0.0 	0.0 	0.0 	0.0 	0.0 	0.0 	0.0 	0.0 	0.6 	0.08 	0.0 	0.04 	0.0 	0.15 	
330 	0.17 	0.0 	0.0 	0.0 	0.0 	0.09 	0.06 	0.07 	0.0 	0.05 	0.17 	0.0 	0.02 	0.15 	0.0 	0.02 	0.0 	0.0 	0.04 	0.13 	
331 	0.08 	0.0 	0.0 	0.0 	0.0 	0.0 	0.0 	0.37 	0.0 	0.0 	0.0 	0.02 	0.0 	0.0 	0.12 	0.36 	0.0 	0.0 	0.0 	0.0 	
332 	0.0 	0.03 	0.0 	0.0 	0.0 	0.18 	0.03 	0.0 	0.0 	0.04 	0.0 	0.04 	0.0 	0.0 	0.29 	0.03 	0.32 	0.0 	0.0 	0.02 	
333 	0.02 	0.0 	0.0 	0.0 	0.0 	0.0 	0.0 	0.18 	0.0 	0.04 	0.3 	0.0 	0.0 	0.35 	0.0 	0.0 	0.0 	0.0 	0.0 	0.08 	
334 	0.0 	0.0 	0.0 	0.0 	0.0 	0.0 	0.0 	0.0 	0.0 	0.04 	0.22 	0.0 	0.0 	0.25 	0.0 	0.0 	0.0 	0.39 	0.04 	0.05 	
335 	0.49 	0.0 	0.0 	0.0 	0.0 	0.0 	0.0 	0.11 	0.0 	0.0 	0.04 	0.0 	0.0 	0.0 	0.05 	0.31 	0.0 	0.0 	0.0 	0.0 	
336 	0.03 	0.0 	0.0 	0.0 	0.06 	0.0 	0.0 	0.04 	0.0 	0.22 	0.08 	0.0 	0.02 	0.27 	0.0 	0.0 	0.02 	0.05 	0.0 	0.2 	
337 	0.04 	0.0 	0.0 	0.0 	0.02 	0.0 	0.0 	0.0 	0.0 	0.12 	0.62 	0.0 	0.12 	0.0 	0.0 	0.0 	0.0 	0.0 	0.0 	0.07 	
338 	0.0 	0.0 	0.0 	0.0 	0.0 	0.0 	0.0 	0.0 	0.0 	0.0 	0.0 	0.0 	0.0 	0.85 	0.0 	0.0 	0.0 	0.07 	0.03 	0.04 	
339 	0.04 	0.0 	0.0 	0.0 	0.05 	0.0 	0.0 	0.0 	0.0 	0.0 	0.04 	0.0 	0.0 	0.87 	0.0 	0.0 	0.0 	0.0 	0.0 	0.0 	
340 	0.0 	0.0 	0.0 	0.0 	0.0 	0.0 	0.0 	0.09 	0.0 	0.18 	0.36 	0.0 	0.03 	0.31 	0.0 	0.01 	0.0 	0.0 	0.0 	0.02 	
341 	0.02 	0.0 	0.0 	0.0 	0.0 	0.0 	0.0 	0.0 	0.0 	0.0 	0.15 	0.0 	0.8 	0.0 	0.0 	0.02 	0.0 	0.0 	0.0 	0.0 	
342 	0.0 	0.0 	0.0 	0.0 	0.0 	0.0 	0.0 	0.0 	0.0 	0.07 	0.83 	0.0 	0.0 	0.04 	0.0 	0.0 	0.0 	0.0 	0.0 	0.03 	
343 	0.0 	0.0 	0.0 	0.0 	0.0 	0.0 	0.0 	0.0 	0.0 	0.2 	0.38 	0.0 	0.02 	0.24 	0.0 	0.0 	0.05 	0.0 	0.0 	0.08 	
344 	0.02 	0.0 	0.1 	0.0 	0.09 	0.0 	0.0 	0.0 	0.0 	0.06 	0.18 	0.0 	0.05 	0.21 	0.0 	0.0 	0.21 	0.0 	0.0 	0.09 	
345 	0.2 	0.0 	0.0 	0.0 	0.0 	0.0 	0.0 	0.0 	0.0 	0.0 	0.76 	0.0 	0.0 	0.0 	0.0 	0.0 	0.0 	0.0 	0.0 	0.04 	
346 	0.15 	0.0 	0.0 	0.0 	0.0 	0.0 	0.0 	0.81 	0.0 	0.0 	0.0 	0.0 	0.0 	0.0 	0.0 	0.0 	0.0 	0.0 	0.0 	0.04 	
347 	0.05 	0.0 	0.0 	0.0 	0.0 	0.0 	0.0 	0.0 	0.04 	0.19 	0.72 	0.0 	0.0 	0.0 	0.0 	0.0 	0.0 	0.0 	0.0 	0.0 	
348 	0.04 	0.0 	0.02 	0.34 	0.0 	0.0 	0.0 	0.27 	0.0 	0.0 	0.0 	0.0 	0.0 	0.0 	0.0 	0.15 	0.17 	0.0 	0.0 	0.0 	
349 	0.0 	0.0 	0.0 	0.0 	0.0 	0.0 	0.0 	0.0 	0.0 	0.0 	0.0 	0.0 	0.0 	0.0 	0.0 	0.81 	0.19 	0.0 	0.0 	0.0 	
350 	0.14 	0.0 	0.0 	0.0 	0.0 	0.3 	0.05 	0.0 	0.0 	0.09 	0.0 	0.0 	0.25 	0.02 	0.0 	0.11 	0.05 	0.0 	0.0 	0.0 	
351 	0.0 	0.0 	0.0 	0.0 	0.0 	0.0 	0.0 	0.0 	0.0 	0.18 	0.03 	0.0 	0.09 	0.57 	0.0 	0.0 	0.0 	0.0 	0.0 	0.13 	
352 	0.29 	0.0 	0.0 	0.0 	0.07 	0.0 	0.0 	0.31 	0.0 	0.0 	0.0 	0.0 	0.0 	0.04 	0.0 	0.13 	0.04 	0.0 	0.0 	0.12 	
353 	0.0 	0.0 	0.12 	0.0 	0.08 	0.0 	0.03 	0.14 	0.0 	0.11 	0.17 	0.0 	0.11 	0.02 	0.0 	0.02 	0.14 	0.0 	0.0 	0.07 	
354 	0.0 	0.0 	0.0 	0.0 	0.0 	0.09 	0.0 	0.0 	0.0 	0.13 	0.15 	0.0 	0.24 	0.0 	0.0 	0.03 	0.03 	0.0 	0.04 	0.28 	
355 	0.08 	0.0 	0.0 	0.05 	0.0 	0.02 	0.77 	0.0 	0.0 	0.0 	0.0 	0.0 	0.0 	0.0 	0.0 	0.09 	0.0 	0.0 	0.0 	0.0 	
356 	0.12 	0.0 	0.0 	0.0 	0.04 	0.0 	0.0 	0.29 	0.0 	0.09 	0.0 	0.0 	0.0 	0.0 	0.02 	0.07 	0.24 	0.0 	0.0 	0.13 	
357 	0.0 	0.0 	0.0 	0.0 	0.0 	0.03 	0.0 	0.0 	0.0 	0.48 	0.18 	0.0 	0.03 	0.07 	0.0 	0.02 	0.0 	0.0 	0.0 	0.19 	
358 	0.0 	0.0 	0.0 	0.0 	0.05 	0.0 	0.0 	0.0 	0.0 	0.32 	0.03 	0.0 	0.0 	0.02 	0.0 	0.0 	0.07 	0.0 	0.0 	0.51 	
359 	0.11 	0.0 	0.0 	0.0 	0.0 	0.0 	0.0 	0.0 	0.0 	0.0 	0.0 	0.0 	0.0 	0.0 	0.0 	0.14 	0.69 	0.0 	0.0 	0.06 	
360 	0.3 	0.0 	0.0 	0.0 	0.05 	0.0 	0.0 	0.07 	0.0 	0.09 	0.0 	0.0 	0.0 	0.05 	0.22 	0.12 	0.07 	0.0 	0.0 	0.04 	
361 	0.0 	0.0 	0.0 	0.0 	0.0 	0.0 	0.0 	0.0 	0.0 	0.41 	0.41 	0.0 	0.0 	0.01 	0.03 	0.01 	0.0 	0.0 	0.0 	0.13 	
362 	0.04 	0.02 	0.0 	0.0 	0.14 	0.18 	0.04 	0.04 	0.0 	0.07 	0.07 	0.0 	0.01 	0.0 	0.0 	0.1 	0.06 	0.0 	0.05 	0.19 	
363 	0.0 	0.0 	0.0 	0.84 	0.0 	0.03 	0.04 	0.0 	0.0 	0.0 	0.0 	0.09 	0.0 	0.0 	0.0 	0.0 	0.0 	0.0 	0.0 	0.0 	
364 	0.02 	0.0 	0.0 	0.02 	0.0 	0.14 	0.28 	0.11 	0.01 	0.0 	0.13 	0.09 	0.06 	0.0 	0.0 	0.03 	0.1 	0.0 	0.0 	0.0 	
365 	0.0 	0.06 	0.02 	0.05 	0.0 	0.0 	0.0 	0.03 	0.0 	0.04 	0.12 	0.06 	0.0 	0.44 	0.01 	0.0 	0.0 	0.0 	0.12 	0.03 	
366 	0.01 	0.17 	0.0 	0.04 	0.0 	0.05 	0.04 	0.04 	0.01 	0.04 	0.0 	0.33 	0.0 	0.0 	0.13 	0.03 	0.0 	0.0 	0.0 	0.08 	
367 	0.0 	0.11 	0.0 	0.0 	0.0 	0.0 	0.0 	0.06 	0.01 	0.21 	0.19 	0.1 	0.04 	0.0 	0.0 	0.05 	0.03 	0.03 	0.02 	0.14 	
368 	0.0 	0.05 	0.11 	0.0 	0.05 	0.03 	0.0 	0.05 	0.0 	0.05 	0.17 	0.07 	0.02 	0.05 	0.13 	0.13 	0.0 	0.04 	0.04 	0.0 	
369 	0.01 	0.49 	0.01 	0.0 	0.0 	0.0 	0.0 	0.01 	0.03 	0.0 	0.0 	0.3 	0.0 	0.0 	0.07 	0.03 	0.0 	0.02 	0.02 	0.0 	
370 	0.01 	0.28 	0.06 	0.01 	0.0 	0.0 	0.07 	0.06 	0.0 	0.0 	0.0 	0.39 	0.0 	0.0 	0.0 	0.0 	0.03 	0.02 	0.05 	0.0 	
371 	0.0 	0.07 	0.03 	0.01 	0.0 	0.0 	0.18 	0.0 	0.19 	0.02 	0.02 	0.21 	0.06 	0.0 	0.0 	0.0 	0.03 	0.14 	0.03 	0.0 	
372 	0.16 	0.2 	0.0 	0.01 	0.0 	0.03 	0.02 	0.01 	0.0 	0.1 	0.07 	0.09 	0.0 	0.07 	0.09 	0.05 	0.01 	0.0 	0.03 	0.06 	
373 	0.02 	0.01 	0.0 	0.0 	0.0 	0.0 	0.1 	0.02 	0.0 	0.09 	0.22 	0.11 	0.0 	0.06 	0.03 	0.02 	0.05 	0.0 	0.0 	0.26 	
374 	0.09 	0.01 	0.0 	0.0 	0.0 	0.0 	0.1 	0.0 	0.0 	0.11 	0.31 	0.0 	0.0 	0.03 	0.02 	0.08 	0.09 	0.01 	0.03 	0.12 	
375 	0.02 	0.0 	0.0 	0.0 	0.0 	0.0 	0.0 	0.12 	0.02 	0.04 	0.24 	0.0 	0.01 	0.15 	0.0 	0.0 	0.04 	0.16 	0.05 	0.12 	
376 	0.07 	0.0 	0.0 	0.0 	0.09 	0.0 	0.03 	0.06 	0.0 	0.13 	0.17 	0.04 	0.02 	0.03 	0.0 	0.0 	0.29 	0.0 	0.0 	0.07 	
377 	0.1 	0.0 	0.0 	0.0 	0.16 	0.0 	0.0 	0.06 	0.0 	0.09 	0.13 	0.0 	0.0 	0.03 	0.0 	0.09 	0.15 	0.0 	0.0 	0.2 	
378 	0.16 	0.0 	0.0 	0.0 	0.24 	0.0 	0.0 	0.27 	0.0 	0.04 	0.04 	0.0 	0.0 	0.0 	0.0 	0.15 	0.0 	0.0 	0.0 	0.1 	
379 	0.05 	0.0 	0.0 	0.0 	0.02 	0.0 	0.0 	0.04 	0.0 	0.17 	0.38 	0.0 	0.01 	0.06 	0.0 	0.02 	0.01 	0.0 	0.0 	0.23 	
380 	0.16 	0.0 	0.0 	0.0 	0.1 	0.0 	0.0 	0.02 	0.0 	0.25 	0.18 	0.0 	0.01 	0.04 	0.0 	0.01 	0.03 	0.0 	0.0 	0.19 	
381 	0.08 	0.0 	0.04 	0.0 	0.14 	0.0 	0.0 	0.08 	0.0 	0.11 	0.09 	0.0 	0.0 	0.31 	0.0 	0.07 	0.04 	0.0 	0.0 	0.02 	
382 	0.03 	0.0 	0.0 	0.0 	0.03 	0.0 	0.0 	0.02 	0.0 	0.07 	0.15 	0.0 	0.0 	0.52 	0.0 	0.03 	0.0 	0.0 	0.09 	0.05 	
383 	0.11 	0.0 	0.0 	0.0 	0.13 	0.0 	0.0 	0.09 	0.0 	0.06 	0.3 	0.0 	0.02 	0.03 	0.0 	0.11 	0.08 	0.0 	0.0 	0.06 	
384 	0.08 	0.0 	0.0 	0.0 	0.06 	0.0 	0.0 	0.13 	0.0 	0.15 	0.17 	0.0 	0.12 	0.06 	0.0 	0.04 	0.11 	0.0 	0.0 	0.08 	
385 	0.0 	0.05 	0.06 	0.0 	0.0 	0.0 	0.0 	0.41 	0.03 	0.09 	0.14 	0.0 	0.0 	0.07 	0.0 	0.05 	0.0 	0.0 	0.08 	0.0 	
386 	0.05 	0.0 	0.0 	0.0 	0.0 	0.0 	0.0 	0.0 	0.0 	0.18 	0.49 	0.0 	0.04 	0.07 	0.02 	0.06 	0.02 	0.0 	0.0 	0.04 	
387 	0.03 	0.0 	0.0 	0.0 	0.03 	0.0 	0.0 	0.08 	0.0 	0.15 	0.1 	0.0 	0.03 	0.02 	0.22 	0.03 	0.09 	0.0 	0.02 	0.19 	
388 	0.08 	0.0 	0.0 	0.0 	0.04 	0.0 	0.0 	0.09 	0.0 	0.03 	0.25 	0.0 	0.23 	0.1 	0.0 	0.02 	0.0 	0.0 	0.1 	0.04 	
389 	0.0 	0.0 	0.0 	0.0 	0.04 	0.0 	0.0 	0.04 	0.0 	0.09 	0.12 	0.0 	0.0 	0.33 	0.0 	0.0 	0.11 	0.0 	0.08 	0.18 	
390 	0.0 	0.0 	0.0 	0.0 	0.06 	0.0 	0.0 	0.03 	0.0 	0.03 	0.26 	0.0 	0.04 	0.0 	0.02 	0.05 	0.31 	0.05 	0.02 	0.14 	
391 	0.02 	0.0 	0.14 	0.0 	0.0 	0.21 	0.13 	0.11 	0.03 	0.02 	0.05 	0.0 	0.03 	0.05 	0.05 	0.04 	0.05 	0.0 	0.0 	0.07 	
392 	0.05 	0.1 	0.0 	0.06 	0.0 	0.02 	0.05 	0.28 	0.0 	0.03 	0.02 	0.06 	0.0 	0.0 	0.03 	0.15 	0.09 	0.02 	0.04 	0.0 	
393 	0.03 	0.0 	0.12 	0.0 	0.02 	0.02 	0.0 	0.39 	0.0 	0.02 	0.03 	0.02 	0.05 	0.0 	0.02 	0.16 	0.06 	0.04 	0.0 	0.02 	
394 	0.0 	0.0 	0.0 	0.03 	0.0 	0.01 	0.0 	0.0 	0.0 	0.06 	0.49 	0.0 	0.13 	0.12 	0.0 	0.0 	0.02 	0.0 	0.0 	0.14 	
395 	0.0 	0.0 	0.02 	0.15 	0.0 	0.18 	0.06 	0.04 	0.02 	0.03 	0.03 	0.0 	0.0 	0.04 	0.0 	0.12 	0.32 	0.0 	0.0 	0.0 	
396 	0.0 	0.0 	0.0 	0.0 	0.0 	0.03 	0.11 	0.06 	0.0 	0.15 	0.47 	0.0 	0.1 	0.02 	0.0 	0.0 	0.02 	0.04 	0.0 	0.0 	
397 	0.0 	0.0 	0.0 	0.0 	0.0 	0.0 	0.0 	0.0 	0.0 	0.07 	0.17 	0.0 	0.18 	0.39 	0.0 	0.0 	0.0 	0.0 	0.02 	0.13 	
398 	0.02 	0.0 	0.06 	0.8 	0.0 	0.0 	0.06 	0.0 	0.0 	0.0 	0.01 	0.0 	0.0 	0.0 	0.0 	0.0 	0.0 	0.0 	0.0 	0.0 	
399 	0.03 	0.02 	0.06 	0.17 	0.0 	0.0 	0.02 	0.0 	0.11 	0.0 	0.05 	0.0 	0.0 	0.19 	0.0 	0.11 	0.07 	0.0 	0.13 	0.02 	
400 	0.0 	0.0 	0.0 	0.0 	0.0 	0.0 	0.0 	0.02 	0.0 	0.0 	0.05 	0.0 	0.0 	0.15 	0.0 	0.0 	0.0 	0.03 	0.74 	0.0 	
401 	0.57 	0.0 	0.0 	0.06 	0.02 	0.0 	0.0 	0.14 	0.0 	0.0 	0.0 	0.0 	0.0 	0.0 	0.02 	0.15 	0.04 	0.0 	0.0 	0.0 	
402 	0.58 	0.0 	0.0 	0.0 	0.01 	0.04 	0.0 	0.17 	0.0 	0.0 	0.0 	0.0 	0.0 	0.0 	0.02 	0.07 	0.03 	0.0 	0.06 	0.02 	
403 	0.06 	0.0 	0.0 	0.0 	0.0 	0.0 	0.0 	0.22 	0.0 	0.0 	0.0 	0.0 	0.0 	0.0 	0.0 	0.39 	0.31 	0.0 	0.0 	0.02 	
404 	0.0 	0.0 	0.0 	0.0 	0.0 	0.0 	0.0 	0.0 	0.0 	0.14 	0.23 	0.0 	0.06 	0.13 	0.03 	0.06 	0.06 	0.06 	0.18 	0.06 	
405 	0.07 	0.0 	0.02 	0.0 	0.13 	0.0 	0.0 	0.13 	0.0 	0.0 	0.03 	0.0 	0.0 	0.03 	0.21 	0.24 	0.04 	0.0 	0.0 	0.1 	
406 	0.0 	0.0 	0.06 	0.0 	0.0 	0.0 	0.0 	0.0 	0.0 	0.14 	0.55 	0.0 	0.0 	0.0 	0.0 	0.05 	0.0 	0.0 	0.0 	0.21 	
407 	0.0 	0.0 	0.0 	0.0 	0.0 	0.0 	0.0 	0.0 	0.0 	0.08 	0.44 	0.0 	0.05 	0.1 	0.03 	0.0 	0.05 	0.0 	0.0 	0.25 	
408 	0.0 	0.0 	0.0 	0.0 	0.05 	0.0 	0.0 	0.0 	0.0 	0.35 	0.11 	0.0 	0.0 	0.29 	0.0 	0.0 	0.03 	0.03 	0.0 	0.14 	
409 	0.09 	0.0 	0.0 	0.0 	0.0 	0.0 	0.0 	0.03 	0.0 	0.28 	0.19 	0.0 	0.0 	0.14 	0.0 	0.0 	0.05 	0.0 	0.0 	0.22 	
410 	0.46 	0.0 	0.0 	0.0 	0.0 	0.0 	0.0 	0.03 	0.0 	0.0 	0.0 	0.0 	0.06 	0.0 	0.0 	0.09 	0.0 	0.0 	0.0 	0.33 	
411 	0.0 	0.0 	0.0 	0.0 	0.05 	0.0 	0.0 	0.0 	0.0 	0.36 	0.24 	0.0 	0.01 	0.24 	0.0 	0.0 	0.0 	0.0 	0.0 	0.06 	
412 	0.0 	0.0 	0.0 	0.0 	0.14 	0.0 	0.0 	0.0 	0.0 	0.1 	0.2 	0.0 	0.07 	0.29 	0.0 	0.0 	0.12 	0.0 	0.0 	0.06 	
413 	0.06 	0.0 	0.0 	0.0 	0.0 	0.03 	0.84 	0.0 	0.0 	0.0 	0.0 	0.0 	0.05 	0.0 	0.0 	0.0 	0.03 	0.0 	0.0 	0.0 	
414 	0.13 	0.0 	0.1 	0.0 	0.19 	0.0 	0.0 	0.0 	0.0 	0.03 	0.28 	0.0 	0.09 	0.0 	0.0 	0.03 	0.04 	0.0 	0.0 	0.12 	
415 	0.15 	0.0 	0.0 	0.0 	0.0 	0.0 	0.0 	0.0 	0.0 	0.37 	0.1 	0.0 	0.04 	0.1 	0.0 	0.01 	0.0 	0.0 	0.0 	0.22 	
416 	0.35 	0.0 	0.0 	0.0 	0.09 	0.0 	0.0 	0.27 	0.0 	0.12 	0.0 	0.0 	0.0 	0.0 	0.0 	0.09 	0.0 	0.0 	0.0 	0.09 	
417 	0.03 	0.0 	0.0 	0.0 	0.0 	0.0 	0.0 	0.0 	0.0 	0.36 	0.03 	0.0 	0.05 	0.09 	0.0 	0.0 	0.0 	0.0 	0.0 	0.44 	
418 	0.21 	0.0 	0.04 	0.0 	0.05 	0.0 	0.0 	0.04 	0.0 	0.07 	0.0 	0.0 	0.1 	0.06 	0.0 	0.2 	0.03 	0.0 	0.0 	0.2 	
419 	0.0 	0.03 	0.0 	0.0 	0.0 	0.0 	0.0 	0.06 	0.02 	0.0 	0.0 	0.0 	0.0 	0.06 	0.0 	0.0 	0.0 	0.58 	0.25 	0.0 	
420 	0.01 	0.0 	0.0 	0.0 	0.0 	0.0 	0.0 	0.03 	0.0 	0.34 	0.03 	0.0 	0.0 	0.22 	0.0 	0.0 	0.0 	0.0 	0.0 	0.37 	
421 	0.0 	0.0 	0.0 	0.0 	0.0 	0.0 	0.0 	0.0 	0.0 	0.0 	0.0 	0.0 	0.0 	0.09 	0.0 	0.0 	0.0 	0.0 	0.86 	0.06 	
422 	0.0 	0.0 	0.0 	0.0 	0.0 	0.0 	0.0 	0.94 	0.0 	0.0 	0.06 	0.0 	0.0 	0.0 	0.0 	0.0 	0.0 	0.0 	0.0 	0.0 	
423 	0.14 	0.0 	0.0 	0.0 	0.0 	0.0 	0.0 	0.07 	0.05 	0.12 	0.14 	0.06 	0.03 	0.05 	0.0 	0.03 	0.09 	0.0 	0.0 	0.23 	
424 	0.0 	0.1 	0.08 	0.41 	0.0 	0.17 	0.0 	0.05 	0.03 	0.0 	0.0 	0.07 	0.0 	0.0 	0.0 	0.02 	0.04 	0.02 	0.0 	0.0 	
425 	0.0 	0.36 	0.29 	0.0 	0.0 	0.08 	0.06 	0.0 	0.0 	0.0 	0.0 	0.22 	0.0 	0.0 	0.0 	0.0 	0.0 	0.0 	0.0 	0.0 	
426 	0.09 	0.04 	0.0 	0.0 	0.0 	0.0 	0.0 	0.0 	0.0 	0.03 	0.08 	0.0 	0.04 	0.63 	0.0 	0.0 	0.0 	0.0 	0.05 	0.05 	
427 	0.0 	0.11 	0.06 	0.0 	0.23 	0.0 	0.0 	0.0 	0.0 	0.03 	0.06 	0.06 	0.08 	0.08 	0.0 	0.12 	0.0 	0.03 	0.14 	0.0 	
428 	0.0 	0.03 	0.02 	0.39 	0.0 	0.08 	0.22 	0.0 	0.0 	0.0 	0.0 	0.19 	0.0 	0.0 	0.0 	0.07 	0.0 	0.0 	0.0 	0.0 	
429 	0.03 	0.0 	0.14 	0.56 	0.0 	0.0 	0.13 	0.04 	0.03 	0.0 	0.0 	0.0 	0.0 	0.0 	0.0 	0.04 	0.0 	0.0 	0.0 	0.0 	
430 	0.0 	0.0 	0.0 	0.04 	0.0 	0.0 	0.0 	0.0 	0.0 	0.57 	0.19 	0.0 	0.0 	0.0 	0.0 	0.0 	0.0 	0.0 	0.0 	0.16 	
431 	0.01 	0.0 	0.11 	0.0 	0.0 	0.09 	0.31 	0.01 	0.06 	0.0 	0.04 	0.15 	0.0 	0.0 	0.0 	0.06 	0.13 	0.0 	0.0 	0.01 	
432 	0.05 	0.09 	0.0 	0.15 	0.0 	0.11 	0.27 	0.0 	0.0 	0.0 	0.0 	0.03 	0.12 	0.1 	0.0 	0.06 	0.03 	0.0 	0.0 	0.0 	
433 	0.05 	0.0 	0.0 	0.03 	0.0 	0.0 	0.01 	0.07 	0.0 	0.0 	0.05 	0.06 	0.56 	0.08 	0.0 	0.01 	0.07 	0.0 	0.0 	0.01 	
434 	0.0 	0.0 	0.0 	0.0 	0.08 	0.0 	0.0 	0.04 	0.0 	0.17 	0.24 	0.07 	0.25 	0.0 	0.0 	0.07 	0.0 	0.06 	0.0 	0.0 	
435 	0.0 	0.0 	0.12 	0.0 	0.0 	0.0 	0.04 	0.45 	0.0 	0.2 	0.0 	0.0 	0.0 	0.0 	0.0 	0.0 	0.09 	0.0 	0.07 	0.02 	
436 	0.0 	0.07 	0.0 	0.0 	0.0 	0.0 	0.0 	0.22 	0.0 	0.08 	0.0 	0.05 	0.0 	0.28 	0.0 	0.09 	0.0 	0.0 	0.11 	0.1 	
437 	0.05 	0.31 	0.02 	0.0 	0.0 	0.05 	0.0 	0.06 	0.07 	0.0 	0.0 	0.21 	0.0 	0.04 	0.06 	0.02 	0.12 	0.0 	0.0 	0.0 	
438 	0.01 	0.1 	0.0 	0.0 	0.0 	0.02 	0.0 	0.01 	0.0 	0.0 	0.08 	0.08 	0.0 	0.07 	0.36 	0.01 	0.05 	0.0 	0.06 	0.16 	
439 	0.0 	0.0 	0.02 	0.0 	0.0 	0.0 	0.0 	0.1 	0.0 	0.06 	0.05 	0.0 	0.0 	0.0 	0.49 	0.18 	0.0 	0.04 	0.05 	0.0 	
440 	0.0 	0.14 	0.12 	0.0 	0.02 	0.0 	0.0 	0.12 	0.0 	0.0 	0.18 	0.13 	0.02 	0.0 	0.13 	0.09 	0.0 	0.0 	0.0 	0.04 	
441 	0.0 	0.02 	0.0 	0.0 	0.06 	0.0 	0.0 	0.04 	0.0 	0.22 	0.21 	0.0 	0.0 	0.15 	0.0 	0.0 	0.0 	0.11 	0.18 	0.0 	
442 	0.0 	0.0 	0.0 	0.0 	0.0 	0.0 	0.0 	0.0 	0.0 	0.11 	0.0 	0.0 	0.03 	0.16 	0.0 	0.0 	0.0 	0.28 	0.42 	0.0 	
443 	0.0 	0.14 	0.0 	0.0 	0.0 	0.06 	0.04 	0.0 	0.0 	0.06 	0.0 	0.16 	0.0 	0.15 	0.0 	0.0 	0.0 	0.29 	0.1 	0.0 	
444 	0.0 	0.11 	0.06 	0.0 	0.0 	0.13 	0.0 	0.0 	0.0 	0.11 	0.02 	0.09 	0.04 	0.06 	0.0 	0.0 	0.0 	0.03 	0.31 	0.04 	
445 	0.03 	0.0 	0.0 	0.0 	0.29 	0.0 	0.0 	0.0 	0.0 	0.0 	0.19 	0.0 	0.12 	0.0 	0.0 	0.03 	0.0 	0.0 	0.06 	0.27 	
446 	0.04 	0.0 	0.0 	0.0 	0.18 	0.0 	0.0 	0.0 	0.0 	0.0 	0.0 	0.0 	0.08 	0.06 	0.0 	0.0 	0.1 	0.48 	0.0 	0.06 	
447 	0.12 	0.22 	0.0 	0.0 	0.0 	0.0 	0.0 	0.04 	0.0 	0.0 	0.08 	0.37 	0.02 	0.0 	0.0 	0.14 	0.03 	0.0 	0.0 	0.0 	
448 	0.0 	0.0 	0.0 	0.0 	0.0 	0.0 	0.0 	0.0 	0.0 	0.02 	0.02 	0.0 	0.0 	0.64 	0.0 	0.0 	0.0 	0.0 	0.13 	0.19 	
449 	0.0 	0.0 	0.0 	0.0 	0.04 	0.0 	0.0 	0.0 	0.0 	0.24 	0.06 	0.0 	0.02 	0.15 	0.0 	0.0 	0.0 	0.0 	0.0 	0.5 	
450 	0.06 	0.0 	0.0 	0.0 	0.06 	0.0 	0.0 	0.0 	0.0 	0.0 	0.0 	0.0 	0.0 	0.0 	0.0 	0.5 	0.32 	0.0 	0.0 	0.06 	
451 	0.0 	0.0 	0.0 	0.0 	0.0 	0.0 	0.0 	0.0 	0.0 	0.0 	0.0 	0.0 	0.0 	0.0 	1.0 	0.0 	0.0 	0.0 	0.0 	0.0 	
452 	0.24 	0.0 	0.0 	0.0 	0.04 	0.0 	0.0 	0.05 	0.0 	0.1 	0.28 	0.0 	0.03 	0.0 	0.0 	0.0 	0.04 	0.0 	0.0 	0.2 	
453 	0.0 	0.0 	0.0 	0.0 	0.05 	0.0 	0.0 	0.0 	0.0 	0.26 	0.16 	0.0 	0.18 	0.16 	0.0 	0.0 	0.07 	0.0 	0.06 	0.04 	
454 	0.0 	0.0 	0.0 	0.0 	0.11 	0.0 	0.0 	0.0 	0.0 	0.17 	0.43 	0.0 	0.22 	0.0 	0.0 	0.04 	0.0 	0.0 	0.0 	0.02 	
455 	0.2 	0.0 	0.0 	0.0 	0.0 	0.0 	0.0 	0.0 	0.0 	0.12 	0.41 	0.0 	0.0 	0.06 	0.0 	0.0 	0.11 	0.0 	0.0 	0.1 	
456 	0.12 	0.0 	0.0 	0.0 	0.0 	0.0 	0.0 	0.13 	0.0 	0.21 	0.0 	0.0 	0.0 	0.18 	0.0 	0.04 	0.06 	0.0 	0.02 	0.24 	
457 	0.0 	0.0 	0.0 	0.0 	0.04 	0.0 	0.0 	0.0 	0.0 	0.42 	0.33 	0.0 	0.03 	0.0 	0.0 	0.0 	0.04 	0.0 	0.0 	0.14 	
458 	0.0 	0.0 	0.0 	0.0 	0.06 	0.0 	0.0 	0.0 	0.0 	0.0 	0.33 	0.0 	0.0 	0.46 	0.0 	0.0 	0.02 	0.0 	0.0 	0.12 	
459 	0.0 	0.0 	0.0 	0.0 	0.03 	0.0 	0.0 	0.02 	0.0 	0.51 	0.08 	0.0 	0.0 	0.06 	0.0 	0.0 	0.0 	0.0 	0.0 	0.3 	
460 	0.0 	0.0 	0.0 	0.0 	0.0 	0.0 	0.0 	0.0 	0.0 	0.04 	0.09 	0.0 	0.0 	0.59 	0.0 	0.0 	0.0 	0.0 	0.09 	0.19 	
461 	0.0 	0.0 	0.0 	0.0 	0.06 	0.0 	0.0 	0.04 	0.0 	0.0 	0.0 	0.0 	0.0 	0.18 	0.0 	0.4 	0.08 	0.16 	0.07 	0.0 	
462 	0.13 	0.0 	0.0 	0.0 	0.0 	0.0 	0.01 	0.01 	0.0 	0.19 	0.36 	0.01 	0.0 	0.05 	0.0 	0.01 	0.01 	0.0 	0.0 	0.21 	
463 	0.01 	0.09 	0.0 	0.0 	0.0 	0.0 	0.01 	0.01 	0.0 	0.36 	0.01 	0.01 	0.06 	0.05 	0.0 	0.08 	0.01 	0.0 	0.05 	0.26 	
464 	0.01 	0.0 	0.08 	0.08 	0.0 	0.22 	0.09 	0.11 	0.0 	0.0 	0.01 	0.25 	0.0 	0.05 	0.0 	0.01 	0.01 	0.0 	0.07 	0.01 	
465 	0.0 	0.0 	0.0 	0.0 	0.0 	0.0 	0.0 	0.0 	0.0 	0.0 	0.0 	0.0 	0.04 	0.21 	0.0 	0.0 	0.0 	0.04 	0.7 	0.0 	
466 	0.0 	0.07 	0.0 	0.0 	0.0 	0.12 	0.09 	0.0 	0.07 	0.15 	0.0 	0.19 	0.0 	0.0 	0.0 	0.0 	0.12 	0.0 	0.0 	0.2 	
467 	0.0 	0.0 	0.0 	0.0 	0.0 	0.0 	0.06 	0.0 	0.0 	0.05 	0.0 	0.0 	0.0 	0.0 	0.79 	0.0 	0.0 	0.0 	0.0 	0.1 	
468 	0.0 	0.0 	0.0 	0.0 	0.0 	0.05 	0.11 	0.0 	0.0 	0.14 	0.37 	0.14 	0.13 	0.0 	0.0 	0.07 	0.0 	0.0 	0.0 	0.0 	
469 	0.0 	0.0 	0.0 	0.0 	0.0 	0.0 	0.07 	0.0 	0.0 	0.1 	0.07 	0.0 	0.0 	0.0 	0.0 	0.0 	0.56 	0.0 	0.0 	0.21 	
470 	0.0 	0.0 	0.06 	0.0 	0.0 	0.0 	0.0 	0.07 	0.0 	0.0 	0.0 	0.0 	0.15 	0.0 	0.0 	0.1 	0.0 	0.0 	0.62 	0.0 	
471 	0.06 	0.05 	0.32 	0.09 	0.0 	0.11 	0.17 	0.13 	0.0 	0.0 	0.0 	0.06 	0.0 	0.0 	0.0 	0.0 	0.0 	0.0 	0.0 	0.0 	
472 	0.0 	0.0 	0.0 	0.15 	0.0 	0.06 	0.28 	0.0 	0.09 	0.0 	0.0 	0.18 	0.0 	0.0 	0.0 	0.13 	0.06 	0.0 	0.05 	0.0 	
473 	0.0 	0.0 	0.0 	0.0 	0.0 	0.0 	0.0 	0.0 	0.0 	0.0 	0.17 	0.13 	0.0 	0.0 	0.05 	0.0 	0.15 	0.0 	0.5 	0.0 	
474 	0.0 	0.07 	0.0 	0.05 	0.0 	0.14 	0.0 	0.0 	0.16 	0.05 	0.0 	0.0 	0.06 	0.0 	0.0 	0.0 	0.16 	0.0 	0.25 	0.06 	
475 	0.0 	0.0 	0.0 	0.0 	0.0 	0.0 	0.0 	0.0 	0.0 	0.0 	0.0 	0.04 	0.0 	0.12 	0.0 	0.0 	0.09 	0.17 	0.57 	0.0 	
476 	0.07 	0.0 	0.0 	0.0 	0.0 	0.0 	0.0 	0.0 	0.0 	0.0 	0.0 	0.0 	0.0 	0.0 	0.52 	0.17 	0.1 	0.0 	0.14 	0.0 	
477 	0.07 	0.0 	0.0 	0.07 	0.0 	0.0 	0.0 	0.09 	0.0 	0.24 	0.05 	0.0 	0.0 	0.0 	0.18 	0.18 	0.0 	0.0 	0.0 	0.1 	
478 	0.0 	0.0 	0.0 	0.0 	0.0 	0.0 	0.0 	0.0 	0.0 	0.0 	0.0 	0.0 	0.0 	0.0 	0.0 	0.0 	0.0 	1.0 	0.0 	0.0 	
479 	0.0 	0.33 	0.0 	0.0 	0.0 	0.0 	0.0 	0.0 	0.0 	0.35 	0.0 	0.0 	0.0 	0.0 	0.0 	0.0 	0.0 	0.0 	0.0 	0.32 	
480 	0.0 	0.0 	0.0 	0.0 	0.0 	0.0 	0.0 	0.0 	0.0 	0.0 	0.0 	0.0 	0.0 	0.0 	0.0 	0.0 	0.67 	0.0 	0.0 	0.33 	
481 	0.0 	0.68 	0.0 	0.0 	0.32 	0.0 	0.0 	0.0 	0.0 	0.0 	0.0 	0.0 	0.0 	0.0 	0.0 	0.0 	0.0 	0.0 	0.0 	0.0 	
482 	0.03 	0.02 	0.01 	0.02 	0.01 	0.01 	0.02 	0.02 	0.01 	0.02 	0.03 	0.02 	0.01 	0.36 	0.02 	0.35 	0.02 	0.0 	0.01 	0.02 	
483 	0.03 	0.02 	0.01 	0.02 	0.01 	0.01 	0.02 	0.02 	0.01 	0.02 	0.03 	0.02 	0.01 	0.01 	0.02 	0.35 	0.02 	0.0 	0.36 	0.02 	
484 	0.03 	0.02 	0.01 	0.02 	0.01 	0.01 	0.02 	0.02 	0.01 	0.36 	0.03 	0.02 	0.01 	0.01 	0.02 	0.02 	0.02 	0.0 	0.01 	0.35 	
485 	0.0 	0.0 	0.0 	0.0 	0.0 	0.0 	0.0 	0.0 	0.0 	0.68 	0.32 	0.0 	0.0 	0.0 	0.0 	0.0 	0.0 	0.0 	0.0 	0.0 	
486 	0.0 	0.0 	0.0 	0.0 	0.32 	0.0 	0.0 	0.68 	0.0 	0.0 	0.0 	0.0 	0.0 	0.0 	0.0 	0.0 	0.0 	0.0 	0.0 	0.0 	
487 	0.0 	0.0 	0.0 	0.0 	0.0 	0.0 	0.0 	0.0 	0.0 	0.32 	0.35 	0.0 	0.0 	0.33 	0.0 	0.0 	0.0 	0.0 	0.0 	0.0 	
488 	0.0 	0.0 	0.0 	0.0 	0.0 	0.0 	0.0 	0.0 	0.0 	0.0 	0.33 	0.0 	0.0 	0.35 	0.32 	0.0 	0.0 	0.0 	0.0 	0.0 	
489 	0.0 	0.0 	0.0 	0.0 	0.0 	0.0 	0.0 	0.0 	0.0 	0.0 	0.35 	0.0 	0.65 	0.0 	0.0 	0.0 	0.0 	0.0 	0.0 	0.0 	
490 	0.33 	0.0 	0.0 	0.0 	0.0 	0.0 	0.0 	0.0 	0.0 	0.0 	0.0 	0.0 	0.0 	0.35 	0.0 	0.0 	0.0 	0.0 	0.32 	0.0 	
491 	0.0 	0.0 	0.0 	0.0 	0.0 	0.0 	0.0 	0.0 	0.0 	0.32 	0.68 	0.0 	0.0 	0.0 	0.0 	0.0 	0.0 	0.0 	0.0 	0.0 	
492 	0.0 	0.0 	0.0 	0.0 	0.0 	0.0 	0.0 	0.0 	0.0 	0.32 	0.0 	0.0 	0.0 	0.0 	0.0 	0.33 	0.35 	0.0 	0.0 	0.0 	
493 	0.0 	0.0 	0.0 	0.0 	0.0 	0.0 	0.0 	0.0 	0.0 	0.0 	0.0 	0.0 	0.0 	0.35 	0.0 	0.33 	0.0 	0.0 	0.32 	0.0 	
494 	0.0 	0.0 	0.0 	0.0 	0.0 	0.0 	0.0 	0.0 	0.0 	0.0 	0.35 	0.32 	0.0 	0.0 	0.0 	0.0 	0.0 	0.0 	0.0 	0.33 	
495 	0.0 	0.0 	0.0 	0.0 	0.0 	0.0 	0.0 	0.0 	0.0 	0.33 	0.0 	0.0 	0.0 	0.32 	0.0 	0.0 	0.0 	0.0 	0.0 	0.35 	
496 	0.0 	0.0 	0.0 	0.0 	0.33 	0.0 	0.0 	0.0 	0.0 	0.0 	0.0 	0.0 	0.0 	0.67 	0.0 	0.0 	0.0 	0.0 	0.0 	0.0 	
497 	0.0 	0.0 	0.0 	0.0 	0.0 	0.0 	0.0 	0.0 	0.0 	0.33 	0.35 	0.0 	0.0 	0.32 	0.0 	0.0 	0.0 	0.0 	0.0 	0.0 	
498 	1.0 	0.0 	0.0 	0.0 	0.0 	0.0 	0.0 	0.0 	0.0 	0.0 	0.0 	0.0 	0.0 	0.0 	0.0 	0.0 	0.0 	0.0 	0.0 	0.0 	
499 	0.0 	0.0 	0.0 	0.0 	0.0 	0.0 	0.5 	0.0 	0.0 	0.0 	0.0 	0.0 	0.0 	0.0 	0.0 	0.5 	0.0 	0.0 	0.0 	0.0 	
500 	0.0 	1.0 	0.0 	0.0 	0.0 	0.0 	0.0 	0.0 	0.0 	0.0 	0.0 	0.0 	0.0 	0.0 	0.0 	0.0 	0.0 	0.0 	0.0 	0.0 	
501 	0.0 	0.5 	0.0 	0.0 	0.0 	0.5 	0.0 	0.0 	0.0 	0.0 	0.0 	0.0 	0.0 	0.0 	0.0 	0.0 	0.0 	0.0 	0.0 	0.0 	
502 	0.0 	1.0 	0.0 	0.0 	0.0 	0.0 	0.0 	0.0 	0.0 	0.0 	0.0 	0.0 	0.0 	0.0 	0.0 	0.0 	0.0 	0.0 	0.0 	0.0 	
503 	0.0 	0.0 	0.5 	0.0 	0.0 	0.0 	0.0 	0.0 	0.0 	0.0 	0.5 	0.0 	0.0 	0.0 	0.0 	0.0 	0.0 	0.0 	0.0 	0.0 	
504 	0.0 	0.0 	0.0 	0.0 	0.0 	0.5 	0.0 	0.0 	0.5 	0.0 	0.0 	0.0 	0.0 	0.0 	0.0 	0.0 	0.0 	0.0 	0.0 	0.0 	
505 	0.0 	0.0 	0.0 	0.0 	0.0 	0.0 	1.0 	0.0 	0.0 	0.0 	0.0 	0.0 	0.0 	0.0 	0.0 	0.0 	0.0 	0.0 	0.0 	0.0 	
506 	0.0 	0.0 	0.0 	0.0 	0.0 	0.0 	0.0 	0.0 	0.0 	0.0 	0.0 	0.0 	0.0 	0.0 	0.0 	1.0 	0.0 	0.0 	0.0 	0.0 	
507 	0.0 	0.0 	0.0 	0.0 	0.0 	0.0 	0.0 	0.0 	0.0 	0.0 	0.0 	0.0 	0.0 	0.0 	0.0 	0.0 	0.0 	0.0 	0.0 	0.0 	
