	A 	R 	N 	D 	C 	Q 	E 	G 	H 	I 	L 	K 	M 	F 	P 	S 	T 	W 	Y 	V 	
1 	0.0 	0.0 	0.0 	0.0 	0.0 	0.0 	0.0 	0.0 	0.0 	0.04 	0.72 	0.0 	0.18 	0.0 	0.0 	0.0 	0.0 	0.0 	0.0 	0.06 	
2 	0.0 	0.04 	0.15 	0.23 	0.0 	0.1 	0.02 	0.0 	0.26 	0.0 	0.0 	0.06 	0.0 	0.02 	0.0 	0.09 	0.0 	0.0 	0.04 	0.0 	
3 	0.0 	0.0 	0.0 	0.0 	0.1 	0.0 	0.0 	0.0 	0.0 	0.34 	0.16 	0.0 	0.0 	0.03 	0.0 	0.0 	0.0 	0.0 	0.05 	0.32 	
4 	0.0 	0.0 	0.0 	0.0 	0.0 	0.0 	0.0 	0.0 	0.0 	0.02 	0.01 	0.0 	0.0 	0.27 	0.0 	0.01 	0.0 	0.08 	0.55 	0.06 	
5 	0.2 	0.0 	0.0 	0.01 	0.0 	0.0 	0.0 	0.69 	0.0 	0.0 	0.0 	0.0 	0.0 	0.0 	0.01 	0.09 	0.0 	0.0 	0.0 	0.0 	
6 	0.04 	0.04 	0.0 	0.02 	0.01 	0.01 	0.3 	0.15 	0.01 	0.03 	0.01 	0.01 	0.01 	0.01 	0.0 	0.04 	0.12 	0.0 	0.12 	0.07 	
7 	0.01 	0.01 	0.16 	0.53 	0.0 	0.01 	0.12 	0.13 	0.0 	0.0 	0.0 	0.0 	0.0 	0.0 	0.0 	0.01 	0.01 	0.0 	0.0 	0.0 	
8 	0.01 	0.04 	0.08 	0.4 	0.0 	0.02 	0.16 	0.13 	0.01 	0.04 	0.01 	0.03 	0.0 	0.0 	0.0 	0.03 	0.04 	0.0 	0.0 	0.01 	
9 	0.04 	0.01 	0.13 	0.25 	0.0 	0.03 	0.22 	0.0 	0.0 	0.03 	0.02 	0.03 	0.01 	0.0 	0.0 	0.03 	0.14 	0.0 	0.0 	0.05 	
10 	0.02 	0.02 	0.03 	0.01 	0.01 	0.01 	0.05 	0.01 	0.0 	0.0 	0.01 	0.03 	0.0 	0.02 	0.02 	0.37 	0.39 	0.0 	0.0 	0.01 	
11 	0.0 	0.0 	0.0 	0.0 	0.0 	0.0 	0.0 	0.0 	0.0 	0.1 	0.76 	0.0 	0.06 	0.03 	0.0 	0.0 	0.0 	0.0 	0.01 	0.05 	
12 	0.28 	0.0 	0.0 	0.06 	0.0 	0.0 	0.36 	0.05 	0.02 	0.0 	0.0 	0.0 	0.01 	0.02 	0.08 	0.04 	0.02 	0.0 	0.0 	0.06 	
13 	0.07 	0.04 	0.02 	0.06 	0.0 	0.06 	0.25 	0.12 	0.01 	0.01 	0.01 	0.13 	0.0 	0.0 	0.0 	0.14 	0.04 	0.0 	0.02 	0.02 	
14 	0.15 	0.02 	0.0 	0.0 	0.0 	0.03 	0.11 	0.0 	0.02 	0.07 	0.07 	0.04 	0.01 	0.01 	0.0 	0.01 	0.09 	0.0 	0.01 	0.37 	
15 	0.04 	0.0 	0.0 	0.0 	0.0 	0.0 	0.0 	0.0 	0.0 	0.18 	0.14 	0.0 	0.01 	0.0 	0.0 	0.01 	0.04 	0.0 	0.0 	0.59 	
16 	0.19 	0.0 	0.0 	0.0 	0.0 	0.0 	0.0 	0.25 	0.05 	0.09 	0.12 	0.0 	0.0 	0.05 	0.01 	0.04 	0.05 	0.0 	0.02 	0.13 	
17 	0.1 	0.13 	0.09 	0.06 	0.01 	0.09 	0.19 	0.03 	0.02 	0.01 	0.01 	0.17 	0.0 	0.0 	0.0 	0.03 	0.05 	0.0 	0.01 	0.0 	
18 	0.06 	0.1 	0.0 	0.01 	0.02 	0.07 	0.04 	0.0 	0.02 	0.01 	0.46 	0.03 	0.08 	0.01 	0.0 	0.01 	0.06 	0.0 	0.01 	0.02 	
19 	0.0 	0.0 	0.0 	0.0 	0.03 	0.0 	0.0 	0.0 	0.0 	0.0 	0.93 	0.0 	0.01 	0.02 	0.0 	0.0 	0.0 	0.0 	0.0 	0.01 	
20 	0.15 	0.15 	0.01 	0.02 	0.0 	0.05 	0.05 	0.07 	0.01 	0.08 	0.11 	0.16 	0.01 	0.0 	0.0 	0.01 	0.06 	0.0 	0.0 	0.06 	
21 	0.09 	0.09 	0.03 	0.09 	0.0 	0.09 	0.3 	0.01 	0.0 	0.0 	0.01 	0.16 	0.02 	0.0 	0.01 	0.06 	0.01 	0.0 	0.01 	0.01 	
22 	0.05 	0.25 	0.11 	0.02 	0.0 	0.06 	0.02 	0.01 	0.04 	0.0 	0.04 	0.22 	0.0 	0.01 	0.0 	0.12 	0.04 	0.0 	0.01 	0.01 	
23 	0.01 	0.04 	0.1 	0.04 	0.0 	0.09 	0.01 	0.47 	0.04 	0.0 	0.0 	0.15 	0.0 	0.0 	0.01 	0.03 	0.01 	0.0 	0.0 	0.0 	
24 	0.06 	0.07 	0.01 	0.0 	0.0 	0.13 	0.09 	0.01 	0.0 	0.05 	0.27 	0.11 	0.05 	0.03 	0.0 	0.0 	0.01 	0.08 	0.02 	0.01 	
25 	0.0 	0.07 	0.0 	0.0 	0.0 	0.01 	0.0 	0.0 	0.0 	0.0 	0.0 	0.04 	0.01 	0.0 	0.0 	0.14 	0.73 	0.0 	0.01 	0.0 	
26 	0.01 	0.0 	0.0 	0.0 	0.0 	0.0 	0.0 	0.0 	0.0 	0.39 	0.42 	0.0 	0.01 	0.0 	0.0 	0.0 	0.0 	0.0 	0.0 	0.17 	
27 	0.51 	0.0 	0.0 	0.0 	0.01 	0.0 	0.0 	0.07 	0.0 	0.0 	0.0 	0.0 	0.01 	0.0 	0.0 	0.26 	0.11 	0.0 	0.0 	0.03 	
28 	0.14 	0.0 	0.0 	0.0 	0.02 	0.0 	0.0 	0.01 	0.0 	0.1 	0.05 	0.0 	0.04 	0.05 	0.0 	0.03 	0.23 	0.0 	0.0 	0.33 	
29 	0.8 	0.0 	0.0 	0.0 	0.0 	0.0 	0.0 	0.01 	0.0 	0.05 	0.0 	0.0 	0.0 	0.0 	0.0 	0.02 	0.08 	0.0 	0.0 	0.04 	
30 	0.0 	0.0 	0.0 	0.0 	0.0 	0.0 	1.0 	0.0 	0.0 	0.0 	0.0 	0.0 	0.0 	0.0 	0.0 	0.0 	0.0 	0.0 	0.0 	0.0 	
31 	0.05 	0.0 	0.0 	0.0 	0.0 	0.03 	0.0 	0.0 	0.0 	0.0 	0.0 	0.0 	0.0 	0.0 	0.0 	0.84 	0.0 	0.04 	0.0 	0.04 	
32 	0.05 	0.0 	0.0 	0.0 	0.58 	0.0 	0.0 	0.08 	0.0 	0.02 	0.15 	0.0 	0.01 	0.07 	0.0 	0.01 	0.0 	0.0 	0.0 	0.02 	
33 	0.0 	0.0 	0.0 	0.0 	0.0 	0.0 	0.0 	0.0 	0.0 	0.0 	0.0 	0.0 	0.0 	0.0 	0.0 	0.09 	0.91 	0.0 	0.0 	0.0 	
34 	0.16 	0.04 	0.0 	0.0 	0.0 	0.0 	0.0 	0.81 	0.0 	0.0 	0.0 	0.0 	0.0 	0.0 	0.0 	0.0 	0.0 	0.0 	0.0 	0.0 	
35 	0.0 	0.0 	0.0 	0.0 	0.0 	0.0 	0.0 	0.96 	0.0 	0.0 	0.0 	0.0 	0.0 	0.0 	0.0 	0.04 	0.0 	0.0 	0.0 	0.0 	
36 	0.08 	0.05 	0.01 	0.0 	0.0 	0.01 	0.0 	0.08 	0.0 	0.0 	0.57 	0.03 	0.15 	0.0 	0.0 	0.01 	0.0 	0.0 	0.01 	0.0 	
37 	0.0 	0.0 	0.0 	0.0 	0.0 	0.0 	0.0 	0.0 	0.0 	0.27 	0.44 	0.0 	0.01 	0.18 	0.0 	0.0 	0.0 	0.0 	0.0 	0.11 	
38 	0.37 	0.0 	0.0 	0.0 	0.05 	0.16 	0.01 	0.14 	0.0 	0.0 	0.02 	0.0 	0.0 	0.0 	0.0 	0.19 	0.06 	0.0 	0.0 	0.01 	
39 	0.23 	0.0 	0.03 	0.01 	0.0 	0.05 	0.08 	0.06 	0.03 	0.0 	0.03 	0.07 	0.0 	0.0 	0.0 	0.37 	0.03 	0.0 	0.0 	0.0 	
40 	0.1 	0.24 	0.0 	0.0 	0.01 	0.06 	0.08 	0.01 	0.0 	0.01 	0.15 	0.09 	0.04 	0.0 	0.0 	0.04 	0.12 	0.03 	0.01 	0.01 	
41 	0.0 	0.0 	0.0 	0.0 	0.0 	0.0 	0.0 	0.0 	0.0 	0.17 	0.71 	0.0 	0.01 	0.05 	0.0 	0.0 	0.0 	0.0 	0.0 	0.06 	
42 	0.16 	0.0 	0.0 	0.0 	0.03 	0.04 	0.0 	0.02 	0.0 	0.05 	0.0 	0.0 	0.0 	0.0 	0.0 	0.04 	0.56 	0.0 	0.0 	0.11 	
43 	0.11 	0.02 	0.15 	0.31 	0.0 	0.01 	0.15 	0.03 	0.0 	0.0 	0.03 	0.02 	0.0 	0.0 	0.0 	0.14 	0.01 	0.0 	0.0 	0.0 	
44 	0.09 	0.04 	0.01 	0.0 	0.0 	0.03 	0.07 	0.0 	0.01 	0.23 	0.05 	0.01 	0.01 	0.09 	0.0 	0.0 	0.02 	0.0 	0.05 	0.29 	
45 	0.16 	0.0 	0.0 	0.01 	0.0 	0.01 	0.02 	0.0 	0.0 	0.0 	0.07 	0.0 	0.0 	0.0 	0.56 	0.15 	0.01 	0.0 	0.0 	0.0 	
46 	0.09 	0.01 	0.0 	0.02 	0.0 	0.0 	0.0 	0.82 	0.0 	0.0 	0.0 	0.0 	0.0 	0.0 	0.0 	0.04 	0.01 	0.0 	0.0 	0.0 	
47 	0.33 	0.0 	0.0 	0.04 	0.01 	0.04 	0.0 	0.0 	0.0 	0.08 	0.0 	0.0 	0.0 	0.0 	0.0 	0.4 	0.02 	0.0 	0.0 	0.07 	
48 	0.01 	0.0 	0.0 	0.0 	0.0 	0.04 	0.0 	0.05 	0.0 	0.0 	0.0 	0.0 	0.0 	0.0 	0.02 	0.81 	0.04 	0.0 	0.0 	0.0 	
49 	0.15 	0.06 	0.05 	0.11 	0.0 	0.11 	0.16 	0.04 	0.01 	0.0 	0.01 	0.09 	0.01 	0.0 	0.04 	0.1 	0.04 	0.0 	0.0 	0.02 	
50 	0.02 	0.0 	0.02 	0.0 	0.02 	0.0 	0.0 	0.0 	0.0 	0.06 	0.02 	0.0 	0.0 	0.08 	0.0 	0.02 	0.06 	0.02 	0.38 	0.3 	
51 	0.0 	0.0 	0.0 	0.0 	0.0 	0.0 	0.0 	0.0 	0.0 	0.01 	0.19 	0.0 	0.01 	0.69 	0.0 	0.0 	0.0 	0.0 	0.04 	0.06 	
52 	0.09 	0.09 	0.04 	0.05 	0.0 	0.05 	0.04 	0.03 	0.05 	0.05 	0.15 	0.17 	0.04 	0.01 	0.02 	0.05 	0.01 	0.03 	0.02 	0.02 	
53 	0.04 	0.06 	0.0 	0.05 	0.0 	0.05 	0.08 	0.62 	0.01 	0.0 	0.02 	0.0 	0.0 	0.02 	0.0 	0.01 	0.04 	0.0 	0.01 	0.0 	
54 	0.15 	0.0 	0.0 	0.0 	0.0 	0.0 	0.0 	0.7 	0.0 	0.0 	0.0 	0.0 	0.0 	0.0 	0.0 	0.15 	0.0 	0.0 	0.0 	0.0 	
55 	0.12 	0.0 	0.0 	0.0 	0.0 	0.0 	0.0 	0.01 	0.0 	0.15 	0.09 	0.03 	0.03 	0.21 	0.0 	0.0 	0.04 	0.01 	0.01 	0.29 	
56 	0.0 	0.0 	0.0 	0.0 	0.0 	0.0 	0.0 	0.0 	0.0 	0.25 	0.01 	0.0 	0.0 	0.0 	0.0 	0.0 	0.03 	0.0 	0.0 	0.68 	
57 	0.23 	0.0 	0.0 	0.0 	0.07 	0.0 	0.0 	0.01 	0.0 	0.0 	0.05 	0.0 	0.0 	0.0 	0.0 	0.13 	0.41 	0.0 	0.0 	0.07 	
58 	0.01 	0.01 	0.01 	0.01 	0.0 	0.01 	0.01 	0.01 	0.0 	0.01 	0.01 	0.01 	0.0 	0.02 	0.01 	0.01 	0.05 	0.0 	0.83 	0.01 	
59 	0.16 	0.0 	0.04 	0.05 	0.01 	0.05 	0.01 	0.01 	0.02 	0.0 	0.01 	0.0 	0.0 	0.01 	0.0 	0.48 	0.09 	0.0 	0.01 	0.03 	
60 	0.03 	0.0 	0.69 	0.1 	0.0 	0.05 	0.03 	0.0 	0.0 	0.02 	0.01 	0.01 	0.02 	0.0 	0.0 	0.01 	0.02 	0.0 	0.0 	0.01 	
61 	0.1 	0.04 	0.01 	0.08 	0.01 	0.08 	0.4 	0.05 	0.05 	0.01 	0.01 	0.03 	0.0 	0.0 	0.04 	0.08 	0.02 	0.0 	0.0 	0.01 	
62 	0.37 	0.03 	0.0 	0.0 	0.0 	0.01 	0.03 	0.0 	0.0 	0.05 	0.08 	0.0 	0.09 	0.0 	0.05 	0.07 	0.03 	0.0 	0.0 	0.18 	
63 	0.01 	0.05 	0.0 	0.0 	0.0 	0.0 	0.0 	0.01 	0.0 	0.0 	0.05 	0.84 	0.0 	0.0 	0.0 	0.0 	0.0 	0.0 	0.0 	0.0 	
64 	0.06 	0.02 	0.02 	0.04 	0.0 	0.11 	0.12 	0.0 	0.03 	0.1 	0.06 	0.03 	0.07 	0.0 	0.0 	0.08 	0.1 	0.0 	0.0 	0.17 	
65 	0.09 	0.12 	0.11 	0.05 	0.0 	0.06 	0.11 	0.05 	0.02 	0.05 	0.02 	0.16 	0.0 	0.0 	0.0 	0.13 	0.02 	0.0 	0.0 	0.01 	
66 	0.02 	0.05 	0.01 	0.0 	0.0 	0.05 	0.02 	0.0 	0.02 	0.08 	0.39 	0.0 	0.07 	0.03 	0.0 	0.05 	0.05 	0.02 	0.01 	0.14 	
67 	0.02 	0.0 	0.0 	0.0 	0.0 	0.0 	0.0 	0.0 	0.0 	0.02 	0.95 	0.0 	0.0 	0.0 	0.0 	0.0 	0.0 	0.0 	0.0 	0.01 	
68 	0.01 	0.0 	0.09 	0.1 	0.0 	0.04 	0.02 	0.63 	0.02 	0.0 	0.0 	0.03 	0.0 	0.0 	0.0 	0.03 	0.01 	0.0 	0.0 	0.0 	
69 	0.0 	0.0 	0.0 	0.0 	0.01 	0.0 	0.0 	0.0 	0.0 	0.13 	0.11 	0.0 	0.0 	0.0 	0.0 	0.0 	0.0 	0.0 	0.0 	0.72 	
70 	0.04 	0.04 	0.08 	0.08 	0.0 	0.03 	0.01 	0.01 	0.0 	0.0 	0.01 	0.13 	0.0 	0.0 	0.28 	0.19 	0.09 	0.0 	0.0 	0.0 	
71 	0.12 	0.05 	0.01 	0.04 	0.0 	0.09 	0.2 	0.01 	0.02 	0.01 	0.04 	0.09 	0.01 	0.01 	0.21 	0.05 	0.02 	0.0 	0.0 	0.01 	
72 	0.09 	0.02 	0.04 	0.13 	0.0 	0.08 	0.37 	0.03 	0.01 	0.0 	0.02 	0.04 	0.0 	0.0 	0.02 	0.06 	0.01 	0.0 	0.0 	0.07 	
73 	0.02 	0.02 	0.01 	0.06 	0.0 	0.01 	0.06 	0.01 	0.0 	0.08 	0.2 	0.03 	0.02 	0.0 	0.0 	0.02 	0.38 	0.0 	0.0 	0.07 	
74 	0.01 	0.0 	0.0 	0.0 	0.0 	0.0 	0.0 	0.01 	0.0 	0.3 	0.6 	0.0 	0.01 	0.02 	0.0 	0.01 	0.0 	0.0 	0.0 	0.01 	
75 	0.13 	0.04 	0.04 	0.15 	0.0 	0.06 	0.28 	0.04 	0.03 	0.02 	0.01 	0.11 	0.01 	0.0 	0.0 	0.03 	0.04 	0.0 	0.0 	0.01 	
76 	0.12 	0.07 	0.05 	0.05 	0.01 	0.09 	0.2 	0.02 	0.01 	0.0 	0.05 	0.16 	0.0 	0.0 	0.0 	0.06 	0.08 	0.0 	0.0 	0.01 	
77 	0.03 	0.02 	0.01 	0.03 	0.01 	0.04 	0.05 	0.0 	0.31 	0.0 	0.01 	0.02 	0.0 	0.11 	0.0 	0.08 	0.01 	0.0 	0.22 	0.03 	
78 	0.0 	0.0 	0.0 	0.0 	0.0 	0.0 	0.0 	0.89 	0.0 	0.0 	0.0 	0.0 	0.0 	0.0 	0.0 	0.05 	0.03 	0.0 	0.0 	0.0 	
79 	0.67 	0.0 	0.0 	0.04 	0.0 	0.0 	0.01 	0.0 	0.01 	0.0 	0.04 	0.0 	0.0 	0.0 	0.0 	0.01 	0.01 	0.03 	0.0 	0.16 	
80 	0.0 	0.0 	0.04 	0.0 	0.0 	0.0 	0.0 	0.0 	0.0 	0.01 	0.04 	0.0 	0.0 	0.0 	0.0 	0.0 	0.0 	0.0 	0.0 	0.89 	
81 	0.0 	0.0 	0.0 	0.01 	0.0 	0.0 	0.0 	0.04 	0.0 	0.0 	0.0 	0.0 	0.0 	0.0 	0.0 	0.92 	0.0 	0.0 	0.0 	0.0 	
82 	0.13 	0.07 	0.0 	0.03 	0.0 	0.04 	0.5 	0.01 	0.02 	0.03 	0.0 	0.06 	0.01 	0.0 	0.05 	0.06 	0.01 	0.0 	0.0 	0.0 	
83 	0.09 	0.02 	0.02 	0.01 	0.0 	0.16 	0.43 	0.0 	0.0 	0.02 	0.0 	0.02 	0.0 	0.05 	0.16 	0.0 	0.01 	0.0 	0.01 	0.01 	
84 	0.05 	0.0 	0.0 	0.0 	0.16 	0.0 	0.0 	0.0 	0.0 	0.01 	0.04 	0.0 	0.0 	0.0 	0.0 	0.0 	0.26 	0.0 	0.0 	0.47 	
85 	0.74 	0.0 	0.0 	0.0 	0.02 	0.0 	0.0 	0.0 	0.0 	0.0 	0.0 	0.0 	0.0 	0.0 	0.0 	0.02 	0.0 	0.0 	0.0 	0.19 	
86 	0.08 	0.2 	0.0 	0.01 	0.01 	0.09 	0.18 	0.01 	0.0 	0.03 	0.05 	0.16 	0.03 	0.02 	0.0 	0.04 	0.01 	0.0 	0.02 	0.05 	
87 	0.29 	0.03 	0.0 	0.03 	0.0 	0.08 	0.39 	0.02 	0.0 	0.01 	0.02 	0.03 	0.02 	0.01 	0.0 	0.02 	0.01 	0.0 	0.01 	0.01 	
88 	0.0 	0.0 	0.0 	0.0 	0.0 	0.0 	0.0 	0.0 	0.0 	0.0 	0.18 	0.0 	0.79 	0.0 	0.0 	0.0 	0.0 	0.0 	0.0 	0.0 	
89 	0.92 	0.0 	0.0 	0.0 	0.0 	0.0 	0.0 	0.0 	0.0 	0.0 	0.01 	0.0 	0.0 	0.0 	0.0 	0.0 	0.03 	0.0 	0.0 	0.04 	
90 	0.12 	0.08 	0.0 	0.04 	0.0 	0.11 	0.31 	0.0 	0.01 	0.07 	0.08 	0.08 	0.0 	0.0 	0.0 	0.04 	0.03 	0.0 	0.01 	0.02 	
91 	0.03 	0.05 	0.1 	0.0 	0.03 	0.05 	0.01 	0.67 	0.01 	0.0 	0.03 	0.01 	0.0 	0.0 	0.0 	0.01 	0.0 	0.0 	0.0 	0.0 	
92 	0.31 	0.0 	0.0 	0.0 	0.05 	0.0 	0.0 	0.0 	0.0 	0.14 	0.05 	0.0 	0.03 	0.01 	0.0 	0.02 	0.06 	0.0 	0.0 	0.32 	
93 	0.07 	0.47 	0.0 	0.0 	0.02 	0.08 	0.0 	0.0 	0.0 	0.01 	0.14 	0.12 	0.02 	0.02 	0.0 	0.02 	0.01 	0.0 	0.0 	0.01 	
94 	0.03 	0.12 	0.03 	0.02 	0.0 	0.2 	0.21 	0.01 	0.02 	0.02 	0.02 	0.21 	0.0 	0.01 	0.0 	0.03 	0.02 	0.0 	0.01 	0.04 	
95 	0.09 	0.21 	0.01 	0.0 	0.0 	0.02 	0.04 	0.02 	0.05 	0.07 	0.21 	0.19 	0.01 	0.01 	0.0 	0.02 	0.03 	0.0 	0.0 	0.02 	
96 	0.15 	0.0 	0.0 	0.0 	0.04 	0.0 	0.0 	0.01 	0.0 	0.02 	0.36 	0.0 	0.02 	0.14 	0.0 	0.11 	0.12 	0.0 	0.02 	0.0 	
97 	0.05 	0.03 	0.13 	0.11 	0.0 	0.08 	0.05 	0.4 	0.03 	0.0 	0.01 	0.09 	0.0 	0.0 	0.0 	0.02 	0.01 	0.0 	0.0 	0.0 	
98 	0.37 	0.0 	0.0 	0.0 	0.01 	0.0 	0.0 	0.0 	0.0 	0.0 	0.0 	0.0 	0.0 	0.0 	0.0 	0.3 	0.24 	0.0 	0.0 	0.08 	
99 	0.01 	0.01 	0.07 	0.76 	0.0 	0.0 	0.05 	0.0 	0.01 	0.0 	0.0 	0.0 	0.0 	0.0 	0.0 	0.02 	0.07 	0.0 	0.0 	0.0 	
100 	0.0 	0.0 	0.0 	0.0 	0.05 	0.0 	0.0 	0.0 	0.0 	0.33 	0.12 	0.0 	0.01 	0.08 	0.0 	0.0 	0.03 	0.14 	0.1 	0.13 	
101 	0.32 	0.0 	0.0 	0.0 	0.03 	0.0 	0.0 	0.54 	0.0 	0.0 	0.0 	0.0 	0.0 	0.0 	0.0 	0.1 	0.02 	0.0 	0.0 	0.0 	
102 	0.01 	0.0 	0.0 	0.0 	0.0 	0.0 	0.0 	0.0 	0.0 	0.4 	0.36 	0.0 	0.01 	0.01 	0.0 	0.0 	0.01 	0.0 	0.0 	0.21 	
103 	0.44 	0.0 	0.0 	0.0 	0.0 	0.0 	0.0 	0.12 	0.0 	0.0 	0.0 	0.0 	0.0 	0.0 	0.0 	0.43 	0.0 	0.0 	0.0 	0.01 	
104 	0.01 	0.0 	0.0 	0.01 	0.02 	0.0 	0.0 	0.0 	0.0 	0.3 	0.06 	0.0 	0.0 	0.12 	0.0 	0.01 	0.22 	0.0 	0.0 	0.26 	
105 	0.0 	0.0 	0.0 	0.0 	0.0 	0.0 	0.0 	0.0 	0.0 	0.02 	0.03 	0.0 	0.0 	0.0 	0.0 	0.25 	0.68 	0.0 	0.0 	0.01 	
106 	0.06 	0.0 	0.0 	0.0 	0.0 	0.0 	0.0 	0.86 	0.0 	0.0 	0.0 	0.0 	0.0 	0.0 	0.0 	0.0 	0.0 	0.0 	0.0 	0.06 	
107 	0.01 	0.02 	0.02 	0.0 	0.0 	0.0 	0.05 	0.0 	0.0 	0.53 	0.04 	0.0 	0.0 	0.02 	0.0 	0.0 	0.02 	0.0 	0.03 	0.26 	
108 	0.87 	0.0 	0.0 	0.0 	0.0 	0.01 	0.0 	0.01 	0.0 	0.06 	0.0 	0.0 	0.0 	0.0 	0.0 	0.01 	0.05 	0.0 	0.0 	0.0 	
109 	0.0 	0.0 	0.0 	0.02 	0.0 	0.0 	0.0 	0.9 	0.0 	0.0 	0.0 	0.03 	0.0 	0.0 	0.03 	0.0 	0.0 	0.0 	0.0 	0.0 	
110 	0.0 	0.0 	0.0 	0.0 	0.0 	0.0 	0.05 	0.0 	0.0 	0.02 	0.0 	0.0 	0.0 	0.0 	0.88 	0.0 	0.0 	0.0 	0.0 	0.0 	
111 	0.02 	0.0 	0.04 	0.24 	0.0 	0.02 	0.1 	0.26 	0.0 	0.01 	0.01 	0.02 	0.0 	0.0 	0.0 	0.16 	0.1 	0.0 	0.0 	0.0 	
112 	0.08 	0.03 	0.04 	0.01 	0.0 	0.0 	0.03 	0.61 	0.0 	0.0 	0.02 	0.03 	0.01 	0.0 	0.03 	0.05 	0.02 	0.0 	0.0 	0.01 	
113 	0.04 	0.0 	0.01 	0.01 	0.0 	0.04 	0.02 	0.64 	0.01 	0.0 	0.11 	0.0 	0.0 	0.0 	0.03 	0.07 	0.0 	0.0 	0.0 	0.0 	
114 	0.01 	0.01 	0.01 	0.05 	0.01 	0.05 	0.15 	0.03 	0.0 	0.0 	0.01 	0.0 	0.0 	0.0 	0.0 	0.21 	0.44 	0.0 	0.0 	0.02 	
115 	0.1 	0.01 	0.01 	0.08 	0.0 	0.02 	0.25 	0.15 	0.05 	0.01 	0.04 	0.07 	0.0 	0.0 	0.14 	0.02 	0.01 	0.0 	0.01 	0.01 	
116 	0.04 	0.02 	0.06 	0.19 	0.0 	0.07 	0.33 	0.03 	0.07 	0.02 	0.02 	0.05 	0.0 	0.0 	0.01 	0.02 	0.07 	0.0 	0.01 	0.01 	
117 	0.04 	0.03 	0.06 	0.01 	0.0 	0.05 	0.08 	0.01 	0.01 	0.0 	0.01 	0.61 	0.0 	0.0 	0.01 	0.01 	0.02 	0.0 	0.04 	0.02 	
118 	0.03 	0.05 	0.0 	0.01 	0.0 	0.0 	0.02 	0.01 	0.0 	0.0 	0.01 	0.01 	0.0 	0.0 	0.75 	0.03 	0.0 	0.0 	0.0 	0.07 	
119 	0.14 	0.01 	0.04 	0.0 	0.0 	0.0 	0.0 	0.01 	0.0 	0.06 	0.07 	0.0 	0.0 	0.0 	0.0 	0.01 	0.01 	0.0 	0.0 	0.63 	
120 	0.04 	0.0 	0.0 	0.0 	0.0 	0.0 	0.03 	0.9 	0.0 	0.0 	0.0 	0.0 	0.0 	0.0 	0.0 	0.0 	0.0 	0.0 	0.0 	0.0 	
121 	0.0 	0.02 	0.01 	0.0 	0.0 	0.05 	0.0 	0.0 	0.01 	0.01 	0.33 	0.08 	0.04 	0.0 	0.0 	0.01 	0.44 	0.0 	0.0 	0.0 	
122 	0.05 	0.0 	0.0 	0.0 	0.01 	0.0 	0.0 	0.0 	0.01 	0.03 	0.05 	0.0 	0.01 	0.02 	0.0 	0.0 	0.0 	0.0 	0.0 	0.8 	
123 	0.06 	0.0 	0.01 	0.0 	0.12 	0.0 	0.01 	0.0 	0.07 	0.0 	0.0 	0.0 	0.0 	0.18 	0.0 	0.0 	0.0 	0.18 	0.37 	0.0 	
124 	0.02 	0.0 	0.0 	0.0 	0.01 	0.0 	0.0 	0.0 	0.0 	0.49 	0.16 	0.0 	0.01 	0.14 	0.0 	0.0 	0.03 	0.01 	0.01 	0.12 	
125 	0.37 	0.0 	0.0 	0.02 	0.05 	0.0 	0.0 	0.43 	0.0 	0.0 	0.0 	0.0 	0.0 	0.01 	0.0 	0.06 	0.05 	0.0 	0.0 	0.01 	
126 	0.02 	0.0 	0.0 	0.0 	0.01 	0.0 	0.0 	0.0 	0.0 	0.27 	0.44 	0.0 	0.0 	0.03 	0.0 	0.01 	0.01 	0.03 	0.02 	0.16 	
127 	0.51 	0.01 	0.0 	0.04 	0.02 	0.0 	0.0 	0.04 	0.02 	0.02 	0.02 	0.03 	0.01 	0.01 	0.0 	0.14 	0.02 	0.0 	0.05 	0.07 	
128 	0.05 	0.02 	0.0 	0.09 	0.01 	0.02 	0.02 	0.18 	0.02 	0.1 	0.04 	0.01 	0.01 	0.02 	0.0 	0.1 	0.21 	0.0 	0.03 	0.07 	
129 	0.07 	0.13 	0.03 	0.01 	0.0 	0.04 	0.09 	0.06 	0.03 	0.01 	0.01 	0.17 	0.0 	0.0 	0.29 	0.05 	0.01 	0.0 	0.01 	0.0 	
130 	0.05 	0.01 	0.21 	0.18 	0.0 	0.06 	0.07 	0.2 	0.02 	0.0 	0.02 	0.05 	0.0 	0.0 	0.01 	0.07 	0.04 	0.0 	0.0 	0.0 	
131 	0.05 	0.03 	0.09 	0.04 	0.0 	0.03 	0.14 	0.44 	0.02 	0.0 	0.02 	0.04 	0.0 	0.01 	0.0 	0.01 	0.06 	0.0 	0.0 	0.01 	
132 	0.03 	0.06 	0.04 	0.02 	0.06 	0.06 	0.1 	0.02 	0.04 	0.05 	0.04 	0.1 	0.01 	0.02 	0.04 	0.08 	0.09 	0.0 	0.01 	0.11 	
133 	0.04 	0.05 	0.02 	0.02 	0.02 	0.03 	0.09 	0.01 	0.02 	0.11 	0.05 	0.07 	0.0 	0.02 	0.04 	0.04 	0.13 	0.01 	0.03 	0.21 	
134 	0.07 	0.02 	0.0 	0.01 	0.01 	0.0 	0.1 	0.01 	0.01 	0.02 	0.07 	0.04 	0.01 	0.02 	0.01 	0.07 	0.25 	0.0 	0.07 	0.23 	
135 	0.09 	0.11 	0.03 	0.02 	0.0 	0.06 	0.03 	0.01 	0.06 	0.02 	0.05 	0.05 	0.01 	0.05 	0.0 	0.12 	0.08 	0.03 	0.01 	0.17 	
136 	0.09 	0.06 	0.0 	0.01 	0.01 	0.04 	0.1 	0.01 	0.1 	0.06 	0.03 	0.19 	0.0 	0.07 	0.01 	0.03 	0.1 	0.0 	0.05 	0.05 	
137 	0.02 	0.1 	0.02 	0.03 	0.01 	0.07 	0.23 	0.0 	0.04 	0.01 	0.11 	0.11 	0.05 	0.03 	0.01 	0.04 	0.04 	0.01 	0.04 	0.05 	
138 	0.01 	0.11 	0.09 	0.0 	0.03 	0.1 	0.02 	0.0 	0.05 	0.08 	0.17 	0.03 	0.02 	0.09 	0.0 	0.02 	0.07 	0.0 	0.04 	0.08 	
139 	0.01 	0.12 	0.07 	0.03 	0.01 	0.04 	0.01 	0.01 	0.03 	0.03 	0.17 	0.04 	0.01 	0.22 	0.01 	0.05 	0.03 	0.05 	0.03 	0.03 	
140 	0.03 	0.03 	0.01 	0.0 	0.0 	0.03 	0.01 	0.05 	0.05 	0.05 	0.18 	0.03 	0.02 	0.19 	0.07 	0.09 	0.06 	0.01 	0.07 	0.02 	
141 	0.09 	0.0 	0.04 	0.01 	0.0 	0.0 	0.01 	0.44 	0.0 	0.0 	0.04 	0.0 	0.03 	0.04 	0.13 	0.13 	0.01 	0.01 	0.01 	0.02 	
142 	0.03 	0.07 	0.06 	0.24 	0.0 	0.05 	0.04 	0.21 	0.05 	0.01 	0.01 	0.05 	0.0 	0.01 	0.04 	0.05 	0.05 	0.01 	0.01 	0.01 	
143 	0.05 	0.27 	0.03 	0.05 	0.01 	0.03 	0.03 	0.14 	0.01 	0.03 	0.04 	0.03 	0.01 	0.03 	0.08 	0.02 	0.05 	0.0 	0.05 	0.03 	
144 	0.04 	0.03 	0.15 	0.16 	0.0 	0.02 	0.04 	0.13 	0.06 	0.01 	0.02 	0.02 	0.01 	0.01 	0.03 	0.19 	0.05 	0.0 	0.01 	0.03 	
145 	0.01 	0.86 	0.0 	0.0 	0.0 	0.04 	0.01 	0.0 	0.0 	0.0 	0.01 	0.0 	0.0 	0.0 	0.0 	0.0 	0.0 	0.03 	0.0 	0.0 	
146 	0.02 	0.02 	0.16 	0.14 	0.0 	0.14 	0.2 	0.01 	0.01 	0.04 	0.06 	0.03 	0.0 	0.01 	0.0 	0.1 	0.04 	0.0 	0.0 	0.02 	
147 	0.09 	0.07 	0.05 	0.13 	0.0 	0.12 	0.1 	0.02 	0.02 	0.01 	0.07 	0.09 	0.04 	0.01 	0.0 	0.04 	0.02 	0.05 	0.05 	0.01 	
148 	0.0 	0.01 	0.1 	0.0 	0.0 	0.0 	0.02 	0.0 	0.0 	0.53 	0.04 	0.0 	0.01 	0.03 	0.0 	0.0 	0.01 	0.0 	0.0 	0.26 	
149 	0.0 	0.75 	0.0 	0.0 	0.0 	0.09 	0.0 	0.0 	0.0 	0.03 	0.0 	0.09 	0.0 	0.0 	0.0 	0.0 	0.0 	0.0 	0.0 	0.02 	
150 	0.01 	0.1 	0.04 	0.02 	0.0 	0.14 	0.23 	0.01 	0.04 	0.03 	0.1 	0.09 	0.01 	0.01 	0.0 	0.04 	0.08 	0.01 	0.05 	0.01 	
151 	0.02 	0.37 	0.01 	0.04 	0.0 	0.04 	0.0 	0.03 	0.0 	0.06 	0.25 	0.04 	0.02 	0.04 	0.0 	0.01 	0.0 	0.01 	0.02 	0.03 	
152 	0.34 	0.0 	0.0 	0.0 	0.0 	0.0 	0.0 	0.01 	0.0 	0.01 	0.0 	0.0 	0.0 	0.08 	0.0 	0.32 	0.15 	0.0 	0.0 	0.07 	
153 	0.23 	0.0 	0.0 	0.0 	0.05 	0.0 	0.0 	0.03 	0.0 	0.07 	0.01 	0.0 	0.02 	0.0 	0.0 	0.14 	0.18 	0.0 	0.0 	0.27 	
154 	0.05 	0.01 	0.13 	0.0 	0.03 	0.12 	0.03 	0.02 	0.01 	0.05 	0.13 	0.1 	0.08 	0.05 	0.0 	0.03 	0.06 	0.0 	0.03 	0.05 	
155 	0.12 	0.08 	0.06 	0.03 	0.0 	0.07 	0.02 	0.0 	0.08 	0.03 	0.01 	0.04 	0.04 	0.04 	0.0 	0.03 	0.12 	0.02 	0.08 	0.14 	
156 	0.69 	0.0 	0.0 	0.0 	0.03 	0.0 	0.0 	0.16 	0.0 	0.02 	0.01 	0.0 	0.0 	0.0 	0.0 	0.04 	0.02 	0.0 	0.0 	0.03 	
157 	0.03 	0.0 	0.0 	0.0 	0.04 	0.0 	0.0 	0.0 	0.0 	0.02 	0.67 	0.0 	0.06 	0.11 	0.0 	0.0 	0.0 	0.03 	0.03 	0.0 	
158 	0.04 	0.06 	0.13 	0.39 	0.0 	0.06 	0.12 	0.0 	0.07 	0.0 	0.01 	0.01 	0.01 	0.03 	0.0 	0.01 	0.0 	0.01 	0.06 	0.0 	
159 	0.0 	0.04 	0.04 	0.01 	0.0 	0.03 	0.04 	0.02 	0.03 	0.05 	0.36 	0.0 	0.17 	0.09 	0.0 	0.05 	0.01 	0.05 	0.03 	0.01 	
160 	0.0 	0.0 	0.0 	0.0 	0.0 	0.0 	0.0 	0.0 	0.0 	0.16 	0.7 	0.0 	0.01 	0.02 	0.0 	0.0 	0.0 	0.0 	0.0 	0.12 	
161 	0.0 	0.16 	0.02 	0.0 	0.0 	0.04 	0.0 	0.0 	0.05 	0.04 	0.4 	0.04 	0.04 	0.01 	0.0 	0.0 	0.0 	0.1 	0.09 	0.01 	
162 	0.16 	0.11 	0.03 	0.04 	0.0 	0.27 	0.07 	0.0 	0.0 	0.0 	0.02 	0.25 	0.0 	0.0 	0.0 	0.0 	0.0 	0.0 	0.03 	0.0 	
163 	0.08 	0.0 	0.0 	0.0 	0.0 	0.0 	0.03 	0.0 	0.0 	0.03 	0.66 	0.0 	0.11 	0.0 	0.0 	0.0 	0.0 	0.0 	0.06 	0.04 	
164 	0.0 	0.24 	0.15 	0.0 	0.0 	0.0 	0.1 	0.0 	0.0 	0.0 	0.32 	0.09 	0.05 	0.0 	0.0 	0.0 	0.0 	0.0 	0.0 	0.05 	
165 	0.05 	0.31 	0.0 	0.0 	0.0 	0.15 	0.37 	0.0 	0.0 	0.0 	0.0 	0.12 	0.0 	0.0 	0.0 	0.0 	0.0 	0.0 	0.0 	0.0 	
166 	0.41 	0.09 	0.0 	0.09 	0.0 	0.0 	0.0 	0.0 	0.0 	0.0 	0.0 	0.0 	0.0 	0.0 	0.06 	0.35 	0.0 	0.0 	0.0 	0.0 	
167 	0.0 	0.0 	0.0 	0.0 	0.0 	0.0 	0.0 	1.0 	0.0 	0.0 	0.0 	0.0 	0.0 	0.0 	0.0 	0.0 	0.0 	0.0 	0.0 	0.0 	
