	A 	R 	N 	D 	C 	Q 	E 	G 	H 	I 	L 	K 	M 	F 	P 	S 	T 	W 	Y 	V 	
1 	0.0 	0.0 	0.0 	0.0 	0.0 	0.0 	0.0 	0.0 	0.0 	0.0 	0.33 	0.0 	0.67 	0.0 	0.0 	0.0 	0.0 	0.0 	0.0 	0.0 	
2 	0.0 	0.0 	0.08 	0.0 	0.05 	0.0 	0.0 	0.0 	0.0 	0.24 	0.17 	0.0 	0.0 	0.27 	0.0 	0.0 	0.0 	0.0 	0.0 	0.19 	
3 	0.0 	0.0 	0.0 	0.0 	1.0 	0.0 	0.0 	0.0 	0.0 	0.0 	0.0 	0.0 	0.0 	0.0 	0.0 	0.0 	0.0 	0.0 	0.0 	0.0 	
4 	0.29 	0.0 	0.04 	0.0 	0.0 	0.0 	0.0 	0.08 	0.0 	0.0 	0.07 	0.0 	0.0 	0.0 	0.25 	0.27 	0.0 	0.0 	0.0 	0.0 	
5 	0.04 	0.0 	0.0 	0.0 	0.0 	0.0 	0.0 	0.0 	0.0 	0.57 	0.39 	0.0 	0.0 	0.0 	0.0 	0.0 	0.0 	0.0 	0.0 	0.0 	
6 	0.0 	0.0 	0.0 	0.0 	0.0 	0.0 	0.0 	0.0 	0.0 	0.0 	0.08 	0.0 	0.0 	0.0 	0.0 	0.75 	0.17 	0.0 	0.0 	0.0 	
7 	0.0 	0.0 	0.04 	0.0 	0.0 	0.0 	0.0 	0.33 	0.04 	0.07 	0.31 	0.12 	0.0 	0.09 	0.0 	0.0 	0.0 	0.0 	0.0 	0.0 	
8 	0.0 	0.0 	0.0 	0.12 	0.0 	0.32 	0.38 	0.0 	0.0 	0.0 	0.08 	0.06 	0.0 	0.0 	0.0 	0.04 	0.0 	0.0 	0.0 	0.0 	
9 	0.0 	0.0 	0.0 	0.0 	0.0 	0.0 	0.0 	0.0 	0.0 	0.16 	0.08 	0.0 	0.0 	0.0 	0.28 	0.0 	0.16 	0.0 	0.0 	0.31 	
10 	0.01 	0.0 	0.0 	0.0 	0.0 	0.0 	0.0 	0.01 	0.0 	0.0 	0.01 	0.0 	0.24 	0.36 	0.24 	0.01 	0.09 	0.0 	0.0 	0.0 	
11 	0.03 	0.13 	0.09 	0.04 	0.04 	0.0 	0.36 	0.01 	0.0 	0.0 	0.01 	0.22 	0.0 	0.0 	0.0 	0.03 	0.0 	0.0 	0.0 	0.03 	
12 	0.01 	0.06 	0.08 	0.29 	0.0 	0.0 	0.29 	0.01 	0.23 	0.0 	0.01 	0.0 	0.0 	0.0 	0.0 	0.0 	0.0 	0.0 	0.0 	0.0 	
13 	0.0 	0.0 	0.0 	0.0 	0.0 	0.0 	0.0 	0.0 	0.0 	0.0 	0.0 	0.0 	0.0 	0.0 	1.0 	0.0 	0.0 	0.0 	0.0 	0.0 	
14 	0.0 	0.0 	0.0 	0.0 	0.23 	0.0 	0.0 	0.0 	0.0 	0.0 	0.0 	0.0 	0.0 	0.0 	0.0 	0.0 	0.07 	0.0 	0.0 	0.7 	
15 	0.07 	0.0 	0.0 	0.0 	0.27 	0.0 	0.0 	0.01 	0.0 	0.18 	0.06 	0.0 	0.0 	0.0 	0.0 	0.01 	0.0 	0.0 	0.0 	0.35 	
16 	0.18 	0.0 	0.0 	0.0 	0.07 	0.0 	0.06 	0.0 	0.0 	0.0 	0.07 	0.0 	0.0 	0.0 	0.0 	0.34 	0.25 	0.0 	0.0 	0.0 	
17 	0.01 	0.08 	0.0 	0.01 	0.0 	0.07 	0.01 	0.01 	0.0 	0.01 	0.05 	0.14 	0.0 	0.0 	0.31 	0.09 	0.19 	0.0 	0.0 	0.01 	
18 	0.09 	0.08 	0.01 	0.01 	0.01 	0.01 	0.06 	0.02 	0.01 	0.05 	0.02 	0.35 	0.01 	0.01 	0.01 	0.02 	0.02 	0.0 	0.01 	0.21 	
19 	0.0 	0.0 	0.0 	0.25 	0.0 	0.05 	0.0 	0.0 	0.0 	0.0 	0.0 	0.0 	0.0 	0.0 	0.0 	0.62 	0.08 	0.0 	0.0 	0.0 	
20 	0.05 	0.05 	0.03 	0.0 	0.0 	0.0 	0.0 	0.8 	0.0 	0.0 	0.0 	0.07 	0.0 	0.0 	0.0 	0.0 	0.0 	0.0 	0.0 	0.0 	
21 	0.0 	0.0 	0.08 	0.0 	0.0 	0.04 	0.03 	0.0 	0.07 	0.21 	0.09 	0.0 	0.0 	0.04 	0.0 	0.11 	0.15 	0.0 	0.15 	0.03 	
22 	0.0 	0.0 	0.0 	0.0 	0.0 	0.0 	0.0 	0.0 	0.0 	0.3 	0.09 	0.0 	0.0 	0.0 	0.0 	0.06 	0.28 	0.0 	0.0 	0.27 	
23 	0.0 	0.0 	0.0 	0.0 	0.0 	0.0 	0.0 	0.0 	0.0 	0.06 	0.0 	0.0 	0.0 	0.44 	0.0 	0.0 	0.0 	0.0 	0.43 	0.07 	
24 	0.0 	0.0 	0.0 	0.44 	0.05 	0.0 	0.44 	0.0 	0.0 	0.0 	0.0 	0.07 	0.0 	0.0 	0.0 	0.0 	0.0 	0.0 	0.0 	0.0 	
25 	0.0 	0.39 	0.0 	0.0 	0.0 	0.0 	0.0 	0.0 	0.0 	0.04 	0.13 	0.24 	0.0 	0.05 	0.0 	0.0 	0.0 	0.05 	0.07 	0.03 	
26 	0.03 	0.36 	0.0 	0.07 	0.0 	0.03 	0.03 	0.0 	0.03 	0.0 	0.0 	0.12 	0.03 	0.0 	0.0 	0.15 	0.14 	0.0 	0.0 	0.0 	
27 	0.21 	0.0 	0.13 	0.03 	0.05 	0.0 	0.0 	0.0 	0.0 	0.0 	0.29 	0.0 	0.0 	0.05 	0.0 	0.04 	0.1 	0.0 	0.0 	0.11 	
28 	0.0 	0.0 	0.0 	0.0 	0.0 	0.0 	0.0 	0.0 	0.0 	0.84 	0.05 	0.0 	0.0 	0.0 	0.0 	0.0 	0.0 	0.0 	0.0 	0.11 	
29 	0.0 	0.0 	0.0 	0.0 	0.0 	0.07 	0.39 	0.03 	0.0 	0.03 	0.14 	0.1 	0.0 	0.0 	0.0 	0.0 	0.0 	0.0 	0.0 	0.24 	
30 	0.06 	0.05 	0.0 	0.0 	0.0 	0.09 	0.21 	0.0 	0.0 	0.0 	0.0 	0.26 	0.0 	0.0 	0.21 	0.08 	0.03 	0.0 	0.0 	0.0 	
31 	0.0 	0.0 	0.0 	0.0 	0.0 	0.0 	0.0 	0.0 	0.23 	0.0 	0.07 	0.0 	0.0 	0.04 	0.0 	0.0 	0.0 	0.36 	0.25 	0.04 	
32 	0.0 	0.0 	0.0 	0.0 	0.0 	0.0 	0.0 	0.0 	0.0 	0.45 	0.38 	0.0 	0.08 	0.04 	0.0 	0.0 	0.0 	0.0 	0.0 	0.05 	
33 	0.07 	0.17 	0.0 	0.04 	0.0 	0.07 	0.17 	0.0 	0.0 	0.0 	0.06 	0.36 	0.0 	0.0 	0.0 	0.05 	0.0 	0.0 	0.0 	0.0 	
34 	0.0 	0.03 	0.07 	0.14 	0.0 	0.0 	0.19 	0.07 	0.0 	0.0 	0.0 	0.35 	0.0 	0.0 	0.0 	0.06 	0.08 	0.0 	0.0 	0.0 	
35 	0.0 	0.0 	0.19 	0.14 	0.0 	0.0 	0.0 	0.0 	0.32 	0.0 	0.0 	0.04 	0.0 	0.04 	0.0 	0.0 	0.09 	0.0 	0.09 	0.1 	
36 	0.06 	0.03 	0.03 	0.0 	0.0 	0.0 	0.0 	0.64 	0.04 	0.0 	0.0 	0.03 	0.0 	0.0 	0.03 	0.08 	0.04 	0.0 	0.0 	0.0 	
37 	0.0 	0.0 	0.05 	0.0 	0.0 	0.0 	0.0 	0.0 	0.03 	0.07 	0.0 	0.33 	0.0 	0.0 	0.0 	0.03 	0.48 	0.0 	0.0 	0.0 	
38 	0.0 	0.0 	0.21 	0.36 	0.21 	0.0 	0.04 	0.0 	0.04 	0.0 	0.0 	0.0 	0.0 	0.0 	0.0 	0.15 	0.0 	0.0 	0.0 	0.0 	
39 	0.0 	0.0 	0.0 	0.0 	0.0 	0.0 	0.0 	0.0 	0.0 	0.0 	0.0 	0.0 	0.0 	0.0 	1.0 	0.0 	0.0 	0.0 	0.0 	0.0 	
40 	0.0 	0.0 	0.0 	0.0 	0.03 	0.0 	0.0 	0.0 	0.0 	0.28 	0.0 	0.0 	0.11 	0.06 	0.0 	0.0 	0.04 	0.0 	0.0 	0.47 	
41 	0.0 	0.0 	0.21 	0.06 	0.0 	0.0 	0.0 	0.0 	0.0 	0.0 	0.0 	0.0 	0.0 	0.0 	0.0 	0.04 	0.68 	0.0 	0.0 	0.0 	
42 	0.0 	0.17 	0.15 	0.07 	0.0 	0.04 	0.0 	0.42 	0.09 	0.0 	0.0 	0.06 	0.0 	0.0 	0.0 	0.0 	0.0 	0.0 	0.0 	0.0 	
43 	0.04 	0.0 	0.0 	0.0 	0.0 	0.19 	0.39 	0.04 	0.0 	0.0 	0.04 	0.03 	0.0 	0.0 	0.0 	0.12 	0.11 	0.0 	0.05 	0.0 	
44 	0.0 	0.0 	0.0 	0.0 	0.0 	0.0 	0.12 	0.0 	0.0 	0.0 	0.0 	0.15 	0.0 	0.0 	0.74 	0.0 	0.0 	0.0 	0.0 	0.0 	
45 	0.05 	0.0 	0.0 	0.0 	0.04 	0.0 	0.0 	0.0 	0.03 	0.12 	0.65 	0.0 	0.07 	0.04 	0.0 	0.0 	0.0 	0.0 	0.0 	0.0 	
46 	0.0 	0.0 	0.0 	0.03 	0.0 	0.03 	0.03 	0.04 	0.03 	0.0 	0.0 	0.1 	0.0 	0.0 	0.07 	0.4 	0.22 	0.0 	0.0 	0.03 	
47 	0.07 	0.0 	0.07 	0.0 	0.0 	0.04 	0.15 	0.07 	0.0 	0.08 	0.27 	0.0 	0.08 	0.0 	0.04 	0.1 	0.03 	0.0 	0.0 	0.0 	
48 	0.04 	0.0 	0.0 	0.43 	0.0 	0.0 	0.17 	0.0 	0.0 	0.0 	0.0 	0.14 	0.0 	0.0 	0.0 	0.17 	0.0 	0.0 	0.0 	0.04 	
49 	0.0 	0.0 	0.16 	0.61 	0.0 	0.12 	0.06 	0.0 	0.0 	0.0 	0.0 	0.0 	0.0 	0.0 	0.0 	0.05 	0.0 	0.0 	0.0 	0.0 	
50 	0.0 	0.0 	0.0 	0.0 	0.0 	0.0 	0.0 	0.0 	0.0 	0.23 	0.7 	0.0 	0.0 	0.0 	0.0 	0.0 	0.0 	0.0 	0.0 	0.07 	
51 	0.0 	0.0 	0.0 	0.0 	0.0 	0.0 	0.0 	0.0 	0.0 	0.46 	0.13 	0.0 	0.0 	0.0 	0.0 	0.0 	0.07 	0.0 	0.0 	0.34 	
52 	0.04 	0.05 	0.0 	0.03 	0.0 	0.0 	0.13 	0.0 	0.04 	0.0 	0.0 	0.19 	0.0 	0.0 	0.43 	0.05 	0.05 	0.0 	0.0 	0.0 	
53 	0.0 	0.0 	0.0 	0.0 	0.0 	0.0 	0.0 	0.0 	0.0 	0.29 	0.53 	0.0 	0.0 	0.0 	0.0 	0.0 	0.0 	0.0 	0.0 	0.18 	
54 	0.0 	0.0 	0.0 	0.0 	0.0 	0.0 	0.0 	0.0 	0.0 	0.35 	0.0 	0.0 	0.0 	0.0 	0.0 	0.0 	0.0 	0.0 	0.0 	0.65 	
55 	0.0 	0.0 	0.0 	0.0 	0.0 	0.0 	0.0 	0.0 	0.0 	0.0 	0.0 	0.0 	0.0 	0.0 	1.0 	0.0 	0.0 	0.0 	0.0 	0.0 	
56 	0.0 	0.0 	0.0 	0.0 	0.0 	0.0 	0.0 	0.0 	0.0 	0.0 	0.0 	0.0 	0.0 	0.0 	0.0 	0.0 	0.0 	0.0 	0.0 	0.0 	
