	A 	R 	N 	D 	C 	Q 	E 	G 	H 	I 	L 	K 	M 	F 	P 	S 	T 	W 	Y 	V 	
1 	0.73 	0.0 	0.0 	0.0 	0.0 	0.0 	0.0 	0.0 	0.0 	0.0 	0.0 	0.0 	0.0 	0.0 	0.0 	0.27 	0.0 	0.0 	0.0 	0.0 	
2 	0.0 	0.0 	0.0 	0.0 	0.0 	0.0 	0.0 	0.0 	0.0 	0.0 	0.64 	0.0 	0.0 	0.27 	0.0 	0.0 	0.0 	0.0 	0.09 	0.0 	
3 	0.02 	0.0 	0.02 	0.26 	0.0 	0.0 	0.0 	0.17 	0.0 	0.0 	0.0 	0.0 	0.0 	0.0 	0.0 	0.01 	0.52 	0.0 	0.0 	0.0 	
4 	0.0 	0.0 	0.0 	0.0 	0.0 	0.0 	0.0 	0.0 	0.0 	0.0 	0.0 	0.0 	0.0 	0.5 	0.0 	0.0 	0.0 	0.04 	0.45 	0.0 	
5 	0.0 	0.01 	0.16 	0.38 	0.0 	0.0 	0.23 	0.02 	0.0 	0.0 	0.0 	0.21 	0.0 	0.0 	0.0 	0.0 	0.0 	0.0 	0.0 	0.0 	
6 	0.0 	0.0 	0.07 	0.89 	0.0 	0.0 	0.04 	0.0 	0.0 	0.0 	0.0 	0.0 	0.0 	0.0 	0.0 	0.0 	0.0 	0.0 	0.0 	0.0 	
7 	0.0 	0.0 	0.0 	0.0 	0.0 	0.0 	0.0 	0.0 	0.0 	0.19 	0.11 	0.0 	0.0 	0.07 	0.0 	0.0 	0.0 	0.0 	0.02 	0.61 	
8 	0.0 	0.04 	0.0 	0.0 	0.0 	0.16 	0.0 	0.0 	0.0 	0.1 	0.44 	0.0 	0.06 	0.03 	0.0 	0.01 	0.04 	0.0 	0.02 	0.09 	
9 	0.0 	0.0 	0.0 	0.0 	0.0 	0.0 	0.0 	0.0 	0.0 	0.19 	0.53 	0.0 	0.03 	0.08 	0.0 	0.0 	0.12 	0.0 	0.0 	0.05 	
10 	0.09 	0.19 	0.0 	0.0 	0.0 	0.03 	0.0 	0.03 	0.0 	0.23 	0.17 	0.0 	0.01 	0.0 	0.0 	0.0 	0.01 	0.0 	0.0 	0.24 	
11 	0.0 	0.02 	0.0 	0.01 	0.0 	0.01 	0.0 	0.0 	0.08 	0.0 	0.0 	0.02 	0.0 	0.0 	0.85 	0.01 	0.0 	0.0 	0.0 	0.0 	
12 	0.2 	0.13 	0.14 	0.0 	0.0 	0.03 	0.07 	0.1 	0.04 	0.0 	0.0 	0.22 	0.0 	0.0 	0.01 	0.04 	0.0 	0.0 	0.0 	0.02 	
13 	0.1 	0.23 	0.04 	0.0 	0.0 	0.01 	0.06 	0.1 	0.03 	0.0 	0.04 	0.26 	0.01 	0.02 	0.01 	0.01 	0.0 	0.0 	0.07 	0.0 	
14 	0.01 	0.04 	0.0 	0.0 	0.19 	0.0 	0.01 	0.01 	0.01 	0.11 	0.04 	0.0 	0.02 	0.0 	0.0 	0.37 	0.12 	0.0 	0.0 	0.06 	
15 	0.0 	0.06 	0.02 	0.1 	0.0 	0.0 	0.09 	0.0 	0.01 	0.15 	0.02 	0.0 	0.0 	0.0 	0.11 	0.05 	0.33 	0.01 	0.0 	0.05 	
16 	0.0 	0.0 	0.0 	0.01 	0.0 	0.04 	0.04 	0.01 	0.0 	0.11 	0.27 	0.0 	0.0 	0.05 	0.0 	0.0 	0.0 	0.0 	0.0 	0.44 	
17 	0.07 	0.07 	0.05 	0.1 	0.0 	0.01 	0.14 	0.01 	0.01 	0.06 	0.1 	0.23 	0.01 	0.02 	0.01 	0.03 	0.03 	0.0 	0.0 	0.06 	
18 	0.0 	0.0 	0.0 	0.05 	0.02 	0.0 	0.15 	0.01 	0.04 	0.0 	0.0 	0.0 	0.0 	0.01 	0.21 	0.48 	0.04 	0.0 	0.0 	0.0 	
19 	0.19 	0.45 	0.01 	0.02 	0.0 	0.01 	0.01 	0.02 	0.0 	0.01 	0.02 	0.04 	0.04 	0.05 	0.03 	0.06 	0.01 	0.0 	0.01 	0.02 	
20 	0.08 	0.01 	0.15 	0.06 	0.0 	0.0 	0.06 	0.0 	0.0 	0.01 	0.02 	0.13 	0.0 	0.03 	0.0 	0.41 	0.01 	0.0 	0.01 	0.0 	
21 	0.03 	0.0 	0.04 	0.22 	0.0 	0.08 	0.48 	0.01 	0.0 	0.0 	0.0 	0.02 	0.0 	0.0 	0.04 	0.01 	0.03 	0.0 	0.0 	0.0 	
22 	0.1 	0.0 	0.0 	0.0 	0.15 	0.0 	0.0 	0.0 	0.0 	0.24 	0.01 	0.0 	0.0 	0.0 	0.0 	0.0 	0.01 	0.0 	0.0 	0.46 	
23 	0.02 	0.01 	0.09 	0.5 	0.0 	0.02 	0.09 	0.01 	0.0 	0.01 	0.02 	0.02 	0.02 	0.01 	0.01 	0.12 	0.03 	0.0 	0.01 	0.03 	
24 	0.05 	0.01 	0.01 	0.01 	0.0 	0.01 	0.01 	0.02 	0.0 	0.02 	0.42 	0.02 	0.0 	0.01 	0.02 	0.01 	0.3 	0.0 	0.0 	0.06 	
25 	0.07 	0.01 	0.01 	0.05 	0.0 	0.04 	0.12 	0.05 	0.01 	0.01 	0.01 	0.03 	0.01 	0.01 	0.01 	0.38 	0.15 	0.0 	0.0 	0.02 	
26 	0.04 	0.17 	0.01 	0.01 	0.0 	0.01 	0.03 	0.01 	0.0 	0.02 	0.01 	0.02 	0.0 	0.01 	0.01 	0.03 	0.24 	0.04 	0.0 	0.34 	
27 	0.09 	0.05 	0.02 	0.12 	0.02 	0.17 	0.13 	0.01 	0.01 	0.02 	0.02 	0.14 	0.0 	0.01 	0.02 	0.06 	0.07 	0.0 	0.02 	0.01 	
28 	0.01 	0.01 	0.03 	0.04 	0.0 	0.01 	0.01 	0.01 	0.0 	0.06 	0.35 	0.01 	0.04 	0.36 	0.01 	0.01 	0.01 	0.0 	0.02 	0.01 	
29 	0.04 	0.03 	0.01 	0.07 	0.0 	0.03 	0.02 	0.3 	0.0 	0.02 	0.12 	0.03 	0.0 	0.01 	0.01 	0.07 	0.2 	0.0 	0.01 	0.03 	
30 	0.06 	0.02 	0.04 	0.01 	0.0 	0.03 	0.04 	0.17 	0.01 	0.01 	0.12 	0.07 	0.02 	0.17 	0.09 	0.04 	0.06 	0.0 	0.01 	0.04 	
31 	0.02 	0.31 	0.01 	0.01 	0.0 	0.04 	0.02 	0.04 	0.06 	0.01 	0.09 	0.25 	0.01 	0.01 	0.01 	0.02 	0.01 	0.0 	0.06 	0.01 	
32 	0.02 	0.16 	0.08 	0.01 	0.0 	0.06 	0.02 	0.01 	0.1 	0.02 	0.13 	0.06 	0.0 	0.01 	0.01 	0.14 	0.11 	0.0 	0.02 	0.03 	
33 	0.04 	0.01 	0.01 	0.01 	0.02 	0.05 	0.02 	0.02 	0.03 	0.01 	0.09 	0.03 	0.01 	0.29 	0.01 	0.25 	0.08 	0.0 	0.01 	0.02 	
34 	0.02 	0.18 	0.04 	0.01 	0.0 	0.04 	0.03 	0.08 	0.0 	0.01 	0.01 	0.48 	0.0 	0.01 	0.01 	0.03 	0.04 	0.0 	0.0 	0.01 	
35 	0.07 	0.09 	0.14 	0.03 	0.01 	0.06 	0.04 	0.04 	0.06 	0.02 	0.03 	0.13 	0.01 	0.01 	0.02 	0.07 	0.06 	0.01 	0.06 	0.02 	
36 	0.03 	0.1 	0.02 	0.02 	0.01 	0.06 	0.03 	0.03 	0.01 	0.19 	0.06 	0.14 	0.02 	0.02 	0.06 	0.07 	0.07 	0.01 	0.01 	0.04 	
37 	0.03 	0.07 	0.04 	0.02 	0.01 	0.02 	0.05 	0.06 	0.03 	0.14 	0.05 	0.06 	0.01 	0.06 	0.04 	0.05 	0.06 	0.12 	0.07 	0.04 	
38 	0.02 	0.02 	0.01 	0.04 	0.01 	0.02 	0.11 	0.16 	0.01 	0.02 	0.26 	0.02 	0.02 	0.02 	0.02 	0.13 	0.06 	0.0 	0.01 	0.05 	
39 	0.05 	0.05 	0.14 	0.01 	0.0 	0.02 	0.05 	0.17 	0.01 	0.05 	0.02 	0.27 	0.01 	0.01 	0.01 	0.03 	0.04 	0.0 	0.03 	0.02 	
40 	0.05 	0.0 	0.0 	0.0 	0.0 	0.0 	0.0 	0.0 	0.0 	0.34 	0.37 	0.0 	0.03 	0.03 	0.0 	0.0 	0.02 	0.0 	0.0 	0.13 	
41 	0.0 	0.0 	0.0 	0.0 	0.0 	0.0 	0.0 	0.0 	0.0 	0.0 	0.0 	0.0 	0.0 	0.0 	0.96 	0.04 	0.0 	0.0 	0.0 	0.0 	
42 	0.0 	0.0 	0.0 	0.0 	0.01 	0.0 	0.0 	0.0 	0.0 	0.34 	0.13 	0.0 	0.05 	0.03 	0.0 	0.0 	0.0 	0.0 	0.0 	0.44 	
43 	0.0 	0.0 	0.0 	0.0 	0.0 	0.0 	0.0 	0.0 	0.0 	0.27 	0.08 	0.0 	0.0 	0.0 	0.0 	0.0 	0.04 	0.0 	0.02 	0.59 	
44 	0.21 	0.0 	0.1 	0.12 	0.0 	0.0 	0.0 	0.04 	0.0 	0.06 	0.01 	0.0 	0.0 	0.0 	0.21 	0.19 	0.01 	0.0 	0.0 	0.04 	
45 	0.49 	0.0 	0.0 	0.07 	0.0 	0.01 	0.07 	0.06 	0.04 	0.0 	0.0 	0.03 	0.0 	0.0 	0.0 	0.22 	0.0 	0.0 	0.0 	0.0 	
46 	0.11 	0.02 	0.46 	0.04 	0.0 	0.01 	0.03 	0.02 	0.05 	0.02 	0.0 	0.03 	0.0 	0.0 	0.09 	0.1 	0.0 	0.0 	0.0 	0.0 	
47 	0.0 	0.0 	0.0 	0.05 	0.0 	0.02 	0.0 	0.15 	0.0 	0.0 	0.0 	0.0 	0.67 	0.01 	0.04 	0.0 	0.04 	0.0 	0.0 	0.0 	
48 	0.06 	0.03 	0.03 	0.41 	0.0 	0.13 	0.1 	0.01 	0.04 	0.0 	0.02 	0.1 	0.0 	0.0 	0.0 	0.01 	0.03 	0.0 	0.0 	0.01 	
49 	0.04 	0.0 	0.0 	0.0 	0.0 	0.0 	0.02 	0.01 	0.0 	0.01 	0.18 	0.04 	0.0 	0.0 	0.0 	0.11 	0.54 	0.0 	0.0 	0.03 	
50 	0.0 	0.0 	0.03 	0.02 	0.0 	0.0 	0.0 	0.0 	0.0 	0.13 	0.04 	0.03 	0.0 	0.0 	0.0 	0.0 	0.09 	0.0 	0.0 	0.62 	
51 	0.06 	0.03 	0.02 	0.01 	0.01 	0.0 	0.01 	0.27 	0.0 	0.16 	0.02 	0.01 	0.02 	0.0 	0.05 	0.07 	0.16 	0.0 	0.0 	0.1 	
52 	0.01 	0.01 	0.09 	0.16 	0.0 	0.0 	0.17 	0.08 	0.0 	0.01 	0.15 	0.01 	0.0 	0.0 	0.01 	0.11 	0.13 	0.0 	0.0 	0.06 	
53 	0.05 	0.04 	0.05 	0.02 	0.02 	0.02 	0.21 	0.03 	0.03 	0.06 	0.02 	0.02 	0.0 	0.16 	0.04 	0.12 	0.05 	0.0 	0.0 	0.06 	
54 	0.1 	0.06 	0.07 	0.02 	0.0 	0.01 	0.28 	0.01 	0.01 	0.0 	0.02 	0.15 	0.0 	0.0 	0.02 	0.09 	0.13 	0.0 	0.0 	0.01 	
55 	0.07 	0.02 	0.01 	0.01 	0.0 	0.01 	0.01 	0.01 	0.0 	0.11 	0.21 	0.01 	0.34 	0.04 	0.01 	0.01 	0.07 	0.0 	0.0 	0.05 	
56 	0.65 	0.01 	0.01 	0.01 	0.07 	0.02 	0.01 	0.01 	0.0 	0.02 	0.06 	0.02 	0.0 	0.01 	0.02 	0.06 	0.02 	0.0 	0.0 	0.02 	
57 	0.1 	0.04 	0.01 	0.05 	0.0 	0.01 	0.12 	0.04 	0.01 	0.22 	0.04 	0.11 	0.0 	0.01 	0.01 	0.03 	0.04 	0.0 	0.01 	0.16 	
58 	0.26 	0.01 	0.01 	0.01 	0.0 	0.02 	0.09 	0.06 	0.01 	0.05 	0.11 	0.02 	0.02 	0.03 	0.01 	0.05 	0.03 	0.11 	0.02 	0.07 	
59 	0.08 	0.01 	0.01 	0.02 	0.0 	0.01 	0.01 	0.02 	0.0 	0.05 	0.5 	0.01 	0.16 	0.05 	0.01 	0.01 	0.01 	0.0 	0.0 	0.05 	
60 	0.54 	0.01 	0.04 	0.02 	0.03 	0.01 	0.05 	0.05 	0.0 	0.01 	0.01 	0.07 	0.0 	0.01 	0.02 	0.09 	0.01 	0.0 	0.01 	0.02 	
61 	0.04 	0.26 	0.07 	0.01 	0.01 	0.08 	0.21 	0.01 	0.0 	0.01 	0.02 	0.19 	0.0 	0.0 	0.01 	0.07 	0.02 	0.0 	0.0 	0.01 	
62 	0.02 	0.03 	0.21 	0.03 	0.0 	0.02 	0.16 	0.03 	0.07 	0.01 	0.11 	0.06 	0.0 	0.13 	0.05 	0.05 	0.02 	0.0 	0.0 	0.01 	
63 	0.02 	0.01 	0.05 	0.15 	0.0 	0.01 	0.03 	0.53 	0.02 	0.01 	0.08 	0.01 	0.0 	0.01 	0.01 	0.03 	0.01 	0.0 	0.0 	0.01 	
64 	0.04 	0.03 	0.04 	0.01 	0.01 	0.01 	0.02 	0.21 	0.01 	0.1 	0.09 	0.01 	0.02 	0.02 	0.01 	0.05 	0.01 	0.02 	0.22 	0.08 	
65 	0.01 	0.01 	0.01 	0.05 	0.0 	0.01 	0.01 	0.01 	0.0 	0.11 	0.26 	0.01 	0.14 	0.26 	0.02 	0.01 	0.01 	0.0 	0.02 	0.05 	
66 	0.01 	0.04 	0.01 	0.01 	0.0 	0.02 	0.03 	0.18 	0.0 	0.01 	0.01 	0.05 	0.0 	0.01 	0.01 	0.01 	0.21 	0.0 	0.27 	0.1 	
67 	0.26 	0.01 	0.02 	0.02 	0.01 	0.01 	0.01 	0.07 	0.0 	0.25 	0.02 	0.01 	0.01 	0.02 	0.01 	0.04 	0.04 	0.0 	0.0 	0.18 	
68 	0.04 	0.01 	0.01 	0.01 	0.0 	0.01 	0.04 	0.01 	0.0 	0.24 	0.18 	0.01 	0.22 	0.01 	0.01 	0.01 	0.02 	0.0 	0.01 	0.15 	
69 	0.01 	0.01 	0.01 	0.01 	0.0 	0.01 	0.04 	0.05 	0.53 	0.15 	0.04 	0.01 	0.0 	0.03 	0.02 	0.01 	0.03 	0.0 	0.01 	0.02 	
70 	0.04 	0.31 	0.01 	0.04 	0.0 	0.02 	0.01 	0.01 	0.0 	0.01 	0.02 	0.29 	0.0 	0.01 	0.01 	0.06 	0.07 	0.0 	0.02 	0.05 	
71 	0.02 	0.12 	0.1 	0.12 	0.0 	0.01 	0.01 	0.02 	0.18 	0.04 	0.02 	0.03 	0.0 	0.18 	0.05 	0.03 	0.01 	0.0 	0.03 	0.02 	
72 	0.06 	0.06 	0.06 	0.06 	0.01 	0.03 	0.09 	0.01 	0.0 	0.03 	0.03 	0.1 	0.06 	0.09 	0.01 	0.04 	0.06 	0.0 	0.19 	0.01 	
73 	0.03 	0.01 	0.04 	0.35 	0.0 	0.07 	0.04 	0.03 	0.0 	0.01 	0.02 	0.01 	0.0 	0.01 	0.11 	0.14 	0.07 	0.0 	0.01 	0.03 	
74 	0.04 	0.01 	0.01 	0.01 	0.0 	0.01 	0.14 	0.02 	0.01 	0.2 	0.15 	0.06 	0.03 	0.04 	0.02 	0.02 	0.05 	0.0 	0.04 	0.14 	
75 	0.12 	0.02 	0.02 	0.07 	0.0 	0.05 	0.31 	0.01 	0.01 	0.01 	0.08 	0.05 	0.04 	0.01 	0.0 	0.06 	0.06 	0.0 	0.0 	0.08 	
76 	0.05 	0.09 	0.02 	0.2 	0.0 	0.1 	0.11 	0.03 	0.0 	0.0 	0.01 	0.27 	0.0 	0.0 	0.0 	0.07 	0.03 	0.0 	0.0 	0.0 	
77 	0.07 	0.22 	0.13 	0.0 	0.0 	0.09 	0.0 	0.02 	0.0 	0.0 	0.07 	0.0 	0.0 	0.04 	0.0 	0.02 	0.08 	0.15 	0.01 	0.07 	
78 	0.09 	0.09 	0.02 	0.0 	0.0 	0.1 	0.04 	0.01 	0.02 	0.1 	0.1 	0.15 	0.02 	0.03 	0.05 	0.04 	0.02 	0.0 	0.06 	0.07 	
79 	0.07 	0.01 	0.04 	0.12 	0.01 	0.06 	0.13 	0.03 	0.05 	0.0 	0.0 	0.08 	0.0 	0.0 	0.13 	0.13 	0.02 	0.04 	0.01 	0.05 	
80 	0.05 	0.01 	0.03 	0.0 	0.03 	0.01 	0.0 	0.0 	0.04 	0.01 	0.08 	0.0 	0.0 	0.46 	0.0 	0.0 	0.01 	0.0 	0.16 	0.1 	
81 	0.21 	0.03 	0.0 	0.0 	0.0 	0.0 	0.0 	0.01 	0.02 	0.21 	0.01 	0.03 	0.0 	0.0 	0.29 	0.02 	0.02 	0.0 	0.0 	0.14 	
82 	0.04 	0.06 	0.21 	0.08 	0.04 	0.04 	0.03 	0.01 	0.03 	0.0 	0.06 	0.18 	0.01 	0.02 	0.04 	0.09 	0.06 	0.0 	0.01 	0.0 	
83 	0.27 	0.04 	0.04 	0.09 	0.0 	0.08 	0.07 	0.0 	0.0 	0.0 	0.05 	0.16 	0.02 	0.0 	0.0 	0.08 	0.07 	0.0 	0.02 	0.01 	
84 	0.11 	0.0 	0.06 	0.16 	0.03 	0.0 	0.0 	0.0 	0.02 	0.01 	0.04 	0.0 	0.21 	0.0 	0.01 	0.2 	0.07 	0.0 	0.07 	0.03 	
85 	0.05 	0.09 	0.02 	0.01 	0.0 	0.07 	0.03 	0.0 	0.12 	0.0 	0.03 	0.3 	0.0 	0.0 	0.22 	0.04 	0.0 	0.0 	0.0 	0.02 	
86 	0.09 	0.01 	0.05 	0.5 	0.0 	0.04 	0.11 	0.01 	0.01 	0.03 	0.0 	0.03 	0.0 	0.01 	0.0 	0.06 	0.02 	0.0 	0.0 	0.03 	
87 	0.07 	0.06 	0.02 	0.02 	0.03 	0.06 	0.09 	0.11 	0.0 	0.03 	0.09 	0.18 	0.0 	0.0 	0.07 	0.09 	0.04 	0.0 	0.0 	0.05 	
88 	0.03 	0.11 	0.07 	0.0 	0.0 	0.13 	0.05 	0.17 	0.02 	0.0 	0.2 	0.08 	0.01 	0.06 	0.04 	0.02 	0.0 	0.0 	0.0 	0.01 	
89 	0.0 	0.02 	0.04 	0.0 	0.02 	0.01 	0.02 	0.24 	0.0 	0.04 	0.35 	0.17 	0.0 	0.01 	0.01 	0.01 	0.0 	0.02 	0.0 	0.05 	
90 	0.04 	0.26 	0.03 	0.0 	0.01 	0.06 	0.03 	0.0 	0.08 	0.16 	0.07 	0.01 	0.03 	0.14 	0.0 	0.0 	0.01 	0.0 	0.08 	0.0 	
91 	0.33 	0.0 	0.0 	0.0 	0.07 	0.0 	0.0 	0.03 	0.0 	0.05 	0.25 	0.0 	0.0 	0.0 	0.0 	0.03 	0.02 	0.01 	0.02 	0.21 	
92 	0.11 	0.08 	0.1 	0.0 	0.0 	0.0 	0.0 	0.24 	0.0 	0.02 	0.07 	0.0 	0.09 	0.01 	0.0 	0.25 	0.0 	0.0 	0.0 	0.04 	
93 	0.35 	0.0 	0.0 	0.0 	0.03 	0.0 	0.0 	0.0 	0.0 	0.33 	0.0 	0.0 	0.0 	0.0 	0.0 	0.0 	0.0 	0.0 	0.0 	0.29 	
94 	0.42 	0.0 	0.0 	0.0 	0.0 	0.0 	0.0 	0.21 	0.0 	0.0 	0.0 	0.0 	0.0 	0.0 	0.0 	0.37 	0.0 	0.0 	0.0 	0.0 	
95 	0.29 	0.0 	0.0 	0.0 	0.0 	0.0 	0.0 	0.01 	0.0 	0.14 	0.05 	0.0 	0.01 	0.0 	0.0 	0.05 	0.09 	0.0 	0.0 	0.35 	
96 	0.2 	0.04 	0.01 	0.0 	0.0 	0.0 	0.0 	0.67 	0.0 	0.0 	0.0 	0.0 	0.0 	0.0 	0.0 	0.08 	0.0 	0.0 	0.0 	0.0 	
97 	0.02 	0.0 	0.0 	0.0 	0.01 	0.0 	0.0 	0.0 	0.0 	0.2 	0.03 	0.0 	0.01 	0.0 	0.0 	0.06 	0.26 	0.0 	0.0 	0.42 	
98 	0.01 	0.09 	0.06 	0.05 	0.0 	0.01 	0.0 	0.15 	0.02 	0.01 	0.01 	0.23 	0.01 	0.0 	0.0 	0.34 	0.01 	0.0 	0.0 	0.0 	
99 	0.05 	0.0 	0.05 	0.19 	0.0 	0.02 	0.18 	0.07 	0.0 	0.05 	0.0 	0.05 	0.0 	0.0 	0.18 	0.03 	0.06 	0.0 	0.0 	0.06 	
100 	0.18 	0.07 	0.08 	0.2 	0.0 	0.05 	0.12 	0.04 	0.02 	0.01 	0.01 	0.01 	0.0 	0.07 	0.03 	0.04 	0.01 	0.0 	0.06 	0.0 	
101 	0.02 	0.0 	0.06 	0.48 	0.0 	0.01 	0.22 	0.04 	0.0 	0.0 	0.0 	0.0 	0.0 	0.01 	0.01 	0.03 	0.09 	0.0 	0.0 	0.03 	
102 	0.05 	0.03 	0.0 	0.02 	0.0 	0.01 	0.05 	0.01 	0.02 	0.16 	0.06 	0.1 	0.01 	0.18 	0.01 	0.0 	0.01 	0.03 	0.25 	0.01 	
103 	0.1 	0.02 	0.0 	0.2 	0.0 	0.08 	0.36 	0.03 	0.01 	0.03 	0.01 	0.03 	0.0 	0.01 	0.0 	0.02 	0.04 	0.0 	0.02 	0.04 	
104 	0.11 	0.4 	0.0 	0.0 	0.0 	0.03 	0.0 	0.0 	0.0 	0.0 	0.03 	0.17 	0.01 	0.14 	0.0 	0.0 	0.04 	0.0 	0.06 	0.01 	
105 	0.25 	0.01 	0.0 	0.0 	0.0 	0.0 	0.0 	0.0 	0.0 	0.23 	0.19 	0.0 	0.01 	0.0 	0.0 	0.01 	0.05 	0.0 	0.01 	0.24 	
106 	0.12 	0.08 	0.01 	0.18 	0.0 	0.06 	0.16 	0.0 	0.0 	0.02 	0.0 	0.14 	0.01 	0.0 	0.07 	0.02 	0.05 	0.0 	0.06 	0.01 	
107 	0.26 	0.04 	0.03 	0.06 	0.0 	0.1 	0.1 	0.0 	0.02 	0.0 	0.09 	0.14 	0.02 	0.0 	0.0 	0.05 	0.06 	0.0 	0.0 	0.01 	
108 	0.02 	0.0 	0.0 	0.01 	0.0 	0.0 	0.0 	0.0 	0.0 	0.11 	0.73 	0.04 	0.01 	0.01 	0.0 	0.04 	0.0 	0.0 	0.0 	0.05 	
109 	0.15 	0.0 	0.0 	0.04 	0.01 	0.01 	0.01 	0.05 	0.0 	0.08 	0.13 	0.04 	0.04 	0.05 	0.0 	0.03 	0.01 	0.0 	0.01 	0.33 	
110 	0.19 	0.02 	0.08 	0.11 	0.0 	0.05 	0.23 	0.01 	0.0 	0.01 	0.03 	0.17 	0.0 	0.0 	0.0 	0.06 	0.02 	0.0 	0.0 	0.02 	
111 	0.57 	0.0 	0.01 	0.02 	0.0 	0.09 	0.06 	0.0 	0.0 	0.01 	0.13 	0.03 	0.05 	0.0 	0.0 	0.02 	0.01 	0.0 	0.0 	0.01 	
112 	0.09 	0.02 	0.08 	0.09 	0.01 	0.03 	0.03 	0.23 	0.03 	0.04 	0.04 	0.02 	0.01 	0.01 	0.02 	0.14 	0.07 	0.0 	0.01 	0.03 	
113 	0.15 	0.02 	0.02 	0.04 	0.01 	0.01 	0.03 	0.07 	0.01 	0.07 	0.19 	0.03 	0.01 	0.01 	0.14 	0.06 	0.06 	0.0 	0.01 	0.05 	
114 	0.04 	0.01 	0.04 	0.13 	0.01 	0.03 	0.06 	0.35 	0.0 	0.07 	0.06 	0.02 	0.0 	0.01 	0.01 	0.04 	0.04 	0.0 	0.03 	0.04 	
115 	0.05 	0.01 	0.01 	0.01 	0.0 	0.05 	0.01 	0.01 	0.0 	0.02 	0.19 	0.01 	0.0 	0.01 	0.18 	0.01 	0.01 	0.0 	0.0 	0.43 	
116 	0.0 	0.01 	0.03 	0.58 	0.0 	0.01 	0.14 	0.0 	0.0 	0.02 	0.04 	0.14 	0.0 	0.0 	0.0 	0.02 	0.0 	0.0 	0.0 	0.01 	
117 	0.18 	0.0 	0.0 	0.0 	0.0 	0.0 	0.0 	0.0 	0.0 	0.03 	0.01 	0.0 	0.0 	0.21 	0.0 	0.0 	0.0 	0.0 	0.19 	0.38 	
118 	0.0 	0.0 	0.0 	0.0 	0.0 	0.0 	0.02 	0.0 	0.0 	0.41 	0.36 	0.0 	0.06 	0.0 	0.0 	0.0 	0.01 	0.0 	0.0 	0.14 	
119 	0.07 	0.0 	0.0 	0.06 	0.16 	0.0 	0.07 	0.05 	0.0 	0.09 	0.02 	0.0 	0.0 	0.01 	0.0 	0.0 	0.21 	0.0 	0.0 	0.27 	
120 	0.0 	0.0 	0.0 	0.0 	0.0 	0.0 	0.0 	0.0 	0.0 	0.38 	0.21 	0.0 	0.0 	0.0 	0.0 	0.0 	0.02 	0.05 	0.0 	0.33 	
121 	0.06 	0.0 	0.08 	0.69 	0.0 	0.0 	0.0 	0.01 	0.04 	0.02 	0.04 	0.0 	0.0 	0.0 	0.0 	0.01 	0.0 	0.0 	0.0 	0.02 	
122 	0.05 	0.0 	0.0 	0.0 	0.02 	0.0 	0.0 	0.06 	0.0 	0.27 	0.04 	0.0 	0.0 	0.0 	0.04 	0.25 	0.13 	0.0 	0.0 	0.11 	
123 	0.66 	0.0 	0.0 	0.0 	0.0 	0.0 	0.0 	0.04 	0.0 	0.0 	0.01 	0.0 	0.0 	0.0 	0.0 	0.26 	0.0 	0.0 	0.0 	0.0 	
124 	0.0 	0.0 	0.18 	0.09 	0.04 	0.13 	0.0 	0.08 	0.37 	0.04 	0.01 	0.0 	0.0 	0.04 	0.0 	0.0 	0.0 	0.0 	0.0 	0.0 	
125 	0.08 	0.03 	0.0 	0.0 	0.0 	0.0 	0.0 	0.76 	0.0 	0.0 	0.0 	0.0 	0.0 	0.05 	0.04 	0.0 	0.0 	0.0 	0.0 	0.0 	
126 	0.0 	0.0 	0.13 	0.09 	0.0 	0.0 	0.06 	0.0 	0.44 	0.05 	0.0 	0.0 	0.0 	0.02 	0.0 	0.01 	0.03 	0.05 	0.12 	0.0 	
127 	0.14 	0.0 	0.08 	0.03 	0.02 	0.02 	0.0 	0.0 	0.0 	0.0 	0.0 	0.0 	0.0 	0.05 	0.08 	0.56 	0.01 	0.0 	0.0 	0.0 	
128 	0.02 	0.03 	0.09 	0.1 	0.01 	0.05 	0.19 	0.0 	0.0 	0.07 	0.1 	0.05 	0.02 	0.0 	0.03 	0.03 	0.06 	0.05 	0.0 	0.11 	
129 	0.03 	0.02 	0.13 	0.0 	0.0 	0.05 	0.03 	0.19 	0.08 	0.02 	0.03 	0.09 	0.0 	0.07 	0.0 	0.07 	0.06 	0.02 	0.09 	0.02 	
130 	0.05 	0.0 	0.0 	0.0 	0.02 	0.15 	0.01 	0.0 	0.0 	0.03 	0.13 	0.05 	0.0 	0.07 	0.0 	0.0 	0.02 	0.04 	0.0 	0.42 	
131 	0.03 	0.02 	0.0 	0.0 	0.0 	0.04 	0.05 	0.0 	0.0 	0.26 	0.26 	0.09 	0.0 	0.02 	0.0 	0.0 	0.03 	0.02 	0.0 	0.18 	
132 	0.07 	0.04 	0.09 	0.15 	0.0 	0.04 	0.37 	0.0 	0.01 	0.02 	0.02 	0.06 	0.0 	0.0 	0.0 	0.08 	0.06 	0.0 	0.0 	0.0 	
133 	0.18 	0.04 	0.01 	0.02 	0.0 	0.01 	0.05 	0.0 	0.0 	0.0 	0.02 	0.07 	0.3 	0.13 	0.0 	0.05 	0.05 	0.0 	0.02 	0.03 	
134 	0.01 	0.0 	0.0 	0.0 	0.0 	0.0 	0.0 	0.0 	0.0 	0.53 	0.21 	0.0 	0.02 	0.0 	0.0 	0.0 	0.02 	0.0 	0.0 	0.22 	
135 	0.08 	0.13 	0.02 	0.02 	0.0 	0.08 	0.15 	0.05 	0.01 	0.0 	0.0 	0.37 	0.0 	0.0 	0.0 	0.06 	0.03 	0.0 	0.0 	0.0 	
136 	0.03 	0.13 	0.01 	0.01 	0.01 	0.04 	0.16 	0.0 	0.08 	0.0 	0.01 	0.09 	0.0 	0.01 	0.0 	0.0 	0.01 	0.28 	0.11 	0.03 	
137 	0.06 	0.0 	0.0 	0.0 	0.0 	0.0 	0.0 	0.0 	0.0 	0.41 	0.25 	0.0 	0.03 	0.01 	0.0 	0.0 	0.01 	0.0 	0.0 	0.24 	
138 	0.02 	0.36 	0.0 	0.0 	0.04 	0.0 	0.0 	0.0 	0.0 	0.02 	0.01 	0.45 	0.0 	0.0 	0.0 	0.03 	0.02 	0.0 	0.0 	0.04 	
139 	0.09 	0.03 	0.01 	0.11 	0.0 	0.16 	0.23 	0.01 	0.01 	0.0 	0.0 	0.13 	0.0 	0.0 	0.03 	0.16 	0.02 	0.0 	0.0 	0.01 	
140 	0.15 	0.05 	0.03 	0.0 	0.01 	0.02 	0.1 	0.01 	0.06 	0.02 	0.11 	0.14 	0.01 	0.08 	0.0 	0.05 	0.1 	0.0 	0.02 	0.04 	
141 	0.07 	0.0 	0.01 	0.01 	0.01 	0.0 	0.04 	0.0 	0.01 	0.13 	0.14 	0.01 	0.02 	0.14 	0.0 	0.03 	0.02 	0.14 	0.15 	0.06 	
142 	0.01 	0.04 	0.02 	0.05 	0.01 	0.02 	0.02 	0.12 	0.0 	0.01 	0.03 	0.06 	0.0 	0.01 	0.4 	0.06 	0.1 	0.0 	0.01 	0.04 	
143 	0.02 	0.04 	0.09 	0.2 	0.0 	0.05 	0.13 	0.16 	0.04 	0.0 	0.0 	0.1 	0.0 	0.0 	0.0 	0.13 	0.02 	0.0 	0.0 	0.02 	
144 	0.04 	0.01 	0.0 	0.02 	0.01 	0.0 	0.0 	0.0 	0.03 	0.06 	0.21 	0.1 	0.03 	0.02 	0.14 	0.04 	0.04 	0.0 	0.06 	0.18 	
145 	0.0 	0.01 	0.04 	0.09 	0.0 	0.06 	0.06 	0.0 	0.0 	0.02 	0.05 	0.0 	0.08 	0.14 	0.29 	0.03 	0.05 	0.0 	0.0 	0.07 	
146 	0.01 	0.0 	0.0 	0.0 	0.0 	0.0 	0.0 	0.0 	0.0 	0.41 	0.09 	0.0 	0.02 	0.01 	0.03 	0.0 	0.0 	0.0 	0.0 	0.41 	
147 	0.01 	0.0 	0.03 	0.0 	0.02 	0.0 	0.0 	0.03 	0.0 	0.5 	0.1 	0.0 	0.02 	0.04 	0.0 	0.02 	0.01 	0.0 	0.0 	0.21 	
148 	0.51 	0.0 	0.0 	0.0 	0.0 	0.0 	0.0 	0.1 	0.0 	0.0 	0.04 	0.13 	0.0 	0.0 	0.0 	0.0 	0.02 	0.0 	0.0 	0.18 	
149 	0.0 	0.0 	0.01 	0.0 	0.0 	0.0 	0.0 	0.8 	0.03 	0.0 	0.0 	0.14 	0.0 	0.0 	0.0 	0.0 	0.0 	0.0 	0.0 	0.0 	
150 	0.07 	0.01 	0.6 	0.01 	0.0 	0.01 	0.03 	0.15 	0.0 	0.01 	0.01 	0.01 	0.0 	0.01 	0.01 	0.05 	0.01 	0.0 	0.0 	0.01 	
151 	0.0 	0.03 	0.0 	0.0 	0.0 	0.0 	0.0 	0.17 	0.0 	0.27 	0.03 	0.0 	0.0 	0.0 	0.0 	0.0 	0.0 	0.0 	0.0 	0.49 	
152 	0.13 	0.0 	0.0 	0.0 	0.0 	0.02 	0.0 	0.11 	0.0 	0.12 	0.19 	0.0 	0.04 	0.06 	0.0 	0.0 	0.03 	0.0 	0.0 	0.31 	
153 	0.02 	0.02 	0.02 	0.16 	0.02 	0.0 	0.0 	0.0 	0.02 	0.0 	0.0 	0.0 	0.0 	0.0 	0.0 	0.27 	0.46 	0.0 	0.0 	0.0 	
154 	0.15 	0.15 	0.0 	0.0 	0.0 	0.02 	0.01 	0.13 	0.04 	0.02 	0.0 	0.11 	0.04 	0.0 	0.24 	0.0 	0.02 	0.0 	0.02 	0.04 	
155 	0.09 	0.06 	0.0 	0.1 	0.0 	0.03 	0.62 	0.0 	0.0 	0.0 	0.0 	0.03 	0.0 	0.0 	0.0 	0.02 	0.03 	0.0 	0.01 	0.0 	
156 	0.23 	0.0 	0.0 	0.24 	0.0 	0.11 	0.0 	0.1 	0.0 	0.0 	0.0 	0.0 	0.13 	0.0 	0.0 	0.0 	0.1 	0.0 	0.0 	0.09 	
157 	0.71 	0.0 	0.0 	0.0 	0.02 	0.0 	0.0 	0.0 	0.0 	0.0 	0.03 	0.0 	0.0 	0.01 	0.0 	0.0 	0.06 	0.0 	0.0 	0.17 	
158 	0.14 	0.26 	0.0 	0.06 	0.0 	0.02 	0.15 	0.01 	0.0 	0.06 	0.08 	0.17 	0.0 	0.0 	0.0 	0.05 	0.0 	0.0 	0.0 	0.01 	
159 	0.15 	0.16 	0.06 	0.19 	0.0 	0.02 	0.2 	0.04 	0.04 	0.01 	0.06 	0.04 	0.0 	0.0 	0.0 	0.03 	0.0 	0.0 	0.01 	0.0 	
160 	0.22 	0.0 	0.0 	0.0 	0.02 	0.0 	0.0 	0.0 	0.0 	0.04 	0.67 	0.0 	0.01 	0.0 	0.0 	0.0 	0.0 	0.0 	0.0 	0.04 	
161 	0.04 	0.0 	0.0 	0.02 	0.0 	0.0 	0.21 	0.0 	0.0 	0.3 	0.08 	0.01 	0.04 	0.02 	0.0 	0.0 	0.02 	0.0 	0.01 	0.24 	
162 	0.12 	0.13 	0.12 	0.17 	0.0 	0.08 	0.13 	0.0 	0.01 	0.0 	0.07 	0.05 	0.0 	0.01 	0.0 	0.06 	0.0 	0.0 	0.0 	0.02 	
163 	0.57 	0.0 	0.01 	0.0 	0.01 	0.01 	0.02 	0.0 	0.0 	0.03 	0.0 	0.0 	0.0 	0.07 	0.0 	0.07 	0.06 	0.06 	0.02 	0.07 	
164 	0.0 	0.02 	0.0 	0.01 	0.0 	0.0 	0.0 	0.95 	0.0 	0.0 	0.0 	0.0 	0.0 	0.01 	0.0 	0.0 	0.0 	0.0 	0.0 	0.0 	
165 	0.68 	0.0 	0.0 	0.0 	0.02 	0.0 	0.0 	0.0 	0.0 	0.06 	0.02 	0.0 	0.0 	0.0 	0.0 	0.0 	0.0 	0.0 	0.0 	0.23 	
166 	0.08 	0.0 	0.01 	0.72 	0.0 	0.04 	0.0 	0.03 	0.0 	0.0 	0.0 	0.05 	0.0 	0.0 	0.0 	0.04 	0.02 	0.0 	0.0 	0.0 	
167 	0.36 	0.0 	0.0 	0.0 	0.01 	0.0 	0.0 	0.41 	0.0 	0.1 	0.0 	0.0 	0.0 	0.01 	0.0 	0.01 	0.0 	0.0 	0.02 	0.06 	
168 	0.0 	0.0 	0.0 	0.0 	0.0 	0.0 	0.0 	0.0 	0.0 	0.43 	0.2 	0.0 	0.0 	0.0 	0.0 	0.0 	0.11 	0.0 	0.0 	0.24 	
169 	0.01 	0.15 	0.02 	0.18 	0.0 	0.01 	0.03 	0.01 	0.0 	0.09 	0.01 	0.32 	0.0 	0.01 	0.01 	0.03 	0.04 	0.0 	0.02 	0.06 	
170 	0.02 	0.01 	0.01 	0.01 	0.02 	0.01 	0.01 	0.01 	0.0 	0.16 	0.06 	0.01 	0.0 	0.01 	0.01 	0.01 	0.01 	0.02 	0.0 	0.63 	
171 	0.04 	0.01 	0.01 	0.02 	0.0 	0.01 	0.01 	0.69 	0.02 	0.01 	0.01 	0.01 	0.0 	0.01 	0.01 	0.11 	0.01 	0.0 	0.0 	0.01 	
172 	0.05 	0.01 	0.11 	0.01 	0.0 	0.01 	0.01 	0.03 	0.0 	0.33 	0.1 	0.01 	0.16 	0.01 	0.01 	0.01 	0.01 	0.0 	0.05 	0.08 	
173 	0.06 	0.03 	0.01 	0.01 	0.0 	0.02 	0.01 	0.62 	0.1 	0.01 	0.01 	0.01 	0.0 	0.01 	0.03 	0.01 	0.01 	0.0 	0.02 	0.03 	
174 	0.03 	0.01 	0.01 	0.01 	0.01 	0.01 	0.03 	0.25 	0.0 	0.02 	0.03 	0.01 	0.0 	0.02 	0.3 	0.2 	0.05 	0.0 	0.0 	0.01 	
175 	0.01 	0.02 	0.01 	0.01 	0.0 	0.01 	0.01 	0.7 	0.0 	0.01 	0.01 	0.01 	0.0 	0.0 	0.01 	0.01 	0.17 	0.0 	0.0 	0.01 	
176 	0.07 	0.11 	0.02 	0.03 	0.0 	0.02 	0.04 	0.06 	0.0 	0.01 	0.02 	0.13 	0.0 	0.01 	0.01 	0.43 	0.04 	0.0 	0.0 	0.02 	
177 	0.1 	0.06 	0.01 	0.01 	0.0 	0.02 	0.01 	0.05 	0.0 	0.22 	0.02 	0.01 	0.02 	0.02 	0.04 	0.06 	0.04 	0.05 	0.01 	0.22 	
178 	0.1 	0.01 	0.04 	0.01 	0.45 	0.01 	0.04 	0.06 	0.0 	0.01 	0.07 	0.03 	0.02 	0.02 	0.03 	0.04 	0.02 	0.0 	0.01 	0.02 	
179 	0.05 	0.02 	0.01 	0.03 	0.0 	0.01 	0.01 	0.03 	0.0 	0.3 	0.05 	0.01 	0.0 	0.04 	0.03 	0.01 	0.34 	0.0 	0.04 	0.01 	
180 	0.06 	0.03 	0.01 	0.03 	0.0 	0.02 	0.01 	0.07 	0.0 	0.02 	0.02 	0.03 	0.0 	0.01 	0.01 	0.03 	0.55 	0.0 	0.04 	0.04 	
181 	0.01 	0.38 	0.04 	0.03 	0.02 	0.14 	0.02 	0.03 	0.0 	0.01 	0.02 	0.18 	0.0 	0.01 	0.01 	0.04 	0.01 	0.0 	0.01 	0.03 	
182 	0.03 	0.0 	0.02 	0.03 	0.0 	0.03 	0.16 	0.0 	0.0 	0.23 	0.07 	0.04 	0.05 	0.0 	0.04 	0.02 	0.03 	0.0 	0.0 	0.24 	
183 	0.07 	0.04 	0.0 	0.02 	0.0 	0.04 	0.0 	0.02 	0.03 	0.06 	0.03 	0.2 	0.01 	0.02 	0.0 	0.02 	0.04 	0.0 	0.01 	0.38 	
184 	0.14 	0.01 	0.02 	0.07 	0.04 	0.0 	0.05 	0.02 	0.0 	0.02 	0.11 	0.02 	0.09 	0.0 	0.0 	0.12 	0.28 	0.0 	0.0 	0.0 	
185 	0.19 	0.0 	0.16 	0.03 	0.0 	0.0 	0.02 	0.46 	0.0 	0.0 	0.04 	0.02 	0.0 	0.02 	0.0 	0.0 	0.02 	0.0 	0.01 	0.02 	
186 	0.01 	0.0 	0.02 	0.02 	0.07 	0.0 	0.0 	0.02 	0.12 	0.08 	0.03 	0.0 	0.0 	0.22 	0.0 	0.02 	0.0 	0.05 	0.01 	0.3 	
187 	0.03 	0.0 	0.0 	0.02 	0.0 	0.0 	0.0 	0.77 	0.01 	0.0 	0.01 	0.02 	0.0 	0.0 	0.0 	0.07 	0.0 	0.03 	0.0 	0.0 	
188 	0.06 	0.16 	0.0 	0.03 	0.01 	0.02 	0.0 	0.1 	0.0 	0.15 	0.04 	0.0 	0.04 	0.0 	0.01 	0.01 	0.14 	0.0 	0.08 	0.14 	
189 	0.03 	0.12 	0.0 	0.0 	0.0 	0.0 	0.0 	0.04 	0.0 	0.0 	0.01 	0.0 	0.0 	0.0 	0.58 	0.02 	0.0 	0.18 	0.0 	0.0 	
190 	0.05 	0.0 	0.0 	0.0 	0.0 	0.57 	0.0 	0.1 	0.0 	0.04 	0.01 	0.0 	0.05 	0.0 	0.0 	0.03 	0.13 	0.0 	0.0 	0.0 	
191 	0.21 	0.0 	0.0 	0.0 	0.0 	0.0 	0.04 	0.05 	0.0 	0.2 	0.39 	0.0 	0.0 	0.01 	0.02 	0.02 	0.0 	0.0 	0.0 	0.05 	
192 	0.17 	0.0 	0.0 	0.09 	0.0 	0.02 	0.06 	0.01 	0.0 	0.02 	0.02 	0.03 	0.02 	0.02 	0.03 	0.23 	0.27 	0.0 	0.01 	0.02 	
193 	0.61 	0.02 	0.0 	0.0 	0.03 	0.0 	0.02 	0.08 	0.0 	0.0 	0.0 	0.0 	0.01 	0.0 	0.03 	0.09 	0.08 	0.0 	0.0 	0.02 	
194 	0.09 	0.0 	0.0 	0.0 	0.0 	0.0 	0.0 	0.0 	0.0 	0.26 	0.21 	0.0 	0.03 	0.0 	0.0 	0.0 	0.01 	0.0 	0.0 	0.39 	
195 	0.13 	0.14 	0.02 	0.01 	0.01 	0.01 	0.08 	0.01 	0.01 	0.11 	0.15 	0.04 	0.04 	0.01 	0.04 	0.03 	0.01 	0.0 	0.13 	0.03 	
196 	0.06 	0.0 	0.03 	0.12 	0.0 	0.03 	0.27 	0.01 	0.01 	0.01 	0.01 	0.05 	0.04 	0.0 	0.02 	0.2 	0.0 	0.06 	0.04 	0.04 	
197 	0.07 	0.0 	0.0 	0.0 	0.29 	0.0 	0.0 	0.0 	0.0 	0.1 	0.08 	0.0 	0.0 	0.0 	0.0 	0.04 	0.04 	0.0 	0.04 	0.34 	
198 	0.45 	0.05 	0.01 	0.04 	0.04 	0.0 	0.0 	0.01 	0.0 	0.0 	0.04 	0.02 	0.0 	0.0 	0.0 	0.12 	0.01 	0.0 	0.04 	0.16 	
199 	0.11 	0.12 	0.01 	0.18 	0.0 	0.11 	0.17 	0.0 	0.02 	0.0 	0.01 	0.17 	0.0 	0.0 	0.0 	0.07 	0.04 	0.0 	0.0 	0.0 	
200 	0.45 	0.05 	0.0 	0.0 	0.01 	0.0 	0.11 	0.0 	0.02 	0.04 	0.01 	0.0 	0.0 	0.08 	0.0 	0.02 	0.02 	0.0 	0.05 	0.13 	
201 	0.53 	0.06 	0.0 	0.0 	0.04 	0.0 	0.0 	0.02 	0.0 	0.0 	0.08 	0.02 	0.0 	0.0 	0.0 	0.08 	0.07 	0.01 	0.0 	0.07 	
202 	0.11 	0.17 	0.08 	0.01 	0.0 	0.07 	0.02 	0.07 	0.11 	0.01 	0.01 	0.05 	0.0 	0.0 	0.06 	0.07 	0.01 	0.02 	0.02 	0.11 	
203 	0.08 	0.06 	0.02 	0.07 	0.0 	0.08 	0.07 	0.27 	0.03 	0.02 	0.01 	0.19 	0.0 	0.01 	0.02 	0.05 	0.01 	0.0 	0.0 	0.01 	
204 	0.05 	0.08 	0.02 	0.03 	0.0 	0.03 	0.05 	0.07 	0.05 	0.02 	0.17 	0.02 	0.02 	0.11 	0.01 	0.04 	0.11 	0.0 	0.07 	0.04 	
205 	0.01 	0.07 	0.08 	0.12 	0.0 	0.02 	0.03 	0.39 	0.02 	0.01 	0.01 	0.02 	0.0 	0.0 	0.01 	0.07 	0.04 	0.0 	0.07 	0.02 	
206 	0.0 	0.02 	0.0 	0.02 	0.01 	0.0 	0.01 	0.12 	0.0 	0.24 	0.11 	0.16 	0.01 	0.01 	0.0 	0.01 	0.01 	0.0 	0.0 	0.25 	
207 	0.02 	0.04 	0.0 	0.01 	0.02 	0.04 	0.03 	0.01 	0.09 	0.0 	0.0 	0.03 	0.02 	0.0 	0.59 	0.01 	0.06 	0.0 	0.02 	0.01 	
208 	0.0 	0.0 	0.0 	0.0 	0.07 	0.0 	0.0 	0.0 	0.0 	0.44 	0.09 	0.0 	0.01 	0.0 	0.0 	0.0 	0.03 	0.0 	0.0 	0.37 	
209 	0.0 	0.0 	0.0 	0.0 	0.02 	0.0 	0.0 	0.0 	0.0 	0.62 	0.2 	0.0 	0.03 	0.03 	0.0 	0.0 	0.02 	0.01 	0.01 	0.07 	
210 	0.67 	0.0 	0.0 	0.0 	0.0 	0.0 	0.0 	0.09 	0.0 	0.02 	0.05 	0.0 	0.0 	0.01 	0.0 	0.11 	0.0 	0.0 	0.0 	0.04 	
211 	0.02 	0.0 	0.0 	0.75 	0.0 	0.0 	0.0 	0.0 	0.0 	0.0 	0.0 	0.0 	0.03 	0.0 	0.0 	0.16 	0.04 	0.0 	0.0 	0.0 	
212 	0.0 	0.0 	0.0 	0.0 	0.0 	0.0 	0.0 	0.88 	0.0 	0.0 	0.0 	0.0 	0.0 	0.0 	0.0 	0.12 	0.0 	0.0 	0.0 	0.0 	
213 	0.0 	0.0 	0.0 	0.05 	0.0 	0.0 	0.0 	0.95 	0.0 	0.0 	0.0 	0.0 	0.0 	0.0 	0.0 	0.0 	0.0 	0.0 	0.0 	0.0 	
214 	0.0 	0.0 	0.0 	0.0 	0.1 	0.0 	0.0 	0.0 	0.0 	0.61 	0.07 	0.0 	0.03 	0.03 	0.0 	0.0 	0.02 	0.0 	0.0 	0.15 	
215 	0.03 	0.35 	0.0 	0.0 	0.0 	0.14 	0.03 	0.04 	0.04 	0.0 	0.0 	0.06 	0.0 	0.0 	0.03 	0.08 	0.09 	0.0 	0.03 	0.07 	
216 	0.0 	0.03 	0.21 	0.05 	0.09 	0.03 	0.04 	0.02 	0.04 	0.0 	0.0 	0.02 	0.04 	0.07 	0.0 	0.06 	0.13 	0.0 	0.1 	0.05 	
217 	0.08 	0.0 	0.05 	0.04 	0.0 	0.0 	0.0 	0.13 	0.13 	0.1 	0.04 	0.0 	0.0 	0.0 	0.14 	0.22 	0.0 	0.0 	0.0 	0.07 	
218 	0.01 	0.05 	0.0 	0.0 	0.0 	0.0 	0.06 	0.57 	0.01 	0.06 	0.12 	0.0 	0.02 	0.0 	0.0 	0.01 	0.03 	0.0 	0.02 	0.02 	
219 	0.01 	0.0 	0.0 	0.72 	0.0 	0.0 	0.03 	0.03 	0.15 	0.0 	0.0 	0.0 	0.02 	0.0 	0.0 	0.0 	0.01 	0.0 	0.01 	0.0 	
220 	0.05 	0.0 	0.0 	0.0 	0.0 	0.0 	0.0 	0.02 	0.0 	0.42 	0.08 	0.0 	0.09 	0.0 	0.0 	0.0 	0.0 	0.0 	0.0 	0.33 	
221 	0.49 	0.0 	0.0 	0.0 	0.02 	0.0 	0.0 	0.01 	0.0 	0.05 	0.07 	0.0 	0.01 	0.04 	0.0 	0.02 	0.1 	0.0 	0.0 	0.19 	
222 	0.03 	0.07 	0.02 	0.0 	0.0 	0.0 	0.08 	0.0 	0.0 	0.0 	0.04 	0.77 	0.0 	0.0 	0.0 	0.0 	0.0 	0.0 	0.0 	0.0 	
223 	0.65 	0.0 	0.0 	0.0 	0.01 	0.0 	0.0 	0.03 	0.0 	0.0 	0.0 	0.0 	0.08 	0.04 	0.0 	0.17 	0.0 	0.0 	0.03 	0.0 	
224 	0.0 	0.0 	0.0 	0.0 	0.0 	0.0 	0.0 	0.0 	0.0 	0.26 	0.52 	0.0 	0.02 	0.14 	0.0 	0.0 	0.02 	0.0 	0.0 	0.04 	
225 	0.63 	0.12 	0.0 	0.0 	0.0 	0.0 	0.0 	0.11 	0.0 	0.03 	0.0 	0.0 	0.01 	0.0 	0.0 	0.04 	0.0 	0.0 	0.04 	0.02 	
226 	0.22 	0.0 	0.0 	0.0 	0.04 	0.02 	0.0 	0.08 	0.0 	0.05 	0.36 	0.0 	0.1 	0.12 	0.0 	0.0 	0.0 	0.0 	0.0 	0.02 	
227 	0.0 	0.0 	0.0 	0.0 	0.0 	0.0 	0.0 	1.0 	0.0 	0.0 	0.0 	0.0 	0.0 	0.0 	0.0 	0.0 	0.0 	0.0 	0.0 	0.0 	
228 	0.92 	0.0 	0.0 	0.0 	0.0 	0.0 	0.0 	0.04 	0.0 	0.0 	0.0 	0.0 	0.0 	0.0 	0.0 	0.03 	0.0 	0.0 	0.0 	0.0 	
229 	0.02 	0.02 	0.06 	0.33 	0.0 	0.03 	0.01 	0.0 	0.04 	0.0 	0.0 	0.01 	0.0 	0.0 	0.0 	0.36 	0.11 	0.0 	0.0 	0.0 	
230 	0.35 	0.0 	0.02 	0.0 	0.05 	0.0 	0.0 	0.06 	0.0 	0.01 	0.04 	0.0 	0.13 	0.15 	0.0 	0.05 	0.12 	0.0 	0.0 	0.02 	
231 	0.06 	0.0 	0.0 	0.0 	0.08 	0.0 	0.0 	0.0 	0.0 	0.07 	0.02 	0.0 	0.0 	0.0 	0.0 	0.0 	0.02 	0.0 	0.0 	0.73 	
232 	0.09 	0.0 	0.04 	0.0 	0.01 	0.0 	0.0 	0.02 	0.0 	0.0 	0.09 	0.0 	0.63 	0.03 	0.0 	0.02 	0.0 	0.0 	0.01 	0.04 	
233 	0.03 	0.0 	0.0 	0.0 	0.0 	0.0 	0.0 	0.0 	0.0 	0.28 	0.33 	0.0 	0.2 	0.0 	0.0 	0.0 	0.0 	0.0 	0.0 	0.14 	
234 	0.03 	0.0 	0.0 	0.0 	0.0 	0.0 	0.0 	0.92 	0.0 	0.0 	0.0 	0.0 	0.0 	0.0 	0.0 	0.0 	0.0 	0.0 	0.0 	0.02 	
235 	0.01 	0.16 	0.03 	0.0 	0.0 	0.02 	0.0 	0.26 	0.0 	0.0 	0.0 	0.0 	0.0 	0.02 	0.0 	0.4 	0.07 	0.0 	0.02 	0.0 	
236 	0.11 	0.04 	0.0 	0.0 	0.0 	0.03 	0.0 	0.0 	0.0 	0.02 	0.38 	0.0 	0.22 	0.04 	0.06 	0.02 	0.01 	0.02 	0.04 	0.01 	
237 	0.03 	0.0 	0.0 	0.0 	0.0 	0.0 	0.0 	0.0 	0.0 	0.02 	0.51 	0.0 	0.01 	0.39 	0.0 	0.0 	0.0 	0.0 	0.02 	0.0 	
238 	0.86 	0.0 	0.0 	0.0 	0.0 	0.0 	0.0 	0.01 	0.0 	0.0 	0.04 	0.02 	0.0 	0.0 	0.0 	0.04 	0.0 	0.0 	0.0 	0.0 	
239 	0.18 	0.05 	0.0 	0.0 	0.0 	0.02 	0.02 	0.61 	0.0 	0.0 	0.0 	0.0 	0.0 	0.0 	0.05 	0.0 	0.05 	0.0 	0.0 	0.0 	
240 	0.05 	0.02 	0.0 	0.0 	0.01 	0.0 	0.03 	0.0 	0.31 	0.0 	0.02 	0.0 	0.0 	0.03 	0.0 	0.07 	0.43 	0.0 	0.01 	0.01 	
241 	0.08 	0.04 	0.0 	0.09 	0.0 	0.01 	0.3 	0.08 	0.01 	0.04 	0.03 	0.04 	0.0 	0.01 	0.0 	0.06 	0.18 	0.0 	0.02 	0.0 	
242 	0.0 	0.0 	0.0 	0.04 	0.0 	0.03 	0.88 	0.0 	0.0 	0.0 	0.01 	0.0 	0.0 	0.0 	0.0 	0.0 	0.0 	0.0 	0.0 	0.0 	
243 	0.27 	0.03 	0.0 	0.0 	0.09 	0.0 	0.0 	0.04 	0.0 	0.0 	0.01 	0.0 	0.0 	0.0 	0.0 	0.47 	0.05 	0.0 	0.0 	0.01 	
244 	0.03 	0.0 	0.01 	0.0 	0.0 	0.0 	0.03 	0.14 	0.0 	0.0 	0.08 	0.0 	0.0 	0.0 	0.65 	0.02 	0.0 	0.0 	0.0 	0.01 	
245 	0.03 	0.01 	0.0 	0.05 	0.0 	0.0 	0.04 	0.74 	0.0 	0.01 	0.01 	0.01 	0.0 	0.0 	0.01 	0.02 	0.04 	0.0 	0.0 	0.04 	
246 	0.09 	0.09 	0.04 	0.1 	0.0 	0.04 	0.4 	0.02 	0.0 	0.01 	0.02 	0.11 	0.0 	0.0 	0.01 	0.04 	0.03 	0.0 	0.0 	0.01 	
247 	0.01 	0.01 	0.01 	0.01 	0.0 	0.0 	0.04 	0.01 	0.03 	0.09 	0.09 	0.09 	0.02 	0.02 	0.01 	0.01 	0.21 	0.0 	0.19 	0.15 	
248 	0.01 	0.0 	0.0 	0.0 	0.0 	0.05 	0.1 	0.01 	0.0 	0.15 	0.09 	0.06 	0.1 	0.15 	0.0 	0.01 	0.0 	0.0 	0.07 	0.18 	
249 	0.01 	0.0 	0.04 	0.06 	0.0 	0.04 	0.16 	0.01 	0.0 	0.09 	0.07 	0.05 	0.05 	0.07 	0.0 	0.04 	0.06 	0.04 	0.08 	0.13 	
250 	0.01 	0.11 	0.0 	0.0 	0.0 	0.05 	0.12 	0.01 	0.04 	0.15 	0.04 	0.08 	0.03 	0.05 	0.05 	0.07 	0.03 	0.0 	0.08 	0.09 	
251 	0.02 	0.01 	0.21 	0.39 	0.0 	0.09 	0.05 	0.06 	0.03 	0.01 	0.01 	0.03 	0.0 	0.0 	0.01 	0.01 	0.01 	0.0 	0.0 	0.05 	
252 	0.01 	0.01 	0.03 	0.06 	0.0 	0.01 	0.01 	0.75 	0.02 	0.01 	0.01 	0.02 	0.0 	0.0 	0.01 	0.04 	0.01 	0.0 	0.0 	0.01 	
253 	0.02 	0.17 	0.01 	0.05 	0.02 	0.11 	0.08 	0.01 	0.0 	0.02 	0.02 	0.33 	0.02 	0.0 	0.01 	0.04 	0.02 	0.0 	0.0 	0.06 	
254 	0.03 	0.17 	0.01 	0.01 	0.0 	0.09 	0.02 	0.01 	0.03 	0.02 	0.14 	0.21 	0.03 	0.0 	0.05 	0.03 	0.07 	0.0 	0.01 	0.06 	
255 	0.01 	0.01 	0.01 	0.01 	0.0 	0.01 	0.01 	0.01 	0.0 	0.06 	0.09 	0.01 	0.06 	0.24 	0.01 	0.01 	0.01 	0.0 	0.34 	0.12 	
256 	0.05 	0.01 	0.01 	0.01 	0.0 	0.02 	0.01 	0.01 	0.0 	0.01 	0.01 	0.69 	0.12 	0.0 	0.01 	0.01 	0.01 	0.0 	0.0 	0.02 	
257 	0.1 	0.02 	0.01 	0.01 	0.0 	0.07 	0.31 	0.02 	0.0 	0.07 	0.09 	0.12 	0.0 	0.0 	0.01 	0.06 	0.03 	0.0 	0.02 	0.05 	
258 	0.01 	0.01 	0.01 	0.01 	0.0 	0.01 	0.01 	0.01 	0.0 	0.04 	0.05 	0.01 	0.0 	0.19 	0.01 	0.05 	0.01 	0.0 	0.58 	0.01 	
259 	0.01 	0.4 	0.01 	0.01 	0.0 	0.01 	0.01 	0.01 	0.0 	0.01 	0.01 	0.01 	0.0 	0.1 	0.01 	0.01 	0.01 	0.06 	0.32 	0.02 	
260 	0.01 	0.0 	0.0 	0.0 	0.0 	0.0 	0.01 	0.92 	0.0 	0.0 	0.01 	0.0 	0.0 	0.0 	0.0 	0.01 	0.01 	0.0 	0.0 	0.01 	
261 	0.01 	0.0 	0.0 	0.0 	0.0 	0.0 	0.04 	0.01 	0.0 	0.0 	0.01 	0.0 	0.6 	0.0 	0.0 	0.29 	0.01 	0.0 	0.0 	0.01 	
262 	0.37 	0.0 	0.0 	0.0 	0.0 	0.0 	0.01 	0.39 	0.0 	0.0 	0.01 	0.0 	0.0 	0.0 	0.0 	0.17 	0.01 	0.0 	0.0 	0.01 	
263 	0.01 	0.01 	0.01 	0.01 	0.0 	0.01 	0.01 	0.05 	0.0 	0.01 	0.01 	0.01 	0.0 	0.0 	0.01 	0.84 	0.01 	0.0 	0.0 	0.01 	
264 	0.02 	0.02 	0.01 	0.06 	0.0 	0.06 	0.21 	0.01 	0.0 	0.15 	0.18 	0.07 	0.01 	0.04 	0.02 	0.06 	0.02 	0.0 	0.0 	0.05 	
265 	0.05 	0.08 	0.01 	0.12 	0.0 	0.01 	0.05 	0.2 	0.0 	0.01 	0.01 	0.02 	0.02 	0.14 	0.01 	0.13 	0.04 	0.0 	0.09 	0.03 	
266 	0.6 	0.01 	0.01 	0.01 	0.0 	0.16 	0.05 	0.01 	0.0 	0.01 	0.02 	0.01 	0.0 	0.01 	0.01 	0.01 	0.01 	0.0 	0.01 	0.03 	
267 	0.02 	0.01 	0.01 	0.01 	0.0 	0.01 	0.05 	0.01 	0.0 	0.01 	0.07 	0.19 	0.47 	0.01 	0.01 	0.01 	0.01 	0.03 	0.01 	0.05 	
268 	0.05 	0.03 	0.03 	0.11 	0.01 	0.2 	0.12 	0.03 	0.01 	0.02 	0.03 	0.13 	0.02 	0.01 	0.02 	0.06 	0.06 	0.0 	0.01 	0.07 	
269 	0.09 	0.3 	0.02 	0.02 	0.01 	0.07 	0.04 	0.05 	0.01 	0.02 	0.03 	0.19 	0.01 	0.01 	0.02 	0.05 	0.03 	0.0 	0.01 	0.02 	
270 	0.03 	0.07 	0.03 	0.02 	0.01 	0.01 	0.03 	0.16 	0.14 	0.02 	0.05 	0.02 	0.01 	0.01 	0.03 	0.02 	0.02 	0.0 	0.29 	0.02 	
271 	0.07 	0.02 	0.02 	0.04 	0.01 	0.03 	0.05 	0.04 	0.02 	0.03 	0.15 	0.02 	0.01 	0.11 	0.02 	0.19 	0.1 	0.0 	0.01 	0.07 	
272 	0.03 	0.02 	0.05 	0.02 	0.01 	0.03 	0.04 	0.39 	0.01 	0.02 	0.03 	0.06 	0.01 	0.01 	0.02 	0.2 	0.02 	0.0 	0.01 	0.04 	
273 	0.06 	0.01 	0.12 	0.15 	0.0 	0.01 	0.16 	0.18 	0.0 	0.01 	0.02 	0.03 	0.01 	0.01 	0.07 	0.11 	0.02 	0.0 	0.01 	0.01 	
274 	0.1 	0.03 	0.06 	0.05 	0.0 	0.06 	0.05 	0.04 	0.0 	0.05 	0.07 	0.14 	0.01 	0.01 	0.01 	0.07 	0.06 	0.0 	0.01 	0.17 	
275 	0.22 	0.0 	0.04 	0.14 	0.0 	0.05 	0.04 	0.22 	0.0 	0.0 	0.05 	0.03 	0.01 	0.03 	0.05 	0.07 	0.03 	0.0 	0.01 	0.0 	
276 	0.07 	0.16 	0.03 	0.08 	0.0 	0.03 	0.25 	0.04 	0.03 	0.0 	0.01 	0.16 	0.0 	0.0 	0.02 	0.06 	0.04 	0.0 	0.0 	0.0 	
277 	0.02 	0.02 	0.0 	0.04 	0.0 	0.0 	0.01 	0.01 	0.05 	0.03 	0.08 	0.22 	0.01 	0.04 	0.0 	0.01 	0.05 	0.0 	0.32 	0.09 	
278 	0.01 	0.21 	0.0 	0.04 	0.0 	0.03 	0.01 	0.01 	0.01 	0.0 	0.21 	0.3 	0.01 	0.05 	0.0 	0.04 	0.0 	0.0 	0.03 	0.02 	
279 	0.15 	0.04 	0.17 	0.0 	0.0 	0.0 	0.0 	0.01 	0.05 	0.05 	0.01 	0.0 	0.0 	0.04 	0.0 	0.0 	0.02 	0.0 	0.02 	0.44 	
280 	0.34 	0.0 	0.0 	0.0 	0.0 	0.0 	0.08 	0.01 	0.0 	0.0 	0.01 	0.0 	0.0 	0.0 	0.22 	0.08 	0.0 	0.0 	0.0 	0.23 	
281 	0.01 	0.0 	0.0 	0.0 	0.0 	0.24 	0.7 	0.01 	0.0 	0.0 	0.01 	0.0 	0.0 	0.0 	0.0 	0.0 	0.0 	0.0 	0.0 	0.0 	
282 	0.01 	0.0 	0.0 	0.0 	0.0 	0.0 	0.0 	0.94 	0.0 	0.0 	0.01 	0.0 	0.0 	0.0 	0.0 	0.0 	0.0 	0.0 	0.0 	0.0 	
283 	0.01 	0.01 	0.0 	0.0 	0.0 	0.0 	0.0 	0.01 	0.0 	0.19 	0.01 	0.38 	0.0 	0.0 	0.0 	0.0 	0.0 	0.0 	0.0 	0.37 	
284 	0.04 	0.06 	0.0 	0.05 	0.0 	0.03 	0.29 	0.01 	0.0 	0.02 	0.01 	0.14 	0.0 	0.0 	0.0 	0.18 	0.13 	0.0 	0.0 	0.03 	
285 	0.08 	0.0 	0.0 	0.0 	0.0 	0.0 	0.02 	0.45 	0.0 	0.13 	0.02 	0.0 	0.08 	0.0 	0.0 	0.04 	0.0 	0.0 	0.0 	0.15 	
286 	0.11 	0.13 	0.02 	0.01 	0.01 	0.0 	0.04 	0.01 	0.01 	0.0 	0.3 	0.06 	0.02 	0.04 	0.0 	0.1 	0.03 	0.02 	0.05 	0.02 	
287 	0.01 	0.0 	0.0 	0.04 	0.0 	0.0 	0.05 	0.01 	0.0 	0.12 	0.14 	0.0 	0.02 	0.0 	0.0 	0.0 	0.03 	0.0 	0.0 	0.56 	
288 	0.13 	0.01 	0.0 	0.0 	0.0 	0.03 	0.06 	0.01 	0.01 	0.02 	0.04 	0.05 	0.0 	0.0 	0.53 	0.0 	0.0 	0.0 	0.0 	0.09 	
289 	0.04 	0.01 	0.01 	0.23 	0.02 	0.01 	0.01 	0.01 	0.07 	0.05 	0.04 	0.01 	0.0 	0.11 	0.01 	0.01 	0.02 	0.0 	0.32 	0.04 	
290 	0.04 	0.33 	0.0 	0.0 	0.0 	0.0 	0.0 	0.0 	0.02 	0.0 	0.0 	0.56 	0.0 	0.0 	0.0 	0.02 	0.0 	0.0 	0.0 	0.0 	
291 	0.0 	0.0 	0.0 	0.0 	0.0 	0.0 	0.0 	0.96 	0.0 	0.0 	0.0 	0.0 	0.0 	0.0 	0.0 	0.0 	0.0 	0.0 	0.0 	0.0 	
292 	0.04 	0.04 	0.02 	0.07 	0.0 	0.0 	0.02 	0.04 	0.04 	0.01 	0.02 	0.12 	0.0 	0.01 	0.17 	0.33 	0.04 	0.0 	0.01 	0.01 	
293 	0.02 	0.0 	0.0 	0.0 	0.01 	0.0 	0.0 	0.0 	0.0 	0.16 	0.35 	0.0 	0.03 	0.0 	0.0 	0.0 	0.0 	0.0 	0.0 	0.39 	
294 	0.2 	0.01 	0.04 	0.07 	0.0 	0.05 	0.12 	0.03 	0.07 	0.0 	0.07 	0.13 	0.02 	0.01 	0.0 	0.11 	0.06 	0.0 	0.0 	0.01 	
295 	0.02 	0.02 	0.17 	0.32 	0.0 	0.03 	0.09 	0.05 	0.03 	0.0 	0.0 	0.15 	0.0 	0.01 	0.02 	0.03 	0.02 	0.0 	0.01 	0.02 	
296 	0.0 	0.0 	0.03 	0.0 	0.0 	0.0 	0.01 	0.0 	0.0 	0.08 	0.15 	0.0 	0.01 	0.12 	0.0 	0.05 	0.41 	0.0 	0.04 	0.1 	
297 	0.03 	0.0 	0.0 	0.0 	0.01 	0.0 	0.0 	0.0 	0.0 	0.32 	0.41 	0.0 	0.0 	0.0 	0.0 	0.0 	0.0 	0.0 	0.01 	0.23 	
298 	0.03 	0.11 	0.1 	0.05 	0.0 	0.04 	0.08 	0.0 	0.07 	0.03 	0.01 	0.07 	0.0 	0.03 	0.17 	0.01 	0.08 	0.0 	0.09 	0.03 	
299 	0.05 	0.01 	0.01 	0.13 	0.0 	0.23 	0.27 	0.0 	0.03 	0.0 	0.07 	0.0 	0.0 	0.0 	0.0 	0.0 	0.0 	0.0 	0.19 	0.0 	
300 	0.0 	0.0 	0.0 	0.0 	0.0 	0.03 	0.0 	0.0 	0.0 	0.25 	0.38 	0.0 	0.25 	0.01 	0.0 	0.03 	0.03 	0.0 	0.0 	0.03 	
301 	0.03 	0.02 	0.0 	0.0 	0.0 	0.07 	0.19 	0.0 	0.06 	0.07 	0.19 	0.02 	0.09 	0.01 	0.0 	0.02 	0.05 	0.0 	0.03 	0.14 	
302 	0.06 	0.01 	0.06 	0.0 	0.01 	0.17 	0.09 	0.38 	0.06 	0.0 	0.0 	0.09 	0.0 	0.0 	0.0 	0.03 	0.02 	0.0 	0.0 	0.01 	
303 	0.03 	0.0 	0.0 	0.27 	0.0 	0.0 	0.07 	0.6 	0.0 	0.0 	0.0 	0.03 	0.0 	0.0 	0.0 	0.0 	0.0 	0.0 	0.0 	0.0 	
304 	0.0 	0.0 	0.0 	0.0 	0.0 	0.0 	0.0 	0.0 	0.0 	0.09 	0.6 	0.0 	0.07 	0.0 	0.0 	0.0 	0.0 	0.0 	0.0 	0.24 	
305 	0.0 	0.44 	0.0 	0.0 	0.0 	0.37 	0.0 	0.0 	0.01 	0.0 	0.0 	0.12 	0.01 	0.0 	0.0 	0.0 	0.05 	0.0 	0.0 	0.0 	
306 	0.08 	0.0 	0.0 	0.0 	0.0 	0.06 	0.0 	0.0 	0.13 	0.0 	0.06 	0.0 	0.0 	0.0 	0.0 	0.59 	0.01 	0.0 	0.0 	0.07 	
307 	0.21 	0.0 	0.0 	0.0 	0.04 	0.0 	0.0 	0.19 	0.0 	0.05 	0.0 	0.0 	0.0 	0.0 	0.0 	0.37 	0.15 	0.0 	0.0 	0.0 	
308 	0.03 	0.0 	0.0 	0.0 	0.24 	0.0 	0.0 	0.0 	0.0 	0.23 	0.07 	0.0 	0.37 	0.06 	0.0 	0.0 	0.0 	0.0 	0.0 	0.02 	
309 	0.0 	0.0 	0.0 	0.0 	0.03 	0.19 	0.0 	0.25 	0.0 	0.0 	0.0 	0.0 	0.0 	0.01 	0.0 	0.26 	0.26 	0.0 	0.0 	0.0 	
310 	0.05 	0.0 	0.03 	0.19 	0.0 	0.0 	0.0 	0.0 	0.0 	0.0 	0.09 	0.0 	0.0 	0.0 	0.0 	0.0 	0.0 	0.0 	0.63 	0.0 	
311 	0.22 	0.0 	0.0 	0.0 	0.1 	0.01 	0.0 	0.0 	0.0 	0.16 	0.1 	0.0 	0.01 	0.0 	0.0 	0.02 	0.15 	0.0 	0.0 	0.24 	
312 	0.0 	0.0 	0.0 	0.0 	0.0 	0.0 	0.0 	1.0 	0.0 	0.0 	0.0 	0.0 	0.0 	0.0 	0.0 	0.0 	0.0 	0.0 	0.0 	0.0 	
313 	0.5 	0.0 	0.0 	0.0 	0.05 	0.0 	0.03 	0.24 	0.0 	0.01 	0.0 	0.0 	0.01 	0.0 	0.0 	0.08 	0.02 	0.0 	0.01 	0.06 	
314 	0.14 	0.15 	0.04 	0.0 	0.0 	0.03 	0.03 	0.02 	0.05 	0.01 	0.03 	0.3 	0.0 	0.01 	0.02 	0.1 	0.04 	0.0 	0.0 	0.01 	
315 	0.01 	0.05 	0.12 	0.13 	0.0 	0.03 	0.02 	0.0 	0.01 	0.0 	0.0 	0.11 	0.0 	0.0 	0.0 	0.29 	0.23 	0.0 	0.0 	0.01 	
316 	0.0 	0.0 	0.0 	0.0 	0.0 	0.01 	0.0 	0.0 	0.0 	0.38 	0.57 	0.0 	0.0 	0.03 	0.0 	0.0 	0.0 	0.0 	0.0 	0.02 	
317 	0.08 	0.04 	0.03 	0.15 	0.0 	0.06 	0.12 	0.0 	0.01 	0.0 	0.02 	0.27 	0.04 	0.0 	0.06 	0.06 	0.06 	0.0 	0.0 	0.0 	
318 	0.17 	0.0 	0.01 	0.14 	0.0 	0.06 	0.44 	0.0 	0.0 	0.01 	0.01 	0.06 	0.0 	0.0 	0.0 	0.08 	0.01 	0.0 	0.0 	0.01 	
319 	0.0 	0.0 	0.0 	0.0 	0.0 	0.0 	0.0 	0.0 	0.0 	0.25 	0.65 	0.0 	0.06 	0.03 	0.0 	0.0 	0.0 	0.0 	0.0 	0.01 	
320 	0.02 	0.19 	0.01 	0.01 	0.0 	0.15 	0.01 	0.01 	0.1 	0.01 	0.03 	0.1 	0.0 	0.01 	0.02 	0.05 	0.21 	0.02 	0.01 	0.01 	
321 	0.01 	0.34 	0.01 	0.01 	0.0 	0.06 	0.22 	0.0 	0.0 	0.01 	0.0 	0.21 	0.0 	0.0 	0.0 	0.07 	0.04 	0.0 	0.0 	0.0 	
322 	0.01 	0.25 	0.14 	0.04 	0.01 	0.01 	0.12 	0.03 	0.02 	0.0 	0.01 	0.29 	0.0 	0.0 	0.0 	0.01 	0.04 	0.0 	0.0 	0.01 	
323 	0.3 	0.0 	0.02 	0.0 	0.01 	0.0 	0.0 	0.04 	0.0 	0.0 	0.0 	0.0 	0.0 	0.0 	0.0 	0.11 	0.16 	0.0 	0.0 	0.37 	
324 	0.0 	0.07 	0.11 	0.25 	0.0 	0.11 	0.1 	0.0 	0.0 	0.0 	0.0 	0.13 	0.0 	0.0 	0.0 	0.02 	0.22 	0.0 	0.0 	0.0 	
325 	0.0 	0.0 	0.0 	0.0 	0.0 	0.0 	0.0 	0.0 	0.0 	0.05 	0.0 	0.0 	0.01 	0.57 	0.0 	0.0 	0.0 	0.0 	0.33 	0.03 	
326 	0.03 	0.0 	0.0 	0.0 	0.0 	0.0 	0.0 	0.0 	0.0 	0.28 	0.0 	0.0 	0.0 	0.0 	0.0 	0.0 	0.09 	0.0 	0.0 	0.59 	
327 	0.0 	0.46 	0.0 	0.0 	0.0 	0.02 	0.04 	0.0 	0.0 	0.27 	0.1 	0.06 	0.01 	0.0 	0.0 	0.0 	0.0 	0.0 	0.0 	0.04 	
328 	0.0 	0.0 	0.0 	0.0 	0.0 	0.0 	0.0 	0.0 	0.0 	0.27 	0.07 	0.0 	0.11 	0.0 	0.0 	0.0 	0.0 	0.0 	0.0 	0.55 	
