	A 	R 	N 	D 	C 	Q 	E 	G 	H 	I 	L 	K 	M 	F 	P 	S 	T 	W 	Y 	V 	
1 	0.28 	0.0 	0.0 	0.0 	0.15 	0.0 	0.0 	0.0 	0.0 	0.0 	0.0 	0.0 	0.0 	0.0 	0.0 	0.25 	0.32 	0.0 	0.0 	0.0 	
2 	0.04 	0.0 	0.0 	0.0 	0.0 	0.0 	0.0 	0.0 	0.0 	0.08 	0.39 	0.0 	0.14 	0.0 	0.0 	0.0 	0.04 	0.0 	0.0 	0.31 	
3 	0.03 	0.0 	0.0 	0.0 	0.0 	0.0 	0.0 	0.0 	0.0 	0.07 	0.42 	0.01 	0.02 	0.04 	0.0 	0.07 	0.24 	0.02 	0.04 	0.04 	
4 	0.0 	0.1 	0.07 	0.0 	0.0 	0.22 	0.25 	0.0 	0.12 	0.0 	0.0 	0.11 	0.0 	0.0 	0.0 	0.08 	0.05 	0.0 	0.0 	0.0 	
5 	0.0 	0.0 	0.0 	0.0 	0.0 	0.04 	0.02 	0.0 	0.0 	0.0 	0.0 	0.0 	0.0 	0.04 	0.0 	0.16 	0.74 	0.0 	0.0 	0.0 	
6 	0.0 	0.0 	0.19 	0.43 	0.0 	0.03 	0.13 	0.0 	0.02 	0.0 	0.0 	0.0 	0.0 	0.0 	0.0 	0.21 	0.0 	0.0 	0.0 	0.0 	
7 	0.03 	0.0 	0.0 	0.0 	0.0 	0.0 	0.0 	0.0 	0.0 	0.05 	0.51 	0.0 	0.14 	0.22 	0.0 	0.03 	0.0 	0.0 	0.0 	0.02 	
8 	0.0 	0.0 	0.0 	0.08 	0.0 	0.0 	0.03 	0.0 	0.03 	0.02 	0.06 	0.03 	0.14 	0.0 	0.55 	0.0 	0.05 	0.0 	0.0 	0.0 	
9 	0.05 	0.01 	0.19 	0.11 	0.0 	0.01 	0.06 	0.34 	0.0 	0.01 	0.03 	0.03 	0.0 	0.03 	0.01 	0.06 	0.04 	0.0 	0.0 	0.01 	
10 	0.02 	0.01 	0.06 	0.01 	0.02 	0.1 	0.02 	0.04 	0.04 	0.06 	0.02 	0.12 	0.0 	0.06 	0.03 	0.26 	0.07 	0.02 	0.01 	0.03 	
11 	0.01 	0.02 	0.0 	0.0 	0.01 	0.0 	0.0 	0.02 	0.0 	0.0 	0.55 	0.02 	0.28 	0.03 	0.0 	0.01 	0.0 	0.0 	0.0 	0.04 	
12 	0.0 	0.02 	0.04 	0.01 	0.0 	0.01 	0.3 	0.0 	0.0 	0.0 	0.0 	0.32 	0.0 	0.0 	0.2 	0.02 	0.09 	0.0 	0.0 	0.0 	
13 	0.01 	0.0 	0.01 	0.0 	0.0 	0.04 	0.02 	0.02 	0.02 	0.03 	0.52 	0.15 	0.06 	0.05 	0.01 	0.01 	0.0 	0.0 	0.0 	0.04 	
14 	0.01 	0.01 	0.0 	0.0 	0.0 	0.0 	0.0 	0.0 	0.0 	0.23 	0.53 	0.01 	0.0 	0.0 	0.0 	0.0 	0.0 	0.0 	0.01 	0.18 	
15 	0.13 	0.01 	0.03 	0.0 	0.0 	0.0 	0.0 	0.04 	0.11 	0.01 	0.0 	0.02 	0.0 	0.0 	0.0 	0.03 	0.04 	0.0 	0.59 	0.0 	
16 	0.03 	0.16 	0.0 	0.0 	0.0 	0.01 	0.42 	0.01 	0.02 	0.0 	0.0 	0.09 	0.0 	0.0 	0.0 	0.18 	0.06 	0.0 	0.0 	0.0 	
17 	0.0 	0.0 	0.0 	0.0 	0.0 	0.0 	0.0 	1.0 	0.0 	0.0 	0.0 	0.0 	0.0 	0.0 	0.0 	0.0 	0.0 	0.0 	0.0 	0.0 	
18 	0.0 	0.0 	0.0 	0.0 	0.0 	0.0 	0.0 	0.0 	0.0 	0.0 	0.0 	0.96 	0.0 	0.0 	0.0 	0.04 	0.0 	0.0 	0.0 	0.0 	
19 	0.44 	0.0 	0.0 	0.0 	0.0 	0.0 	0.0 	0.02 	0.0 	0.0 	0.0 	0.0 	0.0 	0.0 	0.0 	0.05 	0.09 	0.0 	0.0 	0.41 	
20 	0.0 	0.36 	0.0 	0.0 	0.0 	0.0 	0.0 	0.0 	0.0 	0.0 	0.0 	0.64 	0.0 	0.0 	0.0 	0.0 	0.0 	0.0 	0.0 	0.0 	
21 	0.02 	0.09 	0.0 	0.32 	0.0 	0.03 	0.09 	0.0 	0.0 	0.16 	0.0 	0.1 	0.0 	0.0 	0.0 	0.1 	0.07 	0.0 	0.0 	0.02 	
22 	0.0 	0.0 	0.03 	0.0 	0.0 	0.0 	0.0 	0.0 	0.0 	0.28 	0.25 	0.0 	0.05 	0.0 	0.0 	0.0 	0.0 	0.0 	0.0 	0.39 	
23 	0.0 	0.0 	0.0 	0.0 	0.0 	0.0 	0.0 	0.0 	0.0 	0.02 	0.01 	0.0 	0.0 	0.14 	0.0 	0.0 	0.0 	0.02 	0.81 	0.0 	
24 	0.19 	0.07 	0.02 	0.17 	0.0 	0.03 	0.16 	0.0 	0.01 	0.0 	0.04 	0.06 	0.0 	0.0 	0.02 	0.09 	0.07 	0.05 	0.01 	0.0 	
25 	0.06 	0.0 	0.01 	0.0 	0.01 	0.01 	0.01 	0.0 	0.0 	0.09 	0.17 	0.0 	0.0 	0.01 	0.05 	0.02 	0.4 	0.0 	0.01 	0.13 	
26 	0.01 	0.01 	0.05 	0.54 	0.0 	0.0 	0.21 	0.05 	0.02 	0.0 	0.01 	0.01 	0.0 	0.0 	0.03 	0.01 	0.01 	0.0 	0.01 	0.01 	
27 	0.08 	0.0 	0.06 	0.3 	0.0 	0.01 	0.14 	0.14 	0.0 	0.0 	0.02 	0.03 	0.0 	0.0 	0.16 	0.02 	0.03 	0.0 	0.0 	0.0 	
28 	0.02 	0.01 	0.05 	0.36 	0.0 	0.01 	0.13 	0.18 	0.01 	0.0 	0.01 	0.04 	0.0 	0.0 	0.14 	0.04 	0.01 	0.0 	0.0 	0.0 	
29 	0.02 	0.11 	0.06 	0.08 	0.01 	0.04 	0.08 	0.01 	0.08 	0.02 	0.16 	0.08 	0.01 	0.02 	0.0 	0.0 	0.15 	0.0 	0.04 	0.03 	
30 	0.08 	0.01 	0.0 	0.0 	0.01 	0.0 	0.0 	0.02 	0.0 	0.05 	0.56 	0.0 	0.03 	0.02 	0.0 	0.0 	0.0 	0.0 	0.05 	0.16 	
31 	0.0 	0.02 	0.0 	0.0 	0.0 	0.0 	0.0 	0.0 	0.0 	0.3 	0.43 	0.0 	0.0 	0.01 	0.0 	0.0 	0.0 	0.0 	0.01 	0.23 	
32 	0.03 	0.0 	0.0 	0.0 	0.01 	0.07 	0.0 	0.0 	0.0 	0.2 	0.19 	0.0 	0.26 	0.12 	0.0 	0.01 	0.01 	0.03 	0.0 	0.08 	
33 	0.05 	0.03 	0.0 	0.0 	0.0 	0.02 	0.21 	0.0 	0.04 	0.06 	0.03 	0.05 	0.0 	0.02 	0.0 	0.01 	0.0 	0.0 	0.07 	0.39 	
34 	0.2 	0.0 	0.0 	0.0 	0.0 	0.01 	0.01 	0.0 	0.02 	0.05 	0.0 	0.0 	0.0 	0.44 	0.0 	0.04 	0.07 	0.0 	0.16 	0.01 	
35 	0.0 	0.1 	0.0 	0.0 	0.0 	0.0 	0.0 	0.0 	0.0 	0.0 	0.01 	0.41 	0.01 	0.0 	0.0 	0.29 	0.18 	0.0 	0.0 	0.0 	
36 	0.0 	0.0 	0.15 	0.85 	0.0 	0.0 	0.0 	0.0 	0.0 	0.0 	0.0 	0.01 	0.0 	0.0 	0.0 	0.0 	0.0 	0.0 	0.0 	0.0 	
37 	0.0 	0.43 	0.01 	0.35 	0.0 	0.06 	0.05 	0.02 	0.0 	0.0 	0.0 	0.03 	0.0 	0.0 	0.0 	0.06 	0.0 	0.0 	0.0 	0.0 	
38 	0.3 	0.0 	0.0 	0.0 	0.0 	0.01 	0.0 	0.0 	0.0 	0.32 	0.14 	0.0 	0.01 	0.0 	0.0 	0.0 	0.06 	0.0 	0.03 	0.12 	
39 	0.0 	0.0 	0.0 	0.0 	0.0 	0.0 	0.0 	0.0 	0.0 	0.0 	0.0 	0.0 	0.0 	0.0 	0.0 	0.51 	0.47 	0.0 	0.0 	0.0 	
40 	0.86 	0.01 	0.0 	0.0 	0.0 	0.01 	0.0 	0.02 	0.0 	0.01 	0.02 	0.0 	0.01 	0.0 	0.0 	0.0 	0.0 	0.0 	0.0 	0.07 	
41 	0.0 	0.0 	0.0 	0.0 	0.0 	0.0 	0.03 	0.13 	0.0 	0.0 	0.09 	0.0 	0.0 	0.63 	0.0 	0.0 	0.0 	0.0 	0.1 	0.0 	
42 	0.0 	0.0 	0.38 	0.6 	0.0 	0.0 	0.0 	0.0 	0.0 	0.0 	0.0 	0.0 	0.0 	0.0 	0.0 	0.01 	0.0 	0.0 	0.0 	0.0 	
43 	0.14 	0.02 	0.03 	0.0 	0.06 	0.0 	0.0 	0.41 	0.03 	0.0 	0.0 	0.04 	0.0 	0.03 	0.0 	0.0 	0.0 	0.01 	0.02 	0.2 	
44 	0.13 	0.0 	0.01 	0.0 	0.0 	0.1 	0.17 	0.0 	0.0 	0.26 	0.03 	0.12 	0.0 	0.0 	0.0 	0.0 	0.01 	0.0 	0.0 	0.18 	
45 	0.0 	0.13 	0.0 	0.0 	0.0 	0.01 	0.0 	0.0 	0.0 	0.04 	0.23 	0.37 	0.12 	0.04 	0.0 	0.0 	0.0 	0.04 	0.01 	0.01 	
46 	0.02 	0.1 	0.02 	0.06 	0.0 	0.01 	0.06 	0.03 	0.08 	0.07 	0.0 	0.33 	0.0 	0.0 	0.17 	0.03 	0.01 	0.0 	0.01 	0.01 	
47 	0.13 	0.01 	0.08 	0.18 	0.0 	0.02 	0.2 	0.16 	0.02 	0.0 	0.0 	0.01 	0.0 	0.0 	0.03 	0.06 	0.09 	0.0 	0.0 	0.0 	
48 	0.02 	0.01 	0.01 	0.02 	0.0 	0.14 	0.12 	0.15 	0.04 	0.04 	0.01 	0.06 	0.01 	0.0 	0.11 	0.06 	0.12 	0.0 	0.01 	0.06 	
49 	0.02 	0.0 	0.0 	0.0 	0.0 	0.0 	0.02 	0.0 	0.0 	0.6 	0.13 	0.0 	0.04 	0.07 	0.0 	0.0 	0.0 	0.0 	0.0 	0.1 	
50 	0.11 	0.0 	0.01 	0.11 	0.0 	0.02 	0.17 	0.01 	0.01 	0.0 	0.01 	0.02 	0.0 	0.0 	0.41 	0.06 	0.05 	0.0 	0.0 	0.01 	
51 	0.0 	0.09 	0.07 	0.18 	0.0 	0.01 	0.04 	0.52 	0.02 	0.0 	0.0 	0.01 	0.01 	0.02 	0.0 	0.0 	0.0 	0.0 	0.03 	0.0 	
52 	0.01 	0.0 	0.0 	0.0 	0.0 	0.0 	0.0 	0.0 	0.0 	0.0 	0.0 	0.99 	0.0 	0.0 	0.0 	0.0 	0.0 	0.0 	0.0 	0.0 	
53 	0.02 	0.0 	0.0 	0.01 	0.0 	0.0 	0.0 	0.96 	0.0 	0.0 	0.0 	0.0 	0.0 	0.0 	0.0 	0.01 	0.0 	0.0 	0.0 	0.0 	
54 	0.18 	0.19 	0.0 	0.0 	0.0 	0.06 	0.14 	0.0 	0.0 	0.05 	0.0 	0.08 	0.04 	0.01 	0.0 	0.03 	0.01 	0.01 	0.03 	0.15 	
55 	0.08 	0.0 	0.0 	0.0 	0.0 	0.0 	0.0 	0.0 	0.0 	0.19 	0.35 	0.0 	0.04 	0.0 	0.0 	0.04 	0.0 	0.0 	0.04 	0.25 	
56 	0.05 	0.0 	0.48 	0.0 	0.01 	0.0 	0.0 	0.0 	0.0 	0.0 	0.42 	0.0 	0.0 	0.0 	0.0 	0.03 	0.01 	0.0 	0.0 	0.0 	
57 	0.08 	0.0 	0.45 	0.0 	0.15 	0.0 	0.0 	0.02 	0.01 	0.0 	0.02 	0.0 	0.0 	0.0 	0.0 	0.02 	0.24 	0.0 	0.0 	0.0 	
58 	0.18 	0.15 	0.04 	0.0 	0.0 	0.27 	0.07 	0.0 	0.01 	0.0 	0.03 	0.14 	0.01 	0.0 	0.0 	0.02 	0.05 	0.0 	0.01 	0.0 	
59 	0.0 	0.0 	0.0 	0.0 	0.0 	0.01 	0.0 	0.0 	0.0 	0.53 	0.09 	0.0 	0.1 	0.08 	0.0 	0.0 	0.12 	0.0 	0.0 	0.06 	
60 	0.09 	0.0 	0.08 	0.01 	0.0 	0.0 	0.0 	0.02 	0.0 	0.0 	0.0 	0.0 	0.0 	0.0 	0.0 	0.62 	0.18 	0.0 	0.0 	0.0 	
61 	0.27 	0.03 	0.11 	0.01 	0.02 	0.01 	0.1 	0.01 	0.02 	0.0 	0.06 	0.04 	0.0 	0.0 	0.0 	0.19 	0.07 	0.0 	0.01 	0.05 	
62 	0.02 	0.02 	0.04 	0.0 	0.02 	0.02 	0.01 	0.0 	0.11 	0.04 	0.11 	0.06 	0.01 	0.4 	0.0 	0.01 	0.0 	0.04 	0.09 	0.01 	
63 	0.0 	0.0 	0.01 	0.0 	0.0 	0.0 	0.0 	0.0 	0.0 	0.24 	0.21 	0.0 	0.0 	0.12 	0.0 	0.0 	0.02 	0.33 	0.0 	0.07 	
64 	0.0 	0.0 	0.0 	0.0 	0.0 	0.0 	0.0 	0.0 	0.0 	0.0 	0.03 	0.0 	0.18 	0.78 	0.0 	0.0 	0.0 	0.0 	0.01 	0.0 	
65 	0.05 	0.1 	0.06 	0.15 	0.0 	0.08 	0.23 	0.03 	0.02 	0.0 	0.01 	0.15 	0.0 	0.0 	0.01 	0.05 	0.07 	0.0 	0.0 	0.0 	
66 	0.03 	0.06 	0.02 	0.0 	0.0 	0.1 	0.02 	0.01 	0.03 	0.01 	0.22 	0.24 	0.05 	0.05 	0.0 	0.0 	0.01 	0.01 	0.11 	0.04 	
67 	0.0 	0.0 	0.0 	0.0 	0.0 	0.0 	0.0 	0.0 	0.0 	0.05 	0.77 	0.0 	0.04 	0.06 	0.0 	0.0 	0.07 	0.0 	0.0 	0.02 	
68 	0.17 	0.01 	0.06 	0.02 	0.0 	0.08 	0.36 	0.04 	0.01 	0.01 	0.0 	0.12 	0.0 	0.0 	0.02 	0.05 	0.02 	0.0 	0.0 	0.01 	
69 	0.07 	0.08 	0.08 	0.15 	0.0 	0.05 	0.2 	0.02 	0.13 	0.0 	0.01 	0.06 	0.03 	0.0 	0.02 	0.06 	0.01 	0.0 	0.01 	0.01 	
70 	0.01 	0.01 	0.06 	0.06 	0.0 	0.02 	0.01 	0.53 	0.01 	0.14 	0.05 	0.03 	0.0 	0.0 	0.01 	0.01 	0.01 	0.0 	0.01 	0.04 	
71 	0.09 	0.01 	0.0 	0.0 	0.02 	0.0 	0.0 	0.01 	0.0 	0.45 	0.03 	0.0 	0.03 	0.01 	0.0 	0.0 	0.01 	0.0 	0.0 	0.29 	
72 	0.08 	0.04 	0.02 	0.08 	0.0 	0.01 	0.1 	0.01 	0.0 	0.01 	0.01 	0.14 	0.0 	0.0 	0.44 	0.02 	0.02 	0.0 	0.0 	0.01 	
73 	0.01 	0.0 	0.37 	0.0 	0.0 	0.0 	0.0 	0.01 	0.01 	0.01 	0.01 	0.0 	0.0 	0.0 	0.0 	0.1 	0.45 	0.0 	0.0 	0.01 	
74 	0.01 	0.0 	0.0 	0.01 	0.0 	0.04 	0.0 	0.0 	0.86 	0.0 	0.01 	0.0 	0.0 	0.0 	0.0 	0.0 	0.0 	0.02 	0.0 	0.0 	
75 	0.01 	0.0 	0.01 	0.0 	0.0 	0.0 	0.01 	0.01 	0.0 	0.1 	0.22 	0.02 	0.02 	0.4 	0.0 	0.01 	0.0 	0.0 	0.13 	0.04 	
76 	0.05 	0.01 	0.01 	0.01 	0.01 	0.02 	0.01 	0.01 	0.0 	0.38 	0.19 	0.01 	0.0 	0.0 	0.01 	0.01 	0.07 	0.0 	0.0 	0.2 	
77 	0.06 	0.02 	0.03 	0.13 	0.01 	0.01 	0.23 	0.2 	0.01 	0.02 	0.03 	0.03 	0.01 	0.01 	0.02 	0.12 	0.03 	0.0 	0.01 	0.02 	
78 	0.08 	0.02 	0.03 	0.04 	0.02 	0.02 	0.04 	0.04 	0.01 	0.11 	0.13 	0.03 	0.05 	0.02 	0.03 	0.09 	0.1 	0.01 	0.04 	0.09 	
79 	0.1 	0.06 	0.04 	0.1 	0.01 	0.04 	0.07 	0.04 	0.01 	0.07 	0.05 	0.05 	0.01 	0.02 	0.13 	0.05 	0.04 	0.01 	0.02 	0.06 	
80 	0.06 	0.03 	0.03 	0.12 	0.01 	0.03 	0.07 	0.08 	0.01 	0.04 	0.06 	0.04 	0.01 	0.02 	0.16 	0.05 	0.06 	0.01 	0.02 	0.09 	
81 	0.06 	0.04 	0.07 	0.07 	0.01 	0.03 	0.09 	0.07 	0.07 	0.03 	0.06 	0.06 	0.01 	0.02 	0.13 	0.06 	0.05 	0.01 	0.02 	0.04 	
82 	0.06 	0.06 	0.05 	0.11 	0.01 	0.03 	0.07 	0.07 	0.02 	0.03 	0.06 	0.06 	0.03 	0.03 	0.09 	0.09 	0.05 	0.01 	0.03 	0.04 	
83 	0.06 	0.04 	0.03 	0.04 	0.02 	0.03 	0.05 	0.07 	0.01 	0.05 	0.09 	0.06 	0.02 	0.1 	0.03 	0.06 	0.07 	0.01 	0.03 	0.14 	
84 	0.06 	0.04 	0.03 	0.04 	0.01 	0.03 	0.06 	0.05 	0.02 	0.08 	0.06 	0.04 	0.04 	0.03 	0.07 	0.05 	0.06 	0.01 	0.02 	0.2 	
85 	0.1 	0.05 	0.03 	0.04 	0.01 	0.03 	0.06 	0.06 	0.02 	0.06 	0.07 	0.05 	0.02 	0.05 	0.04 	0.07 	0.06 	0.07 	0.04 	0.06 	
86 	0.09 	0.06 	0.05 	0.08 	0.02 	0.04 	0.07 	0.08 	0.02 	0.04 	0.07 	0.05 	0.02 	0.03 	0.05 	0.06 	0.06 	0.01 	0.03 	0.07 	
87 	0.06 	0.06 	0.04 	0.05 	0.04 	0.04 	0.06 	0.06 	0.03 	0.06 	0.08 	0.05 	0.02 	0.05 	0.04 	0.06 	0.06 	0.01 	0.03 	0.09 	
88 	0.06 	0.07 	0.04 	0.06 	0.02 	0.05 	0.06 	0.06 	0.02 	0.05 	0.16 	0.05 	0.02 	0.04 	0.05 	0.06 	0.05 	0.01 	0.03 	0.06 	
89 	0.1 	0.04 	0.04 	0.04 	0.02 	0.04 	0.08 	0.06 	0.02 	0.04 	0.09 	0.05 	0.02 	0.03 	0.12 	0.06 	0.05 	0.01 	0.03 	0.07 	
90 	0.08 	0.05 	0.04 	0.07 	0.02 	0.04 	0.08 	0.07 	0.02 	0.04 	0.08 	0.07 	0.02 	0.03 	0.05 	0.07 	0.05 	0.01 	0.04 	0.07 	
91 	0.13 	0.06 	0.03 	0.05 	0.01 	0.04 	0.07 	0.06 	0.02 	0.04 	0.07 	0.08 	0.02 	0.03 	0.09 	0.05 	0.04 	0.01 	0.03 	0.06 	
92 	0.06 	0.04 	0.05 	0.05 	0.01 	0.03 	0.06 	0.12 	0.02 	0.05 	0.09 	0.04 	0.02 	0.04 	0.09 	0.06 	0.04 	0.01 	0.02 	0.08 	
93 	0.11 	0.05 	0.03 	0.08 	0.01 	0.04 	0.06 	0.05 	0.02 	0.09 	0.09 	0.05 	0.02 	0.03 	0.05 	0.08 	0.05 	0.01 	0.02 	0.06 	
94 	0.12 	0.05 	0.03 	0.1 	0.02 	0.03 	0.08 	0.05 	0.02 	0.03 	0.08 	0.07 	0.02 	0.03 	0.08 	0.05 	0.05 	0.01 	0.02 	0.07 	
95 	0.08 	0.04 	0.04 	0.04 	0.01 	0.04 	0.07 	0.05 	0.02 	0.03 	0.06 	0.04 	0.02 	0.03 	0.14 	0.07 	0.11 	0.01 	0.03 	0.05 	
96 	0.1 	0.08 	0.05 	0.08 	0.01 	0.06 	0.06 	0.07 	0.03 	0.04 	0.07 	0.07 	0.02 	0.03 	0.05 	0.05 	0.04 	0.01 	0.02 	0.05 	
97 	0.06 	0.03 	0.03 	0.05 	0.01 	0.03 	0.09 	0.05 	0.03 	0.09 	0.07 	0.05 	0.04 	0.05 	0.03 	0.05 	0.04 	0.01 	0.12 	0.07 	
98 	0.09 	0.07 	0.03 	0.04 	0.01 	0.04 	0.11 	0.04 	0.01 	0.04 	0.06 	0.06 	0.01 	0.02 	0.12 	0.04 	0.06 	0.01 	0.02 	0.09 	
99 	0.09 	0.11 	0.02 	0.08 	0.01 	0.05 	0.11 	0.04 	0.01 	0.02 	0.04 	0.19 	0.01 	0.02 	0.04 	0.07 	0.03 	0.01 	0.01 	0.05 	
100 	0.04 	0.11 	0.02 	0.05 	0.01 	0.17 	0.09 	0.02 	0.02 	0.03 	0.1 	0.17 	0.03 	0.01 	0.03 	0.03 	0.04 	0.0 	0.01 	0.04 	
101 	0.02 	0.02 	0.01 	0.01 	0.02 	0.02 	0.02 	0.03 	0.0 	0.12 	0.41 	0.01 	0.01 	0.02 	0.03 	0.02 	0.03 	0.01 	0.02 	0.19 	
102 	0.06 	0.04 	0.17 	0.05 	0.0 	0.02 	0.12 	0.04 	0.0 	0.03 	0.07 	0.04 	0.0 	0.01 	0.01 	0.29 	0.02 	0.0 	0.01 	0.01 	
103 	0.04 	0.01 	0.02 	0.25 	0.0 	0.01 	0.14 	0.24 	0.0 	0.01 	0.02 	0.02 	0.09 	0.01 	0.07 	0.03 	0.01 	0.0 	0.01 	0.01 	
104 	0.01 	0.46 	0.13 	0.03 	0.01 	0.01 	0.01 	0.05 	0.01 	0.02 	0.03 	0.02 	0.0 	0.0 	0.01 	0.01 	0.18 	0.0 	0.01 	0.01 	
105 	0.15 	0.02 	0.01 	0.05 	0.0 	0.03 	0.34 	0.01 	0.01 	0.01 	0.02 	0.02 	0.0 	0.01 	0.01 	0.14 	0.08 	0.03 	0.02 	0.04 	
106 	0.02 	0.01 	0.01 	0.01 	0.02 	0.25 	0.01 	0.01 	0.0 	0.06 	0.12 	0.01 	0.26 	0.04 	0.01 	0.04 	0.03 	0.0 	0.0 	0.09 	
107 	0.02 	0.03 	0.0 	0.01 	0.0 	0.01 	0.0 	0.0 	0.01 	0.19 	0.5 	0.03 	0.0 	0.0 	0.0 	0.0 	0.0 	0.01 	0.0 	0.17 	
108 	0.07 	0.0 	0.03 	0.0 	0.09 	0.0 	0.0 	0.03 	0.0 	0.09 	0.0 	0.0 	0.0 	0.02 	0.0 	0.01 	0.02 	0.0 	0.0 	0.61 	
109 	0.01 	0.24 	0.01 	0.0 	0.0 	0.13 	0.03 	0.02 	0.01 	0.02 	0.0 	0.47 	0.0 	0.0 	0.01 	0.0 	0.01 	0.0 	0.01 	0.0 	
110 	0.04 	0.2 	0.01 	0.0 	0.0 	0.04 	0.04 	0.0 	0.01 	0.0 	0.01 	0.48 	0.0 	0.0 	0.05 	0.05 	0.02 	0.0 	0.04 	0.01 	
111 	0.14 	0.0 	0.02 	0.0 	0.11 	0.0 	0.0 	0.01 	0.01 	0.01 	0.35 	0.0 	0.03 	0.0 	0.0 	0.0 	0.02 	0.0 	0.01 	0.29 	
112 	0.02 	0.07 	0.02 	0.15 	0.0 	0.03 	0.27 	0.0 	0.01 	0.0 	0.0 	0.27 	0.0 	0.0 	0.0 	0.05 	0.07 	0.0 	0.04 	0.01 	
113 	0.01 	0.01 	0.0 	0.0 	0.0 	0.0 	0.0 	0.0 	0.0 	0.31 	0.06 	0.0 	0.31 	0.0 	0.18 	0.0 	0.0 	0.0 	0.0 	0.12 	
114 	0.0 	0.0 	0.0 	0.0 	0.0 	0.0 	0.0 	0.0 	0.0 	0.47 	0.17 	0.0 	0.0 	0.14 	0.01 	0.0 	0.0 	0.0 	0.01 	0.19 	
115 	0.01 	0.0 	0.0 	0.01 	0.0 	0.0 	0.0 	0.02 	0.0 	0.0 	0.03 	0.08 	0.03 	0.0 	0.81 	0.0 	0.0 	0.0 	0.0 	0.0 	
116 	0.02 	0.0 	0.0 	0.0 	0.0 	0.0 	0.0 	0.0 	0.0 	0.26 	0.39 	0.0 	0.0 	0.03 	0.0 	0.0 	0.0 	0.0 	0.01 	0.29 	
117 	0.0 	0.0 	0.0 	0.0 	0.0 	0.04 	0.96 	0.0 	0.0 	0.0 	0.0 	0.0 	0.0 	0.0 	0.0 	0.0 	0.0 	0.0 	0.0 	0.0 	
118 	0.14 	0.0 	0.0 	0.0 	0.21 	0.0 	0.0 	0.0 	0.0 	0.05 	0.0 	0.0 	0.02 	0.06 	0.0 	0.01 	0.0 	0.02 	0.0 	0.48 	
119 	0.0 	0.0 	0.0 	0.0 	0.0 	0.0 	0.0 	0.0 	0.0 	0.37 	0.0 	0.0 	0.0 	0.0 	0.0 	0.0 	0.0 	0.0 	0.0 	0.63 	
120 	0.09 	0.0 	0.01 	0.0 	0.07 	0.0 	0.0 	0.0 	0.0 	0.11 	0.05 	0.0 	0.02 	0.02 	0.0 	0.0 	0.05 	0.0 	0.01 	0.56 	
121 	0.0 	0.96 	0.0 	0.0 	0.0 	0.0 	0.0 	0.0 	0.0 	0.0 	0.0 	0.0 	0.0 	0.0 	0.0 	0.04 	0.0 	0.0 	0.0 	0.0 	
122 	0.0 	0.05 	0.49 	0.0 	0.0 	0.04 	0.0 	0.31 	0.01 	0.0 	0.01 	0.01 	0.0 	0.01 	0.0 	0.04 	0.0 	0.0 	0.03 	0.0 	
123 	0.01 	0.05 	0.0 	0.0 	0.0 	0.0 	0.0 	0.0 	0.0 	0.19 	0.04 	0.02 	0.0 	0.02 	0.0 	0.0 	0.03 	0.0 	0.43 	0.2 	
124 	0.47 	0.0 	0.0 	0.0 	0.0 	0.0 	0.0 	0.0 	0.0 	0.15 	0.19 	0.01 	0.0 	0.01 	0.04 	0.01 	0.02 	0.0 	0.01 	0.09 	
125 	0.44 	0.0 	0.0 	0.0 	0.05 	0.0 	0.02 	0.0 	0.0 	0.03 	0.0 	0.0 	0.0 	0.0 	0.0 	0.08 	0.3 	0.0 	0.04 	0.04 	
126 	0.0 	0.0 	0.0 	0.0 	0.0 	0.0 	0.0 	1.0 	0.0 	0.0 	0.0 	0.0 	0.0 	0.0 	0.0 	0.0 	0.0 	0.0 	0.0 	0.0 	
127 	0.0 	0.04 	0.0 	0.0 	0.0 	0.0 	0.0 	0.01 	0.03 	0.0 	0.0 	0.0 	0.0 	0.0 	0.0 	0.91 	0.01 	0.0 	0.0 	0.0 	
128 	0.06 	0.0 	0.0 	0.0 	0.0 	0.01 	0.0 	0.21 	0.0 	0.09 	0.3 	0.0 	0.08 	0.18 	0.0 	0.03 	0.0 	0.0 	0.03 	0.0 	
129 	0.1 	0.0 	0.0 	0.0 	0.1 	0.01 	0.01 	0.0 	0.0 	0.02 	0.16 	0.01 	0.01 	0.01 	0.0 	0.09 	0.04 	0.26 	0.02 	0.16 	
130 	0.03 	0.27 	0.0 	0.01 	0.0 	0.01 	0.01 	0.0 	0.0 	0.01 	0.03 	0.53 	0.0 	0.0 	0.0 	0.03 	0.03 	0.0 	0.0 	0.02 	
131 	0.06 	0.48 	0.01 	0.13 	0.0 	0.04 	0.17 	0.0 	0.0 	0.0 	0.01 	0.04 	0.0 	0.0 	0.0 	0.03 	0.02 	0.0 	0.0 	0.01 	
132 	0.01 	0.05 	0.0 	0.0 	0.0 	0.0 	0.01 	0.01 	0.02 	0.0 	0.26 	0.01 	0.03 	0.11 	0.0 	0.01 	0.03 	0.01 	0.44 	0.01 	
133 	0.08 	0.04 	0.06 	0.03 	0.03 	0.19 	0.04 	0.03 	0.01 	0.07 	0.06 	0.11 	0.01 	0.02 	0.07 	0.04 	0.05 	0.01 	0.01 	0.04 	
134 	0.15 	0.08 	0.06 	0.03 	0.01 	0.06 	0.11 	0.04 	0.02 	0.02 	0.04 	0.2 	0.01 	0.02 	0.02 	0.04 	0.04 	0.01 	0.02 	0.03 	
135 	0.06 	0.04 	0.04 	0.04 	0.01 	0.04 	0.14 	0.05 	0.01 	0.03 	0.07 	0.04 	0.01 	0.02 	0.05 	0.1 	0.19 	0.01 	0.01 	0.05 	
136 	0.04 	0.13 	0.02 	0.01 	0.0 	0.02 	0.02 	0.57 	0.0 	0.01 	0.02 	0.03 	0.0 	0.01 	0.02 	0.03 	0.02 	0.0 	0.01 	0.01 	
137 	0.05 	0.01 	0.02 	0.03 	0.0 	0.04 	0.1 	0.02 	0.0 	0.13 	0.1 	0.05 	0.02 	0.04 	0.02 	0.06 	0.18 	0.0 	0.0 	0.12 	
138 	0.06 	0.01 	0.01 	0.02 	0.0 	0.02 	0.18 	0.01 	0.0 	0.07 	0.06 	0.08 	0.01 	0.06 	0.08 	0.02 	0.01 	0.0 	0.02 	0.26 	
139 	0.04 	0.01 	0.01 	0.05 	0.27 	0.02 	0.29 	0.01 	0.04 	0.01 	0.06 	0.05 	0.01 	0.01 	0.01 	0.04 	0.02 	0.0 	0.03 	0.02 	
140 	0.04 	0.02 	0.01 	0.04 	0.0 	0.01 	0.01 	0.69 	0.01 	0.01 	0.02 	0.02 	0.01 	0.01 	0.05 	0.02 	0.01 	0.0 	0.0 	0.01 	
141 	0.03 	0.02 	0.02 	0.03 	0.0 	0.03 	0.08 	0.01 	0.02 	0.24 	0.09 	0.02 	0.03 	0.02 	0.02 	0.03 	0.18 	0.0 	0.02 	0.1 	
142 	0.14 	0.05 	0.02 	0.05 	0.0 	0.05 	0.12 	0.05 	0.0 	0.02 	0.02 	0.13 	0.0 	0.03 	0.12 	0.04 	0.06 	0.0 	0.0 	0.1 	
143 	0.02 	0.01 	0.01 	0.01 	0.0 	0.01 	0.01 	0.02 	0.0 	0.07 	0.63 	0.02 	0.01 	0.07 	0.01 	0.01 	0.02 	0.02 	0.0 	0.04 	
144 	0.04 	0.01 	0.09 	0.05 	0.0 	0.01 	0.07 	0.04 	0.0 	0.01 	0.04 	0.08 	0.01 	0.01 	0.45 	0.03 	0.03 	0.0 	0.0 	0.02 	
145 	0.09 	0.07 	0.02 	0.09 	0.01 	0.07 	0.2 	0.02 	0.02 	0.01 	0.03 	0.04 	0.0 	0.03 	0.15 	0.05 	0.06 	0.0 	0.0 	0.04 	
146 	0.03 	0.01 	0.01 	0.01 	0.0 	0.0 	0.01 	0.44 	0.01 	0.0 	0.02 	0.01 	0.0 	0.03 	0.3 	0.03 	0.08 	0.0 	0.01 	0.01 	
147 	0.0 	0.0 	0.0 	0.01 	0.0 	0.0 	0.0 	0.0 	0.0 	0.22 	0.46 	0.0 	0.07 	0.03 	0.03 	0.0 	0.04 	0.0 	0.02 	0.12 	
148 	0.02 	0.05 	0.0 	0.05 	0.0 	0.05 	0.08 	0.01 	0.01 	0.06 	0.05 	0.17 	0.0 	0.06 	0.01 	0.01 	0.02 	0.0 	0.03 	0.31 	
149 	0.02 	0.0 	0.03 	0.05 	0.0 	0.04 	0.71 	0.0 	0.01 	0.0 	0.01 	0.09 	0.0 	0.0 	0.01 	0.0 	0.0 	0.0 	0.01 	0.0 	
150 	0.14 	0.0 	0.07 	0.08 	0.01 	0.0 	0.0 	0.21 	0.0 	0.01 	0.07 	0.0 	0.0 	0.25 	0.0 	0.1 	0.0 	0.0 	0.05 	0.0 	
151 	0.03 	0.0 	0.0 	0.12 	0.03 	0.12 	0.11 	0.01 	0.01 	0.0 	0.01 	0.01 	0.02 	0.13 	0.0 	0.11 	0.04 	0.0 	0.24 	0.0 	
152 	0.03 	0.15 	0.0 	0.01 	0.0 	0.06 	0.04 	0.0 	0.0 	0.03 	0.07 	0.22 	0.01 	0.03 	0.01 	0.0 	0.01 	0.0 	0.27 	0.07 	
153 	0.0 	0.0 	0.0 	0.0 	0.0 	0.01 	0.0 	0.0 	0.0 	0.01 	0.41 	0.38 	0.0 	0.18 	0.0 	0.0 	0.0 	0.0 	0.01 	0.0 	
154 	0.03 	0.0 	0.19 	0.26 	0.0 	0.0 	0.07 	0.02 	0.0 	0.01 	0.0 	0.01 	0.0 	0.0 	0.3 	0.07 	0.01 	0.0 	0.01 	0.0 	
155 	0.02 	0.01 	0.01 	0.46 	0.0 	0.02 	0.23 	0.01 	0.0 	0.0 	0.0 	0.05 	0.0 	0.0 	0.12 	0.03 	0.03 	0.0 	0.0 	0.0 	
156 	0.16 	0.0 	0.02 	0.07 	0.0 	0.01 	0.09 	0.01 	0.0 	0.01 	0.05 	0.01 	0.0 	0.0 	0.5 	0.04 	0.02 	0.0 	0.0 	0.0 	
157 	0.0 	0.01 	0.0 	0.0 	0.0 	0.0 	0.0 	0.0 	0.0 	0.37 	0.51 	0.03 	0.01 	0.01 	0.0 	0.0 	0.0 	0.0 	0.01 	0.04 	
158 	0.01 	0.0 	0.03 	0.07 	0.0 	0.01 	0.0 	0.18 	0.05 	0.12 	0.07 	0.01 	0.02 	0.31 	0.0 	0.01 	0.0 	0.0 	0.02 	0.06 	
159 	0.0 	0.0 	0.0 	0.47 	0.0 	0.01 	0.11 	0.0 	0.01 	0.0 	0.0 	0.0 	0.0 	0.0 	0.0 	0.01 	0.37 	0.0 	0.0 	0.0 	
160 	0.02 	0.0 	0.0 	0.01 	0.0 	0.0 	0.02 	0.0 	0.0 	0.0 	0.05 	0.01 	0.01 	0.12 	0.73 	0.0 	0.0 	0.0 	0.01 	0.01 	
161 	0.13 	0.01 	0.0 	0.01 	0.0 	0.0 	0.0 	0.0 	0.0 	0.02 	0.14 	0.08 	0.13 	0.15 	0.0 	0.21 	0.1 	0.0 	0.01 	0.0 	
162 	0.03 	0.0 	0.01 	0.02 	0.0 	0.0 	0.0 	0.0 	0.0 	0.17 	0.1 	0.0 	0.03 	0.02 	0.0 	0.06 	0.36 	0.01 	0.01 	0.17 	
163 	0.02 	0.03 	0.2 	0.04 	0.01 	0.0 	0.0 	0.01 	0.0 	0.01 	0.01 	0.53 	0.0 	0.0 	0.0 	0.04 	0.08 	0.0 	0.0 	0.0 	
164 	0.33 	0.03 	0.03 	0.19 	0.0 	0.0 	0.24 	0.02 	0.0 	0.01 	0.02 	0.0 	0.01 	0.0 	0.01 	0.07 	0.01 	0.0 	0.01 	0.01 	
165 	0.06 	0.06 	0.03 	0.27 	0.0 	0.02 	0.36 	0.01 	0.02 	0.0 	0.02 	0.02 	0.0 	0.01 	0.0 	0.04 	0.01 	0.0 	0.05 	0.02 	
166 	0.01 	0.02 	0.02 	0.07 	0.0 	0.03 	0.03 	0.03 	0.68 	0.01 	0.02 	0.02 	0.0 	0.0 	0.01 	0.01 	0.02 	0.0 	0.0 	0.01 	
167 	0.05 	0.01 	0.0 	0.56 	0.02 	0.0 	0.01 	0.01 	0.0 	0.16 	0.04 	0.01 	0.0 	0.03 	0.01 	0.01 	0.01 	0.0 	0.01 	0.06 	
168 	0.04 	0.1 	0.01 	0.01 	0.0 	0.02 	0.26 	0.01 	0.0 	0.06 	0.07 	0.05 	0.01 	0.01 	0.18 	0.01 	0.04 	0.0 	0.0 	0.1 	
169 	0.08 	0.01 	0.32 	0.02 	0.02 	0.05 	0.01 	0.03 	0.0 	0.06 	0.13 	0.01 	0.05 	0.02 	0.06 	0.04 	0.01 	0.0 	0.05 	0.02 	
170 	0.01 	0.01 	0.01 	0.01 	0.0 	0.01 	0.02 	0.01 	0.0 	0.31 	0.23 	0.01 	0.02 	0.11 	0.01 	0.01 	0.02 	0.03 	0.0 	0.17 	
171 	0.02 	0.02 	0.12 	0.08 	0.0 	0.01 	0.02 	0.14 	0.01 	0.01 	0.03 	0.02 	0.0 	0.01 	0.02 	0.36 	0.1 	0.0 	0.02 	0.01 	
172 	0.02 	0.12 	0.01 	0.03 	0.01 	0.02 	0.1 	0.01 	0.03 	0.08 	0.04 	0.05 	0.0 	0.16 	0.06 	0.01 	0.02 	0.11 	0.1 	0.03 	
173 	0.29 	0.01 	0.02 	0.11 	0.03 	0.04 	0.19 	0.02 	0.02 	0.03 	0.04 	0.04 	0.0 	0.01 	0.01 	0.07 	0.01 	0.0 	0.03 	0.03 	
174 	0.05 	0.06 	0.03 	0.09 	0.01 	0.13 	0.19 	0.02 	0.02 	0.02 	0.02 	0.08 	0.02 	0.01 	0.01 	0.05 	0.09 	0.0 	0.02 	0.08 	
175 	0.32 	0.01 	0.02 	0.03 	0.02 	0.02 	0.01 	0.01 	0.01 	0.13 	0.07 	0.01 	0.09 	0.01 	0.03 	0.02 	0.08 	0.0 	0.01 	0.11 	
176 	0.07 	0.02 	0.01 	0.04 	0.01 	0.09 	0.11 	0.01 	0.0 	0.07 	0.24 	0.03 	0.03 	0.06 	0.01 	0.04 	0.02 	0.0 	0.0 	0.15 	
177 	0.03 	0.03 	0.11 	0.06 	0.0 	0.08 	0.32 	0.21 	0.01 	0.0 	0.01 	0.09 	0.0 	0.0 	0.0 	0.02 	0.01 	0.0 	0.0 	0.0 	
178 	0.04 	0.04 	0.01 	0.01 	0.0 	0.01 	0.01 	0.0 	0.01 	0.27 	0.33 	0.02 	0.05 	0.04 	0.0 	0.01 	0.01 	0.08 	0.0 	0.06 	
179 	0.26 	0.01 	0.01 	0.01 	0.03 	0.01 	0.01 	0.03 	0.01 	0.14 	0.12 	0.02 	0.03 	0.0 	0.01 	0.06 	0.04 	0.0 	0.0 	0.22 	
180 	0.02 	0.02 	0.04 	0.04 	0.01 	0.01 	0.01 	0.34 	0.0 	0.01 	0.01 	0.02 	0.0 	0.0 	0.01 	0.17 	0.27 	0.0 	0.0 	0.01 	
181 	0.12 	0.1 	0.01 	0.08 	0.0 	0.08 	0.12 	0.02 	0.01 	0.02 	0.07 	0.11 	0.02 	0.01 	0.12 	0.03 	0.03 	0.0 	0.02 	0.03 	
182 	0.1 	0.02 	0.03 	0.15 	0.0 	0.02 	0.43 	0.02 	0.0 	0.01 	0.01 	0.06 	0.0 	0.0 	0.01 	0.05 	0.04 	0.0 	0.0 	0.02 	
183 	0.01 	0.04 	0.02 	0.11 	0.0 	0.13 	0.32 	0.01 	0.03 	0.04 	0.18 	0.01 	0.01 	0.0 	0.01 	0.01 	0.05 	0.0 	0.01 	0.01 	
184 	0.25 	0.02 	0.01 	0.01 	0.02 	0.01 	0.03 	0.01 	0.0 	0.17 	0.17 	0.01 	0.02 	0.04 	0.01 	0.03 	0.01 	0.02 	0.08 	0.11 	
185 	0.19 	0.03 	0.05 	0.2 	0.0 	0.04 	0.26 	0.01 	0.01 	0.01 	0.02 	0.07 	0.01 	0.0 	0.01 	0.05 	0.02 	0.0 	0.01 	0.02 	
186 	0.07 	0.12 	0.01 	0.05 	0.0 	0.18 	0.18 	0.0 	0.01 	0.06 	0.03 	0.14 	0.0 	0.03 	0.0 	0.0 	0.08 	0.01 	0.02 	0.01 	
187 	0.02 	0.0 	0.0 	0.0 	0.01 	0.0 	0.0 	0.0 	0.0 	0.27 	0.32 	0.0 	0.17 	0.0 	0.0 	0.0 	0.01 	0.0 	0.04 	0.15 	
188 	0.05 	0.29 	0.0 	0.02 	0.0 	0.03 	0.15 	0.01 	0.0 	0.01 	0.01 	0.29 	0.03 	0.0 	0.0 	0.05 	0.02 	0.01 	0.02 	0.01 	
189 	0.12 	0.08 	0.02 	0.17 	0.0 	0.07 	0.25 	0.0 	0.02 	0.01 	0.0 	0.12 	0.01 	0.0 	0.0 	0.06 	0.05 	0.0 	0.0 	0.01 	
190 	0.08 	0.03 	0.0 	0.01 	0.0 	0.06 	0.05 	0.0 	0.0 	0.11 	0.3 	0.05 	0.11 	0.01 	0.0 	0.01 	0.07 	0.0 	0.05 	0.05 	
191 	0.41 	0.0 	0.0 	0.0 	0.01 	0.0 	0.0 	0.03 	0.0 	0.02 	0.04 	0.0 	0.01 	0.0 	0.0 	0.15 	0.29 	0.0 	0.0 	0.03 	
192 	0.01 	0.12 	0.0 	0.01 	0.0 	0.02 	0.02 	0.0 	0.0 	0.14 	0.41 	0.07 	0.01 	0.05 	0.0 	0.0 	0.03 	0.0 	0.04 	0.06 	
193 	0.15 	0.24 	0.01 	0.04 	0.0 	0.09 	0.09 	0.0 	0.02 	0.01 	0.03 	0.27 	0.0 	0.0 	0.0 	0.03 	0.02 	0.0 	0.0 	0.0 	
194 	0.04 	0.0 	0.0 	0.0 	0.0 	0.0 	0.0 	0.04 	0.0 	0.43 	0.15 	0.0 	0.0 	0.0 	0.0 	0.01 	0.01 	0.0 	0.01 	0.31 	
195 	0.01 	0.01 	0.46 	0.04 	0.0 	0.0 	0.0 	0.0 	0.0 	0.0 	0.0 	0.0 	0.0 	0.15 	0.0 	0.01 	0.01 	0.0 	0.3 	0.0 	
196 	0.06 	0.04 	0.07 	0.19 	0.0 	0.08 	0.2 	0.04 	0.01 	0.0 	0.03 	0.1 	0.01 	0.0 	0.0 	0.07 	0.08 	0.0 	0.0 	0.02 	
197 	0.08 	0.11 	0.0 	0.01 	0.0 	0.02 	0.04 	0.0 	0.02 	0.16 	0.1 	0.07 	0.01 	0.12 	0.0 	0.01 	0.05 	0.0 	0.02 	0.18 	
198 	0.2 	0.0 	0.0 	0.0 	0.01 	0.0 	0.0 	0.09 	0.0 	0.1 	0.54 	0.0 	0.05 	0.0 	0.0 	0.0 	0.0 	0.0 	0.0 	0.01 	
199 	0.14 	0.09 	0.0 	0.01 	0.01 	0.05 	0.08 	0.0 	0.0 	0.04 	0.01 	0.17 	0.01 	0.01 	0.0 	0.23 	0.1 	0.0 	0.0 	0.04 	
200 	0.09 	0.03 	0.04 	0.18 	0.0 	0.07 	0.22 	0.12 	0.01 	0.0 	0.0 	0.12 	0.01 	0.0 	0.06 	0.02 	0.01 	0.0 	0.0 	0.02 	
201 	0.09 	0.01 	0.0 	0.0 	0.02 	0.0 	0.06 	0.01 	0.03 	0.13 	0.24 	0.0 	0.03 	0.18 	0.0 	0.01 	0.01 	0.02 	0.14 	0.03 	
202 	0.31 	0.0 	0.0 	0.0 	0.0 	0.0 	0.0 	0.0 	0.0 	0.0 	0.13 	0.0 	0.03 	0.4 	0.0 	0.0 	0.01 	0.07 	0.02 	0.04 	
203 	0.3 	0.07 	0.03 	0.14 	0.0 	0.04 	0.08 	0.02 	0.01 	0.03 	0.12 	0.05 	0.01 	0.01 	0.0 	0.07 	0.01 	0.0 	0.01 	0.0 	
204 	0.08 	0.03 	0.05 	0.1 	0.0 	0.07 	0.17 	0.12 	0.0 	0.0 	0.01 	0.19 	0.0 	0.0 	0.01 	0.09 	0.07 	0.0 	0.0 	0.0 	
205 	0.14 	0.21 	0.01 	0.0 	0.05 	0.05 	0.0 	0.02 	0.02 	0.12 	0.06 	0.19 	0.02 	0.0 	0.0 	0.01 	0.0 	0.0 	0.01 	0.09 	
206 	0.0 	0.01 	0.1 	0.12 	0.0 	0.01 	0.01 	0.71 	0.01 	0.0 	0.0 	0.03 	0.0 	0.0 	0.0 	0.01 	0.0 	0.0 	0.0 	0.0 	
207 	0.0 	0.0 	0.0 	0.0 	0.03 	0.05 	0.0 	0.0 	0.0 	0.47 	0.3 	0.0 	0.02 	0.05 	0.0 	0.01 	0.0 	0.0 	0.0 	0.07 	
208 	0.01 	0.09 	0.02 	0.03 	0.0 	0.06 	0.03 	0.0 	0.0 	0.43 	0.09 	0.06 	0.0 	0.0 	0.0 	0.0 	0.11 	0.0 	0.01 	0.05 	
209 	0.0 	0.0 	0.01 	0.0 	0.0 	0.0 	0.0 	0.0 	0.04 	0.18 	0.69 	0.0 	0.0 	0.06 	0.0 	0.0 	0.0 	0.0 	0.0 	0.01 	
210 	0.28 	0.0 	0.0 	0.02 	0.03 	0.0 	0.01 	0.0 	0.0 	0.09 	0.0 	0.0 	0.0 	0.0 	0.02 	0.0 	0.0 	0.01 	0.02 	0.52 	
211 	0.0 	0.0 	0.0 	0.96 	0.0 	0.0 	0.04 	0.0 	0.0 	0.0 	0.0 	0.0 	0.0 	0.0 	0.0 	0.0 	0.0 	0.0 	0.0 	0.0 	
212 	0.01 	0.0 	0.0 	0.0 	0.04 	0.0 	0.0 	0.06 	0.0 	0.02 	0.05 	0.0 	0.02 	0.42 	0.0 	0.0 	0.34 	0.0 	0.02 	0.02 	
213 	0.0 	0.0 	0.01 	0.0 	0.0 	0.0 	0.0 	0.0 	0.0 	0.0 	0.0 	0.99 	0.0 	0.0 	0.0 	0.0 	0.0 	0.0 	0.0 	0.0 	
214 	0.0 	0.0 	0.0 	0.0 	0.0 	0.0 	0.0 	0.0 	0.0 	0.14 	0.42 	0.02 	0.01 	0.3 	0.0 	0.0 	0.0 	0.0 	0.06 	0.04 	
215 	0.0 	0.0 	0.0 	0.0 	0.0 	0.0 	1.0 	0.0 	0.0 	0.0 	0.0 	0.0 	0.0 	0.0 	0.0 	0.0 	0.0 	0.0 	0.0 	0.0 	
216 	0.0 	0.0 	0.0 	0.0 	0.03 	0.0 	0.0 	0.0 	0.0 	0.02 	0.03 	0.0 	0.01 	0.85 	0.0 	0.0 	0.0 	0.0 	0.03 	0.03 	
217 	0.04 	0.0 	0.0 	0.0 	0.0 	0.0 	0.0 	0.95 	0.0 	0.0 	0.0 	0.0 	0.0 	0.0 	0.0 	0.0 	0.0 	0.0 	0.0 	0.0 	
218 	0.02 	0.19 	0.01 	0.01 	0.0 	0.01 	0.01 	0.01 	0.0 	0.08 	0.26 	0.09 	0.01 	0.06 	0.01 	0.01 	0.03 	0.01 	0.07 	0.11 	
219 	0.03 	0.02 	0.08 	0.36 	0.01 	0.01 	0.05 	0.02 	0.01 	0.04 	0.03 	0.01 	0.0 	0.07 	0.01 	0.02 	0.09 	0.0 	0.02 	0.12 	
220 	0.12 	0.13 	0.03 	0.06 	0.0 	0.01 	0.14 	0.06 	0.02 	0.02 	0.04 	0.11 	0.0 	0.04 	0.01 	0.09 	0.06 	0.0 	0.03 	0.02 	
221 	0.06 	0.05 	0.05 	0.21 	0.0 	0.05 	0.14 	0.02 	0.04 	0.01 	0.04 	0.09 	0.0 	0.01 	0.03 	0.05 	0.03 	0.0 	0.04 	0.06 	
222 	0.07 	0.04 	0.17 	0.21 	0.0 	0.03 	0.04 	0.21 	0.01 	0.01 	0.02 	0.02 	0.02 	0.02 	0.02 	0.03 	0.06 	0.0 	0.01 	0.01 	
223 	0.0 	0.01 	0.18 	0.05 	0.0 	0.01 	0.04 	0.59 	0.0 	0.0 	0.0 	0.01 	0.02 	0.0 	0.0 	0.03 	0.01 	0.0 	0.0 	0.01 	
224 	0.03 	0.13 	0.01 	0.03 	0.0 	0.09 	0.36 	0.01 	0.02 	0.0 	0.01 	0.12 	0.01 	0.0 	0.0 	0.04 	0.11 	0.0 	0.0 	0.02 	
225 	0.0 	0.0 	0.0 	0.0 	0.0 	0.0 	0.0 	0.0 	0.0 	0.45 	0.41 	0.0 	0.0 	0.0 	0.02 	0.0 	0.0 	0.0 	0.0 	0.13 	
226 	0.02 	0.02 	0.0 	0.0 	0.0 	0.0 	0.0 	0.0 	0.02 	0.27 	0.19 	0.0 	0.07 	0.01 	0.0 	0.0 	0.07 	0.0 	0.05 	0.26 	
227 	0.0 	0.0 	0.0 	0.0 	0.0 	0.0 	0.0 	0.0 	0.0 	0.07 	0.76 	0.0 	0.0 	0.0 	0.0 	0.0 	0.0 	0.01 	0.05 	0.11 	
228 	0.44 	0.0 	0.0 	0.0 	0.0 	0.0 	0.0 	0.18 	0.0 	0.14 	0.0 	0.0 	0.1 	0.0 	0.0 	0.0 	0.04 	0.0 	0.0 	0.09 	
229 	0.0 	0.0 	0.0 	1.0 	0.0 	0.0 	0.0 	0.0 	0.0 	0.0 	0.0 	0.0 	0.0 	0.0 	0.0 	0.0 	0.0 	0.0 	0.0 	0.0 	
230 	0.02 	0.0 	0.0 	0.0 	0.0 	0.0 	0.88 	0.0 	0.0 	0.0 	0.0 	0.0 	0.0 	0.0 	0.0 	0.02 	0.03 	0.0 	0.0 	0.02 	
231 	0.05 	0.01 	0.01 	0.01 	0.02 	0.0 	0.01 	0.01 	0.0 	0.47 	0.04 	0.01 	0.02 	0.03 	0.01 	0.01 	0.01 	0.0 	0.0 	0.29 	
232 	0.03 	0.02 	0.02 	0.02 	0.01 	0.02 	0.03 	0.15 	0.05 	0.07 	0.27 	0.02 	0.03 	0.13 	0.02 	0.03 	0.02 	0.01 	0.01 	0.03 	
233 	0.0 	0.0 	0.0 	0.05 	0.0 	0.0 	0.0 	0.0 	0.0 	0.0 	0.0 	0.0 	0.0 	0.0 	0.0 	0.51 	0.43 	0.0 	0.0 	0.0 	
234 	0.04 	0.0 	0.04 	0.0 	0.01 	0.0 	0.0 	0.03 	0.0 	0.0 	0.02 	0.0 	0.01 	0.02 	0.81 	0.02 	0.0 	0.0 	0.0 	0.0 	
235 	0.0 	0.0 	0.0 	0.99 	0.0 	0.0 	0.0 	0.01 	0.0 	0.0 	0.0 	0.0 	0.0 	0.0 	0.0 	0.0 	0.0 	0.0 	0.0 	0.0 	
236 	0.0 	0.0 	0.11 	0.0 	0.0 	0.0 	0.07 	0.08 	0.0 	0.0 	0.0 	0.0 	0.0 	0.0 	0.0 	0.5 	0.24 	0.0 	0.0 	0.0 	
237 	0.01 	0.0 	0.02 	0.02 	0.43 	0.0 	0.0 	0.0 	0.0 	0.0 	0.0 	0.0 	0.05 	0.03 	0.0 	0.37 	0.0 	0.05 	0.01 	0.0 	
238 	0.0 	0.99 	0.0 	0.0 	0.0 	0.0 	0.0 	0.0 	0.0 	0.0 	0.0 	0.01 	0.0 	0.0 	0.0 	0.0 	0.0 	0.0 	0.0 	0.0 	
239 	0.0 	0.0 	0.0 	0.0 	0.0 	0.0 	0.0 	0.0 	0.0 	0.11 	0.4 	0.0 	0.0 	0.34 	0.0 	0.0 	0.0 	0.0 	0.12 	0.02 	
240 	0.0 	0.04 	0.0 	0.0 	0.0 	0.0 	0.0 	0.0 	0.0 	0.0 	0.01 	0.0 	0.0 	0.02 	0.0 	0.0 	0.0 	0.87 	0.0 	0.02 	
241 	0.02 	0.01 	0.03 	0.55 	0.0 	0.0 	0.02 	0.0 	0.0 	0.01 	0.02 	0.01 	0.01 	0.02 	0.22 	0.03 	0.01 	0.0 	0.03 	0.0 	
242 	0.3 	0.02 	0.01 	0.03 	0.0 	0.04 	0.04 	0.05 	0.0 	0.06 	0.07 	0.22 	0.03 	0.01 	0.0 	0.04 	0.04 	0.0 	0.0 	0.05 	
243 	0.1 	0.03 	0.08 	0.23 	0.0 	0.03 	0.11 	0.05 	0.01 	0.02 	0.03 	0.15 	0.01 	0.01 	0.01 	0.05 	0.07 	0.0 	0.01 	0.03 	
244 	0.06 	0.04 	0.02 	0.05 	0.0 	0.06 	0.1 	0.1 	0.01 	0.01 	0.03 	0.03 	0.01 	0.01 	0.01 	0.15 	0.27 	0.0 	0.01 	0.02 	
245 	0.04 	0.04 	0.03 	0.04 	0.01 	0.02 	0.04 	0.05 	0.05 	0.02 	0.05 	0.03 	0.01 	0.04 	0.02 	0.04 	0.03 	0.03 	0.39 	0.02 	
246 	0.06 	0.13 	0.03 	0.1 	0.01 	0.14 	0.12 	0.03 	0.02 	0.02 	0.03 	0.11 	0.01 	0.01 	0.03 	0.05 	0.04 	0.01 	0.01 	0.04 	
247 	0.1 	0.02 	0.05 	0.07 	0.01 	0.03 	0.09 	0.06 	0.01 	0.05 	0.05 	0.04 	0.01 	0.02 	0.16 	0.06 	0.04 	0.01 	0.01 	0.11 	
248 	0.03 	0.02 	0.03 	0.03 	0.01 	0.02 	0.05 	0.48 	0.01 	0.02 	0.06 	0.06 	0.01 	0.03 	0.02 	0.04 	0.02 	0.01 	0.01 	0.03 	
249 	0.03 	0.06 	0.02 	0.07 	0.02 	0.06 	0.27 	0.05 	0.02 	0.06 	0.04 	0.1 	0.02 	0.01 	0.02 	0.04 	0.06 	0.0 	0.01 	0.04 	
250 	0.08 	0.08 	0.11 	0.01 	0.0 	0.02 	0.05 	0.04 	0.01 	0.05 	0.05 	0.05 	0.01 	0.01 	0.05 	0.14 	0.14 	0.0 	0.02 	0.08 	
251 	0.02 	0.05 	0.1 	0.01 	0.0 	0.21 	0.02 	0.12 	0.0 	0.06 	0.05 	0.04 	0.02 	0.0 	0.14 	0.1 	0.02 	0.0 	0.0 	0.04 	
252 	0.03 	0.09 	0.03 	0.08 	0.0 	0.04 	0.31 	0.01 	0.0 	0.01 	0.02 	0.15 	0.0 	0.01 	0.16 	0.01 	0.02 	0.0 	0.0 	0.01 	
253 	0.02 	0.01 	0.04 	0.0 	0.0 	0.07 	0.07 	0.01 	0.06 	0.01 	0.0 	0.26 	0.04 	0.0 	0.02 	0.33 	0.0 	0.0 	0.0 	0.03 	
254 	0.0 	0.0 	0.0 	0.0 	0.0 	0.0 	0.0 	0.03 	0.0 	0.01 	0.38 	0.02 	0.18 	0.26 	0.0 	0.0 	0.0 	0.0 	0.09 	0.01 	
255 	0.0 	0.0 	0.0 	0.86 	0.0 	0.0 	0.0 	0.0 	0.0 	0.0 	0.01 	0.0 	0.0 	0.03 	0.0 	0.04 	0.0 	0.0 	0.02 	0.02 	
256 	0.0 	0.08 	0.0 	0.0 	0.0 	0.0 	0.0 	0.0 	0.0 	0.0 	0.0 	0.92 	0.0 	0.0 	0.0 	0.0 	0.0 	0.0 	0.0 	0.0 	
257 	0.0 	0.02 	0.0 	0.48 	0.0 	0.39 	0.1 	0.0 	0.0 	0.0 	0.0 	0.0 	0.0 	0.0 	0.0 	0.0 	0.0 	0.0 	0.0 	0.0 	
258 	0.01 	0.24 	0.0 	0.0 	0.0 	0.0 	0.0 	0.02 	0.0 	0.05 	0.07 	0.0 	0.0 	0.29 	0.01 	0.03 	0.0 	0.0 	0.1 	0.18 	
259 	0.0 	0.03 	0.0 	0.02 	0.0 	0.0 	0.0 	0.0 	0.0 	0.02 	0.15 	0.0 	0.0 	0.43 	0.0 	0.0 	0.0 	0.0 	0.16 	0.2 	
260 	0.0 	0.94 	0.0 	0.0 	0.0 	0.0 	0.0 	0.0 	0.0 	0.0 	0.04 	0.0 	0.0 	0.0 	0.02 	0.0 	0.0 	0.0 	0.0 	0.0 	
261 	0.01 	0.09 	0.16 	0.33 	0.0 	0.21 	0.08 	0.0 	0.01 	0.0 	0.04 	0.03 	0.0 	0.0 	0.0 	0.02 	0.0 	0.0 	0.0 	0.0 	
262 	0.0 	0.0 	0.06 	0.11 	0.0 	0.02 	0.0 	0.07 	0.01 	0.0 	0.07 	0.03 	0.06 	0.01 	0.0 	0.03 	0.04 	0.33 	0.13 	0.0 	
263 	0.01 	0.0 	0.0 	0.0 	0.0 	0.01 	0.0 	0.06 	0.0 	0.01 	0.71 	0.04 	0.01 	0.03 	0.01 	0.0 	0.0 	0.0 	0.03 	0.06 	
264 	0.02 	0.0 	0.06 	0.08 	0.0 	0.01 	0.18 	0.29 	0.0 	0.02 	0.02 	0.03 	0.04 	0.0 	0.0 	0.02 	0.13 	0.0 	0.03 	0.02 	
265 	0.15 	0.02 	0.01 	0.02 	0.01 	0.03 	0.11 	0.19 	0.02 	0.01 	0.02 	0.07 	0.0 	0.01 	0.02 	0.14 	0.08 	0.0 	0.02 	0.07 	
266 	0.05 	0.03 	0.14 	0.14 	0.0 	0.02 	0.11 	0.02 	0.03 	0.03 	0.12 	0.01 	0.0 	0.01 	0.02 	0.08 	0.07 	0.0 	0.01 	0.12 	
267 	0.02 	0.27 	0.05 	0.09 	0.04 	0.03 	0.03 	0.18 	0.01 	0.02 	0.02 	0.08 	0.01 	0.01 	0.02 	0.04 	0.02 	0.01 	0.01 	0.04 	
268 	0.07 	0.01 	0.04 	0.1 	0.0 	0.01 	0.09 	0.04 	0.02 	0.05 	0.13 	0.02 	0.05 	0.08 	0.01 	0.03 	0.03 	0.19 	0.02 	0.03 	
269 	0.14 	0.02 	0.17 	0.15 	0.0 	0.04 	0.01 	0.09 	0.0 	0.01 	0.03 	0.07 	0.0 	0.01 	0.12 	0.07 	0.01 	0.0 	0.03 	0.01 	
270 	0.02 	0.03 	0.07 	0.06 	0.0 	0.01 	0.1 	0.21 	0.0 	0.01 	0.06 	0.23 	0.0 	0.01 	0.01 	0.02 	0.02 	0.0 	0.11 	0.02 	
271 	0.14 	0.06 	0.02 	0.02 	0.0 	0.18 	0.03 	0.04 	0.01 	0.03 	0.05 	0.16 	0.01 	0.01 	0.11 	0.03 	0.06 	0.0 	0.01 	0.03 	
272 	0.02 	0.04 	0.02 	0.11 	0.0 	0.02 	0.19 	0.02 	0.01 	0.01 	0.02 	0.02 	0.01 	0.01 	0.34 	0.06 	0.06 	0.0 	0.01 	0.03 	
273 	0.2 	0.03 	0.03 	0.03 	0.0 	0.01 	0.07 	0.15 	0.01 	0.03 	0.04 	0.01 	0.01 	0.01 	0.3 	0.03 	0.01 	0.0 	0.01 	0.02 	
274 	0.02 	0.02 	0.05 	0.05 	0.0 	0.08 	0.03 	0.02 	0.01 	0.01 	0.06 	0.01 	0.02 	0.01 	0.49 	0.02 	0.03 	0.0 	0.01 	0.07 	
275 	0.16 	0.06 	0.04 	0.05 	0.0 	0.04 	0.06 	0.02 	0.03 	0.02 	0.03 	0.09 	0.01 	0.01 	0.22 	0.05 	0.03 	0.0 	0.01 	0.08 	
276 	0.04 	0.01 	0.01 	0.01 	0.0 	0.01 	0.01 	0.02 	0.0 	0.1 	0.51 	0.01 	0.06 	0.01 	0.01 	0.02 	0.01 	0.0 	0.01 	0.13 	
277 	0.02 	0.01 	0.01 	0.05 	0.0 	0.01 	0.01 	0.02 	0.0 	0.01 	0.02 	0.01 	0.0 	0.01 	0.68 	0.02 	0.06 	0.0 	0.02 	0.03 	
278 	0.15 	0.01 	0.01 	0.16 	0.0 	0.09 	0.22 	0.07 	0.0 	0.02 	0.07 	0.01 	0.0 	0.01 	0.09 	0.03 	0.02 	0.0 	0.01 	0.03 	
279 	0.04 	0.01 	0.01 	0.3 	0.0 	0.02 	0.4 	0.01 	0.02 	0.01 	0.02 	0.01 	0.0 	0.01 	0.01 	0.08 	0.02 	0.0 	0.01 	0.01 	
280 	0.07 	0.01 	0.01 	0.01 	0.0 	0.01 	0.01 	0.03 	0.0 	0.28 	0.11 	0.01 	0.04 	0.01 	0.01 	0.03 	0.01 	0.0 	0.03 	0.3 	
281 	0.09 	0.04 	0.01 	0.01 	0.02 	0.01 	0.01 	0.01 	0.0 	0.21 	0.21 	0.01 	0.05 	0.03 	0.01 	0.01 	0.01 	0.0 	0.01 	0.25 	
282 	0.14 	0.05 	0.01 	0.08 	0.0 	0.1 	0.21 	0.01 	0.01 	0.02 	0.04 	0.03 	0.1 	0.01 	0.01 	0.08 	0.05 	0.0 	0.01 	0.05 	
283 	0.19 	0.1 	0.08 	0.11 	0.0 	0.08 	0.04 	0.04 	0.01 	0.01 	0.01 	0.23 	0.0 	0.0 	0.01 	0.04 	0.04 	0.0 	0.0 	0.01 	
284 	0.06 	0.0 	0.0 	0.0 	0.0 	0.0 	0.0 	0.0 	0.0 	0.07 	0.1 	0.0 	0.02 	0.0 	0.0 	0.02 	0.37 	0.0 	0.0 	0.32 	
285 	0.19 	0.2 	0.0 	0.0 	0.0 	0.02 	0.07 	0.03 	0.0 	0.03 	0.0 	0.07 	0.0 	0.0 	0.0 	0.25 	0.05 	0.0 	0.03 	0.07 	
286 	0.26 	0.08 	0.04 	0.14 	0.0 	0.02 	0.27 	0.01 	0.0 	0.0 	0.01 	0.08 	0.0 	0.0 	0.0 	0.04 	0.02 	0.01 	0.0 	0.01 	
287 	0.11 	0.23 	0.0 	0.0 	0.01 	0.0 	0.0 	0.02 	0.0 	0.01 	0.11 	0.31 	0.01 	0.0 	0.0 	0.02 	0.13 	0.0 	0.01 	0.02 	
288 	0.0 	0.0 	0.0 	0.0 	0.0 	0.0 	0.0 	0.0 	0.0 	0.0 	0.0 	0.0 	0.0 	0.0 	0.0 	0.0 	0.0 	0.0 	1.0 	0.0 	
289 	0.1 	0.17 	0.0 	0.01 	0.0 	0.09 	0.06 	0.01 	0.0 	0.22 	0.06 	0.09 	0.02 	0.0 	0.0 	0.01 	0.03 	0.0 	0.0 	0.12 	
290 	0.07 	0.01 	0.01 	0.05 	0.0 	0.05 	0.64 	0.05 	0.0 	0.01 	0.01 	0.01 	0.02 	0.01 	0.0 	0.02 	0.05 	0.0 	0.0 	0.0 	
291 	0.39 	0.0 	0.0 	0.0 	0.0 	0.0 	0.0 	0.04 	0.0 	0.16 	0.1 	0.0 	0.07 	0.04 	0.0 	0.0 	0.0 	0.0 	0.0 	0.21 	
292 	0.23 	0.0 	0.0 	0.0 	0.03 	0.0 	0.02 	0.0 	0.0 	0.0 	0.28 	0.0 	0.0 	0.06 	0.0 	0.0 	0.0 	0.0 	0.35 	0.02 	
293 	0.05 	0.08 	0.08 	0.04 	0.0 	0.02 	0.52 	0.0 	0.01 	0.0 	0.0 	0.1 	0.0 	0.01 	0.0 	0.01 	0.04 	0.0 	0.0 	0.02 	
294 	0.04 	0.56 	0.03 	0.0 	0.0 	0.0 	0.02 	0.0 	0.0 	0.01 	0.08 	0.19 	0.02 	0.0 	0.0 	0.0 	0.03 	0.0 	0.0 	0.01 	
295 	0.0 	0.0 	0.0 	0.0 	0.0 	0.0 	0.0 	0.0 	0.0 	0.45 	0.42 	0.0 	0.0 	0.0 	0.0 	0.0 	0.0 	0.0 	0.03 	0.1 	
296 	0.05 	0.0 	0.0 	0.0 	0.0 	0.02 	0.0 	0.02 	0.0 	0.06 	0.01 	0.0 	0.0 	0.0 	0.0 	0.12 	0.68 	0.0 	0.0 	0.04 	
297 	0.04 	0.0 	0.01 	0.0 	0.0 	0.0 	0.02 	0.93 	0.0 	0.0 	0.0 	0.0 	0.0 	0.0 	0.0 	0.0 	0.0 	0.0 	0.0 	0.0 	
298 	0.03 	0.11 	0.04 	0.04 	0.0 	0.15 	0.19 	0.0 	0.03 	0.0 	0.08 	0.26 	0.01 	0.0 	0.0 	0.05 	0.01 	0.0 	0.0 	0.0 	
299 	0.05 	0.14 	0.02 	0.02 	0.0 	0.01 	0.05 	0.0 	0.0 	0.0 	0.0 	0.49 	0.0 	0.0 	0.02 	0.16 	0.04 	0.0 	0.0 	0.0 	
300 	0.0 	0.0 	0.0 	0.0 	0.0 	0.0 	0.0 	0.0 	0.0 	0.0 	0.03 	0.0 	0.0 	0.51 	0.0 	0.0 	0.0 	0.43 	0.02 	0.0 	
301 	0.37 	0.0 	0.0 	0.0 	0.05 	0.07 	0.0 	0.24 	0.0 	0.0 	0.0 	0.0 	0.0 	0.0 	0.0 	0.27 	0.0 	0.0 	0.0 	0.0 	
