	A 	R 	N 	D 	C 	Q 	E 	G 	H 	I 	L 	K 	M 	F 	P 	S 	T 	W 	Y 	V 	
1 	0.0 	0.13 	0.0 	0.0 	0.0 	0.12 	0.35 	0.0 	0.0 	0.0 	0.0 	0.4 	0.0 	0.0 	0.0 	0.0 	0.0 	0.0 	0.0 	0.0 	
2 	0.0 	0.12 	0.01 	0.0 	0.0 	0.06 	0.14 	0.03 	0.0 	0.0 	0.0 	0.43 	0.0 	0.0 	0.03 	0.1 	0.04 	0.0 	0.0 	0.03 	
3 	0.01 	0.0 	0.05 	0.0 	0.0 	0.0 	0.04 	0.0 	0.03 	0.33 	0.05 	0.0 	0.02 	0.08 	0.0 	0.0 	0.03 	0.0 	0.13 	0.24 	
4 	0.0 	0.01 	0.0 	0.0 	0.0 	0.01 	0.01 	0.0 	0.0 	0.03 	0.02 	0.08 	0.0 	0.0 	0.58 	0.0 	0.0 	0.0 	0.18 	0.07 	
5 	0.0 	0.0 	0.0 	0.0 	0.0 	0.0 	0.0 	0.0 	0.0 	0.19 	0.31 	0.0 	0.46 	0.0 	0.0 	0.0 	0.0 	0.0 	0.0 	0.04 	
6 	0.0 	0.0 	0.0 	0.0 	0.0 	0.0 	0.0 	0.0 	0.0 	0.0 	0.03 	0.0 	0.0 	0.0 	0.0 	0.05 	0.91 	0.0 	0.0 	0.0 	
7 	0.17 	0.13 	0.01 	0.01 	0.0 	0.13 	0.05 	0.01 	0.0 	0.03 	0.07 	0.16 	0.01 	0.0 	0.06 	0.05 	0.02 	0.0 	0.03 	0.07 	
8 	0.15 	0.08 	0.01 	0.08 	0.0 	0.04 	0.44 	0.03 	0.01 	0.0 	0.01 	0.05 	0.0 	0.02 	0.0 	0.05 	0.0 	0.0 	0.03 	0.0 	
9 	0.02 	0.0 	0.0 	0.0 	0.0 	0.0 	0.01 	0.86 	0.0 	0.0 	0.0 	0.0 	0.02 	0.0 	0.0 	0.07 	0.03 	0.0 	0.0 	0.0 	
10 	0.11 	0.03 	0.01 	0.0 	0.0 	0.01 	0.02 	0.0 	0.05 	0.02 	0.15 	0.04 	0.0 	0.15 	0.0 	0.0 	0.0 	0.04 	0.36 	0.03 	
11 	0.09 	0.03 	0.15 	0.08 	0.01 	0.08 	0.31 	0.0 	0.02 	0.01 	0.0 	0.18 	0.0 	0.0 	0.0 	0.02 	0.02 	0.0 	0.0 	0.01 	
12 	0.18 	0.23 	0.01 	0.0 	0.0 	0.07 	0.01 	0.0 	0.0 	0.0 	0.01 	0.43 	0.02 	0.0 	0.0 	0.02 	0.01 	0.0 	0.0 	0.01 	
13 	0.0 	0.0 	0.0 	0.0 	0.0 	0.0 	0.0 	0.0 	0.01 	0.05 	0.84 	0.03 	0.05 	0.0 	0.0 	0.0 	0.0 	0.0 	0.03 	0.01 	
14 	0.01 	0.11 	0.01 	0.05 	0.01 	0.09 	0.27 	0.0 	0.0 	0.0 	0.0 	0.35 	0.07 	0.0 	0.0 	0.01 	0.03 	0.0 	0.0 	0.0 	
15 	0.21 	0.03 	0.05 	0.13 	0.0 	0.13 	0.23 	0.02 	0.02 	0.01 	0.01 	0.14 	0.0 	0.0 	0.0 	0.02 	0.01 	0.0 	0.0 	0.01 	
16 	0.01 	0.01 	0.0 	0.0 	0.0 	0.07 	0.88 	0.0 	0.0 	0.0 	0.0 	0.03 	0.0 	0.0 	0.0 	0.0 	0.0 	0.0 	0.0 	0.0 	
17 	0.0 	0.01 	0.0 	0.0 	0.0 	0.0 	0.0 	0.0 	0.02 	0.03 	0.91 	0.01 	0.0 	0.01 	0.0 	0.0 	0.0 	0.0 	0.02 	0.0 	
18 	0.03 	0.04 	0.04 	0.12 	0.0 	0.09 	0.34 	0.0 	0.04 	0.0 	0.02 	0.17 	0.0 	0.0 	0.0 	0.03 	0.03 	0.01 	0.03 	0.0 	
19 	0.02 	0.16 	0.04 	0.08 	0.0 	0.12 	0.07 	0.0 	0.13 	0.0 	0.02 	0.04 	0.01 	0.05 	0.0 	0.04 	0.03 	0.0 	0.17 	0.02 	
20 	0.0 	0.03 	0.0 	0.0 	0.0 	0.02 	0.08 	0.0 	0.0 	0.0 	0.87 	0.0 	0.0 	0.0 	0.0 	0.0 	0.0 	0.0 	0.01 	0.0 	
21 	0.01 	0.15 	0.05 	0.0 	0.0 	0.06 	0.0 	0.03 	0.02 	0.03 	0.04 	0.55 	0.0 	0.0 	0.0 	0.01 	0.02 	0.01 	0.0 	0.03 	
22 	0.04 	0.0 	0.04 	0.06 	0.0 	0.05 	0.21 	0.01 	0.03 	0.0 	0.0 	0.09 	0.01 	0.0 	0.01 	0.1 	0.21 	0.0 	0.01 	0.12 	
23 	0.02 	0.18 	0.04 	0.02 	0.0 	0.03 	0.35 	0.0 	0.02 	0.01 	0.03 	0.21 	0.01 	0.01 	0.0 	0.01 	0.03 	0.0 	0.01 	0.03 	
24 	0.0 	0.8 	0.0 	0.0 	0.0 	0.0 	0.0 	0.0 	0.0 	0.04 	0.09 	0.01 	0.05 	0.0 	0.0 	0.0 	0.0 	0.0 	0.0 	0.01 	
25 	0.02 	0.02 	0.0 	0.0 	0.0 	0.08 	0.01 	0.01 	0.0 	0.03 	0.01 	0.1 	0.01 	0.0 	0.62 	0.01 	0.02 	0.0 	0.01 	0.04 	
26 	0.09 	0.08 	0.01 	0.07 	0.01 	0.05 	0.47 	0.01 	0.0 	0.0 	0.01 	0.11 	0.02 	0.0 	0.0 	0.01 	0.0 	0.01 	0.0 	0.04 	
27 	0.1 	0.01 	0.07 	0.0 	0.0 	0.0 	0.0 	0.0 	0.0 	0.43 	0.01 	0.0 	0.0 	0.0 	0.0 	0.0 	0.01 	0.0 	0.0 	0.37 	
28 	0.16 	0.0 	0.0 	0.0 	0.0 	0.01 	0.0 	0.0 	0.0 	0.3 	0.04 	0.0 	0.0 	0.0 	0.0 	0.09 	0.23 	0.0 	0.0 	0.17 	
29 	0.09 	0.08 	0.03 	0.02 	0.0 	0.15 	0.32 	0.0 	0.0 	0.02 	0.01 	0.25 	0.0 	0.0 	0.0 	0.01 	0.01 	0.0 	0.0 	0.01 	
30 	0.26 	0.13 	0.01 	0.06 	0.0 	0.03 	0.18 	0.0 	0.01 	0.11 	0.02 	0.14 	0.0 	0.0 	0.0 	0.03 	0.0 	0.0 	0.0 	0.02 	
31 	0.0 	0.0 	0.0 	0.0 	0.0 	0.0 	0.0 	0.0 	0.0 	0.7 	0.17 	0.0 	0.03 	0.0 	0.0 	0.0 	0.0 	0.0 	0.0 	0.1 	
32 	0.27 	0.04 	0.05 	0.05 	0.0 	0.13 	0.08 	0.04 	0.0 	0.0 	0.0 	0.2 	0.0 	0.0 	0.0 	0.1 	0.02 	0.0 	0.0 	0.02 	
33 	0.06 	0.02 	0.01 	0.08 	0.0 	0.03 	0.53 	0.0 	0.0 	0.09 	0.03 	0.01 	0.0 	0.0 	0.0 	0.0 	0.02 	0.06 	0.0 	0.05 	
34 	0.9 	0.02 	0.0 	0.0 	0.0 	0.0 	0.0 	0.0 	0.0 	0.0 	0.07 	0.0 	0.0 	0.0 	0.0 	0.0 	0.0 	0.0 	0.0 	0.0 	
35 	0.15 	0.68 	0.0 	0.0 	0.0 	0.0 	0.0 	0.0 	0.0 	0.02 	0.04 	0.03 	0.07 	0.0 	0.0 	0.0 	0.0 	0.0 	0.0 	0.0 	
36 	0.21 	0.0 	0.02 	0.05 	0.0 	0.04 	0.37 	0.05 	0.0 	0.0 	0.0 	0.01 	0.03 	0.0 	0.0 	0.23 	0.0 	0.0 	0.0 	0.0 	
37 	0.0 	0.0 	0.02 	0.03 	0.0 	0.09 	0.09 	0.0 	0.27 	0.0 	0.24 	0.03 	0.01 	0.1 	0.0 	0.07 	0.0 	0.0 	0.06 	0.0 	
38 	0.0 	0.0 	0.0 	0.0 	0.0 	0.0 	0.0 	0.89 	0.0 	0.0 	0.0 	0.03 	0.0 	0.0 	0.0 	0.07 	0.0 	0.0 	0.0 	0.0 	
39 	0.0 	0.0 	0.0 	1.0 	0.0 	0.0 	0.0 	0.0 	0.0 	0.0 	0.0 	0.0 	0.0 	0.0 	0.0 	0.0 	0.0 	0.0 	0.0 	0.0 	
40 	0.0 	0.12 	0.0 	0.07 	0.0 	0.0 	0.0 	0.0 	0.0 	0.07 	0.71 	0.0 	0.03 	0.0 	0.0 	0.0 	0.0 	0.0 	0.0 	0.0 	
41 	0.0 	0.14 	0.0 	0.0 	0.0 	0.0 	0.0 	0.0 	0.0 	0.0 	0.0 	0.21 	0.0 	0.0 	0.0 	0.57 	0.01 	0.0 	0.07 	0.0 	
42 	0.0 	0.0 	0.0 	0.07 	0.0 	0.0 	0.93 	0.0 	0.0 	0.0 	0.0 	0.0 	0.0 	0.0 	0.0 	0.0 	0.0 	0.0 	0.0 	0.0 	
43 	0.0 	0.0 	0.91 	0.07 	0.0 	0.0 	0.0 	0.0 	0.0 	0.0 	0.0 	0.0 	0.0 	0.0 	0.0 	0.02 	0.0 	0.0 	0.0 	0.0 	
44 	0.66 	0.0 	0.0 	0.0 	0.0 	0.0 	0.0 	0.08 	0.0 	0.0 	0.0 	0.0 	0.0 	0.0 	0.0 	0.26 	0.0 	0.0 	0.0 	0.0 	
45 	0.01 	0.0 	0.0 	0.12 	0.0 	0.0 	0.7 	0.14 	0.0 	0.0 	0.0 	0.0 	0.0 	0.0 	0.03 	0.0 	0.0 	0.0 	0.0 	0.0 	
46 	0.0 	0.0 	0.0 	0.0 	0.0 	0.0 	0.0 	0.0 	0.0 	0.0 	0.07 	0.0 	0.0 	0.0 	0.0 	0.0 	0.0 	0.0 	0.93 	0.0 	
47 	0.0 	0.0 	0.0 	0.26 	0.0 	0.06 	0.17 	0.0 	0.36 	0.03 	0.02 	0.05 	0.0 	0.0 	0.0 	0.01 	0.04 	0.0 	0.0 	0.0 	
48 	0.65 	0.0 	0.0 	0.03 	0.0 	0.0 	0.06 	0.0 	0.0 	0.02 	0.0 	0.0 	0.0 	0.03 	0.0 	0.11 	0.0 	0.0 	0.09 	0.01 	
49 	0.88 	0.01 	0.04 	0.0 	0.0 	0.01 	0.0 	0.05 	0.0 	0.0 	0.0 	0.0 	0.0 	0.0 	0.0 	0.0 	0.0 	0.0 	0.0 	0.0 	
50 	0.0 	0.28 	0.0 	0.0 	0.0 	0.0 	0.0 	0.0 	0.0 	0.0 	0.03 	0.69 	0.0 	0.0 	0.0 	0.0 	0.0 	0.0 	0.0 	0.0 	
51 	0.02 	0.06 	0.13 	0.09 	0.0 	0.07 	0.54 	0.0 	0.01 	0.0 	0.0 	0.07 	0.0 	0.0 	0.0 	0.0 	0.0 	0.0 	0.0 	0.0 	
52 	0.06 	0.19 	0.01 	0.04 	0.0 	0.15 	0.36 	0.0 	0.0 	0.0 	0.04 	0.13 	0.01 	0.0 	0.0 	0.0 	0.01 	0.0 	0.0 	0.0 	
53 	0.0 	0.06 	0.0 	0.0 	0.0 	0.73 	0.0 	0.0 	0.0 	0.0 	0.12 	0.07 	0.02 	0.0 	0.0 	0.0 	0.0 	0.0 	0.0 	0.0 	
54 	0.34 	0.11 	0.0 	0.0 	0.0 	0.01 	0.01 	0.34 	0.0 	0.0 	0.01 	0.01 	0.0 	0.0 	0.0 	0.15 	0.01 	0.0 	0.01 	0.0 	
55 	0.01 	0.15 	0.0 	0.01 	0.0 	0.14 	0.12 	0.0 	0.05 	0.02 	0.09 	0.01 	0.07 	0.31 	0.0 	0.0 	0.01 	0.01 	0.01 	0.0 	
56 	0.01 	0.0 	0.05 	0.0 	0.07 	0.03 	0.01 	0.0 	0.0 	0.46 	0.19 	0.0 	0.01 	0.0 	0.0 	0.0 	0.02 	0.0 	0.0 	0.16 	
57 	0.01 	0.0 	0.01 	0.13 	0.0 	0.03 	0.76 	0.01 	0.01 	0.0 	0.0 	0.01 	0.01 	0.0 	0.0 	0.0 	0.01 	0.0 	0.0 	0.0 	
58 	0.26 	0.12 	0.04 	0.01 	0.0 	0.02 	0.04 	0.35 	0.0 	0.01 	0.02 	0.03 	0.01 	0.0 	0.0 	0.08 	0.01 	0.0 	0.0 	0.0 	
59 	0.0 	0.8 	0.0 	0.01 	0.0 	0.04 	0.04 	0.0 	0.0 	0.0 	0.0 	0.07 	0.02 	0.0 	0.0 	0.01 	0.01 	0.0 	0.0 	0.0 	
60 	0.0 	0.0 	0.0 	0.0 	0.0 	0.0 	0.0 	0.0 	0.0 	0.82 	0.04 	0.01 	0.0 	0.0 	0.0 	0.0 	0.0 	0.0 	0.0 	0.13 	
61 	0.12 	0.24 	0.07 	0.09 	0.01 	0.09 	0.01 	0.02 	0.02 	0.02 	0.03 	0.14 	0.01 	0.01 	0.0 	0.05 	0.06 	0.0 	0.01 	0.01 	
62 	0.0 	0.02 	0.0 	0.1 	0.0 	0.1 	0.39 	0.0 	0.0 	0.0 	0.0 	0.05 	0.0 	0.07 	0.0 	0.1 	0.04 	0.0 	0.08 	0.03 	
63 	0.0 	0.0 	0.0 	0.0 	0.0 	0.0 	0.0 	0.0 	0.0 	0.29 	0.66 	0.0 	0.02 	0.0 	0.0 	0.0 	0.0 	0.0 	0.0 	0.03 	
64 	0.01 	0.05 	0.03 	0.02 	0.01 	0.08 	0.62 	0.01 	0.0 	0.0 	0.0 	0.03 	0.01 	0.0 	0.0 	0.08 	0.05 	0.0 	0.0 	0.0 	
65 	0.04 	0.01 	0.12 	0.21 	0.0 	0.03 	0.13 	0.05 	0.07 	0.0 	0.03 	0.15 	0.01 	0.0 	0.0 	0.09 	0.04 	0.0 	0.01 	0.0 	
66 	0.0 	0.12 	0.01 	0.0 	0.01 	0.02 	0.09 	0.0 	0.0 	0.15 	0.12 	0.22 	0.12 	0.02 	0.0 	0.0 	0.01 	0.0 	0.0 	0.09 	
67 	0.0 	0.0 	0.0 	0.0 	0.0 	0.0 	0.0 	0.0 	0.0 	0.2 	0.69 	0.0 	0.05 	0.0 	0.0 	0.0 	0.02 	0.0 	0.02 	0.03 	
68 	0.17 	0.07 	0.06 	0.01 	0.0 	0.03 	0.15 	0.03 	0.0 	0.01 	0.01 	0.1 	0.01 	0.0 	0.03 	0.3 	0.01 	0.0 	0.0 	0.0 	
69 	0.05 	0.32 	0.28 	0.02 	0.0 	0.01 	0.03 	0.0 	0.04 	0.0 	0.02 	0.06 	0.0 	0.01 	0.0 	0.03 	0.02 	0.0 	0.07 	0.03 	
70 	0.78 	0.0 	0.0 	0.0 	0.01 	0.0 	0.0 	0.0 	0.0 	0.0 	0.05 	0.0 	0.02 	0.02 	0.0 	0.03 	0.01 	0.0 	0.03 	0.05 	
71 	0.0 	0.09 	0.04 	0.05 	0.0 	0.2 	0.18 	0.0 	0.01 	0.01 	0.01 	0.18 	0.0 	0.0 	0.0 	0.03 	0.04 	0.0 	0.01 	0.15 	
72 	0.0 	0.0 	0.0 	0.0 	0.0 	0.0 	0.0 	0.0 	0.0 	0.45 	0.07 	0.0 	0.01 	0.0 	0.0 	0.01 	0.0 	0.0 	0.0 	0.46 	
73 	0.0 	0.0 	0.0 	0.0 	0.0 	0.0 	0.0 	0.04 	0.0 	0.58 	0.13 	0.0 	0.02 	0.01 	0.0 	0.04 	0.0 	0.0 	0.0 	0.18 	
74 	0.0 	0.0 	0.03 	0.62 	0.0 	0.04 	0.27 	0.01 	0.0 	0.0 	0.0 	0.03 	0.0 	0.0 	0.0 	0.01 	0.0 	0.0 	0.0 	0.0 	
75 	0.0 	0.0 	0.1 	0.25 	0.0 	0.03 	0.59 	0.0 	0.0 	0.0 	0.0 	0.03 	0.0 	0.0 	0.0 	0.0 	0.0 	0.0 	0.0 	0.0 	
