	A 	R 	N 	D 	C 	Q 	E 	G 	H 	I 	L 	K 	M 	F 	P 	S 	T 	W 	Y 	V 	
1 	0.0 	0.0 	0.0 	1.0 	0.0 	0.0 	0.0 	0.0 	0.0 	0.0 	0.0 	0.0 	0.0 	0.0 	0.0 	0.0 	0.0 	0.0 	0.0 	0.0 	
2 	0.0 	0.0 	0.0 	0.0 	0.0 	0.0 	0.0 	0.0 	0.0 	0.0 	0.0 	0.74 	0.0 	0.0 	0.0 	0.0 	0.0 	0.0 	0.0 	0.26 	
3 	0.0 	0.0 	0.0 	0.0 	0.0 	0.0 	0.0 	0.0 	0.0 	0.0 	0.0 	0.0 	0.0 	0.0 	0.0 	1.0 	0.0 	0.0 	0.0 	0.0 	
4 	0.0 	0.0 	0.0 	0.0 	0.0 	0.0 	0.22 	0.0 	0.0 	0.0 	0.0 	0.0 	0.0 	0.0 	0.23 	0.0 	0.55 	0.0 	0.0 	0.0 	
5 	0.0 	0.0 	0.0 	0.0 	0.0 	0.0 	0.0 	0.0 	0.0 	0.0 	0.0 	0.0 	0.0 	0.0 	0.39 	0.61 	0.0 	0.0 	0.0 	0.0 	
6 	0.0 	0.0 	0.18 	0.17 	0.0 	0.0 	0.18 	0.0 	0.12 	0.0 	0.0 	0.0 	0.0 	0.0 	0.0 	0.35 	0.0 	0.0 	0.0 	0.0 	
7 	0.0 	0.0 	0.0 	0.0 	0.65 	0.0 	0.0 	0.0 	0.0 	0.0 	0.0 	0.13 	0.0 	0.0 	0.0 	0.0 	0.0 	0.0 	0.0 	0.22 	
8 	0.0 	0.0 	0.0 	0.0 	0.0 	0.0 	0.0 	0.0 	0.0 	0.5 	0.13 	0.0 	0.0 	0.0 	0.13 	0.0 	0.0 	0.0 	0.0 	0.24 	
9 	0.21 	0.0 	0.12 	0.0 	0.0 	0.13 	0.0 	0.0 	0.0 	0.0 	0.0 	0.0 	0.0 	0.0 	0.0 	0.54 	0.0 	0.0 	0.0 	0.0 	
10 	0.0 	0.12 	0.0 	0.13 	0.0 	0.0 	0.0 	0.33 	0.0 	0.0 	0.13 	0.0 	0.0 	0.0 	0.0 	0.06 	0.16 	0.0 	0.0 	0.07 	
11 	0.0 	0.22 	0.39 	0.18 	0.0 	0.0 	0.13 	0.0 	0.08 	0.0 	0.0 	0.0 	0.0 	0.0 	0.0 	0.0 	0.0 	0.0 	0.0 	0.0 	
12 	0.25 	0.0 	0.0 	0.0 	0.24 	0.0 	0.0 	0.0 	0.0 	0.0 	0.0 	0.33 	0.0 	0.0 	0.17 	0.0 	0.0 	0.0 	0.0 	0.0 	
13 	0.0 	0.0 	0.12 	0.0 	0.26 	0.0 	0.0 	0.0 	0.0 	0.0 	0.62 	0.0 	0.0 	0.0 	0.0 	0.0 	0.0 	0.0 	0.0 	0.0 	
14 	0.0 	0.13 	0.0 	0.0 	0.24 	0.0 	0.0 	0.0 	0.0 	0.0 	0.21 	0.0 	0.0 	0.2 	0.0 	0.0 	0.13 	0.0 	0.0 	0.1 	
15 	0.0 	0.0 	0.26 	0.0 	0.0 	0.0 	0.0 	0.24 	0.0 	0.0 	0.0 	0.13 	0.0 	0.0 	0.37 	0.0 	0.0 	0.0 	0.0 	0.0 	
16 	0.01 	0.13 	0.01 	0.5 	0.0 	0.13 	0.13 	0.01 	0.0 	0.01 	0.01 	0.01 	0.0 	0.0 	0.01 	0.01 	0.01 	0.0 	0.0 	0.01 	
17 	0.01 	0.01 	0.0 	0.11 	0.0 	0.0 	0.01 	0.11 	0.0 	0.01 	0.01 	0.11 	0.0 	0.0 	0.59 	0.01 	0.01 	0.0 	0.0 	0.01 	
18 	0.0 	0.0 	0.0 	0.0 	0.17 	0.0 	0.0 	0.0 	0.0 	0.09 	0.0 	0.0 	0.0 	0.4 	0.0 	0.0 	0.0 	0.0 	0.29 	0.0 	
19 	0.0 	0.28 	0.0 	0.0 	0.0 	0.32 	0.4 	0.0 	0.0 	0.0 	0.0 	0.0 	0.0 	0.0 	0.0 	0.0 	0.0 	0.0 	0.0 	0.0 	
20 	0.0 	0.05 	0.16 	0.0 	0.0 	0.24 	0.0 	0.0 	0.0 	0.0 	0.0 	0.24 	0.04 	0.0 	0.0 	0.24 	0.03 	0.0 	0.0 	0.0 	
21 	0.0 	0.14 	0.0 	0.02 	0.0 	0.16 	0.28 	0.0 	0.03 	0.0 	0.0 	0.3 	0.0 	0.02 	0.0 	0.03 	0.0 	0.0 	0.02 	0.0 	
22 	0.07 	0.52 	0.0 	0.0 	0.0 	0.06 	0.0 	0.0 	0.09 	0.0 	0.04 	0.15 	0.02 	0.03 	0.02 	0.0 	0.0 	0.0 	0.0 	0.0 	
23 	0.0 	0.0 	0.0 	0.02 	0.0 	0.04 	0.04 	0.0 	0.0 	0.17 	0.2 	0.0 	0.0 	0.02 	0.0 	0.0 	0.03 	0.0 	0.0 	0.49 	
24 	0.07 	0.04 	0.0 	0.0 	0.04 	0.0 	0.0 	0.03 	0.02 	0.0 	0.16 	0.23 	0.01 	0.0 	0.0 	0.01 	0.04 	0.0 	0.35 	0.0 	
25 	0.13 	0.0 	0.0 	0.0 	0.03 	0.0 	0.05 	0.0 	0.0 	0.02 	0.2 	0.05 	0.01 	0.27 	0.03 	0.0 	0.0 	0.0 	0.0 	0.21 	
26 	0.34 	0.0 	0.1 	0.0 	0.01 	0.0 	0.04 	0.31 	0.0 	0.03 	0.0 	0.04 	0.05 	0.0 	0.0 	0.0 	0.0 	0.0 	0.03 	0.05 	
27 	0.05 	0.31 	0.0 	0.05 	0.0 	0.07 	0.02 	0.0 	0.0 	0.04 	0.0 	0.19 	0.0 	0.0 	0.11 	0.0 	0.0 	0.0 	0.05 	0.11 	
28 	0.02 	0.0 	0.0 	0.02 	0.0 	0.0 	0.0 	0.0 	0.0 	0.0 	0.02 	0.07 	0.0 	0.04 	0.0 	0.71 	0.08 	0.0 	0.0 	0.02 	
29 	0.09 	0.09 	0.0 	0.14 	0.0 	0.02 	0.02 	0.06 	0.01 	0.02 	0.18 	0.21 	0.06 	0.0 	0.02 	0.02 	0.0 	0.0 	0.0 	0.07 	
30 	0.0 	0.0 	0.0 	0.0 	0.04 	0.0 	0.0 	0.0 	0.0 	0.58 	0.02 	0.0 	0.0 	0.0 	0.0 	0.01 	0.22 	0.0 	0.0 	0.13 	
31 	0.02 	0.0 	0.09 	0.02 	0.0 	0.04 	0.12 	0.0 	0.29 	0.0 	0.01 	0.08 	0.0 	0.0 	0.08 	0.17 	0.03 	0.0 	0.0 	0.03 	
32 	0.02 	0.04 	0.17 	0.06 	0.0 	0.01 	0.06 	0.25 	0.01 	0.02 	0.05 	0.13 	0.01 	0.01 	0.01 	0.08 	0.06 	0.0 	0.01 	0.01 	
33 	0.15 	0.13 	0.01 	0.02 	0.08 	0.01 	0.08 	0.02 	0.01 	0.01 	0.04 	0.29 	0.01 	0.01 	0.01 	0.05 	0.03 	0.0 	0.01 	0.02 	
34 	0.01 	0.0 	0.0 	0.0 	0.0 	0.0 	0.0 	0.93 	0.0 	0.0 	0.01 	0.0 	0.0 	0.0 	0.0 	0.01 	0.0 	0.0 	0.0 	0.0 	
35 	0.0 	0.1 	0.01 	0.02 	0.01 	0.0 	0.06 	0.0 	0.0 	0.0 	0.02 	0.0 	0.0 	0.13 	0.0 	0.01 	0.0 	0.5 	0.14 	0.0 	
36 	0.0 	0.0 	0.0 	0.0 	0.02 	0.0 	0.0 	0.94 	0.0 	0.0 	0.0 	0.0 	0.0 	0.0 	0.0 	0.0 	0.04 	0.0 	0.0 	0.0 	
37 	0.04 	0.0 	0.0 	0.0 	0.0 	0.0 	0.0 	0.0 	0.0 	0.07 	0.53 	0.0 	0.0 	0.0 	0.0 	0.0 	0.01 	0.0 	0.0 	0.36 	
38 	0.0 	0.43 	0.0 	0.0 	0.0 	0.0 	0.05 	0.0 	0.0 	0.03 	0.02 	0.04 	0.0 	0.23 	0.0 	0.0 	0.01 	0.0 	0.12 	0.07 	
39 	0.57 	0.0 	0.01 	0.0 	0.05 	0.0 	0.0 	0.0 	0.0 	0.02 	0.05 	0.0 	0.0 	0.0 	0.0 	0.12 	0.19 	0.0 	0.0 	0.0 	
40 	0.06 	0.03 	0.02 	0.11 	0.03 	0.01 	0.08 	0.01 	0.0 	0.0 	0.2 	0.21 	0.06 	0.0 	0.03 	0.01 	0.05 	0.07 	0.0 	0.01 	
41 	0.03 	0.14 	0.03 	0.11 	0.02 	0.12 	0.27 	0.06 	0.0 	0.0 	0.03 	0.05 	0.0 	0.0 	0.0 	0.03 	0.04 	0.0 	0.0 	0.09 	
42 	0.04 	0.01 	0.1 	0.24 	0.0 	0.06 	0.03 	0.01 	0.02 	0.0 	0.03 	0.03 	0.0 	0.06 	0.21 	0.12 	0.05 	0.0 	0.01 	0.0 	
43 	0.05 	0.0 	0.0 	0.0 	0.0 	0.0 	0.0 	0.0 	0.02 	0.63 	0.13 	0.0 	0.0 	0.08 	0.0 	0.01 	0.0 	0.0 	0.0 	0.08 	
44 	0.09 	0.12 	0.04 	0.03 	0.0 	0.08 	0.14 	0.03 	0.01 	0.0 	0.01 	0.2 	0.0 	0.0 	0.15 	0.1 	0.0 	0.0 	0.0 	0.0 	
45 	0.27 	0.08 	0.02 	0.06 	0.0 	0.04 	0.05 	0.02 	0.0 	0.02 	0.0 	0.33 	0.0 	0.0 	0.07 	0.02 	0.0 	0.0 	0.0 	0.01 	
46 	0.0 	0.01 	0.26 	0.08 	0.0 	0.01 	0.02 	0.48 	0.05 	0.0 	0.02 	0.02 	0.03 	0.0 	0.0 	0.01 	0.0 	0.0 	0.0 	0.0 	
47 	0.0 	0.04 	0.01 	0.1 	0.0 	0.09 	0.41 	0.02 	0.0 	0.0 	0.0 	0.0 	0.0 	0.0 	0.0 	0.07 	0.24 	0.0 	0.0 	0.01 	
48 	0.0 	0.0 	0.0 	0.0 	0.0 	0.0 	0.0 	0.0 	0.0 	0.0 	0.03 	0.05 	0.15 	0.62 	0.01 	0.0 	0.0 	0.0 	0.09 	0.06 	
49 	0.0 	0.0 	0.0 	0.0 	0.0 	0.0 	0.0 	0.0 	0.0 	0.45 	0.07 	0.0 	0.07 	0.0 	0.0 	0.0 	0.0 	0.0 	0.0 	0.41 	
50 	0.06 	0.0 	0.03 	0.02 	0.27 	0.0 	0.05 	0.04 	0.0 	0.18 	0.03 	0.0 	0.05 	0.05 	0.0 	0.04 	0.03 	0.0 	0.08 	0.09 	
51 	0.0 	0.02 	0.0 	0.0 	0.02 	0.0 	0.86 	0.0 	0.0 	0.0 	0.05 	0.0 	0.0 	0.06 	0.0 	0.0 	0.0 	0.0 	0.0 	0.0 	
52 	0.0 	0.0 	0.0 	0.0 	0.0 	0.0 	0.0 	0.0 	0.0 	0.02 	0.05 	0.0 	0.0 	0.03 	0.0 	0.0 	0.0 	0.0 	0.9 	0.0 	
53 	0.14 	0.04 	0.06 	0.02 	0.03 	0.0 	0.0 	0.0 	0.03 	0.18 	0.05 	0.01 	0.0 	0.0 	0.0 	0.01 	0.12 	0.0 	0.0 	0.32 	
54 	0.0 	0.0 	0.0 	0.0 	0.02 	0.0 	0.0 	0.98 	0.0 	0.0 	0.0 	0.0 	0.0 	0.0 	0.0 	0.0 	0.0 	0.0 	0.0 	0.0 	
55 	0.0 	0.0 	0.01 	0.1 	0.05 	0.05 	0.67 	0.0 	0.0 	0.01 	0.01 	0.0 	0.0 	0.0 	0.0 	0.0 	0.01 	0.0 	0.0 	0.09 	
56 	0.0 	0.09 	0.01 	0.0 	0.02 	0.04 	0.02 	0.0 	0.0 	0.16 	0.22 	0.01 	0.02 	0.0 	0.0 	0.02 	0.01 	0.0 	0.01 	0.36 	
57 	0.03 	0.02 	0.0 	0.0 	0.0 	0.01 	0.0 	0.0 	0.0 	0.59 	0.19 	0.02 	0.03 	0.0 	0.0 	0.0 	0.0 	0.0 	0.0 	0.08 	
58 	0.04 	0.19 	0.04 	0.11 	0.0 	0.02 	0.11 	0.09 	0.0 	0.0 	0.0 	0.03 	0.0 	0.0 	0.01 	0.13 	0.21 	0.0 	0.0 	0.0 	
59 	0.01 	0.01 	0.12 	0.08 	0.01 	0.1 	0.14 	0.02 	0.11 	0.07 	0.03 	0.05 	0.02 	0.03 	0.02 	0.11 	0.03 	0.01 	0.02 	0.0 	
60 	0.08 	0.08 	0.0 	0.1 	0.0 	0.14 	0.15 	0.02 	0.01 	0.02 	0.01 	0.08 	0.01 	0.0 	0.06 	0.11 	0.1 	0.0 	0.0 	0.02 	
61 	0.0 	0.0 	0.0 	0.05 	0.0 	0.06 	0.63 	0.01 	0.0 	0.06 	0.01 	0.01 	0.01 	0.0 	0.01 	0.02 	0.04 	0.0 	0.0 	0.09 	
62 	0.45 	0.0 	0.0 	0.0 	0.05 	0.0 	0.02 	0.0 	0.02 	0.02 	0.06 	0.03 	0.0 	0.12 	0.0 	0.02 	0.02 	0.0 	0.01 	0.16 	
63 	0.03 	0.1 	0.05 	0.32 	0.0 	0.06 	0.2 	0.01 	0.01 	0.0 	0.01 	0.11 	0.01 	0.0 	0.04 	0.02 	0.01 	0.0 	0.02 	0.0 	
64 	0.06 	0.23 	0.04 	0.08 	0.0 	0.04 	0.13 	0.01 	0.01 	0.02 	0.04 	0.15 	0.03 	0.04 	0.0 	0.07 	0.01 	0.0 	0.01 	0.02 	
65 	0.02 	0.78 	0.02 	0.03 	0.04 	0.0 	0.04 	0.04 	0.0 	0.0 	0.01 	0.01 	0.0 	0.0 	0.0 	0.0 	0.02 	0.0 	0.0 	0.0 	
66 	0.01 	0.03 	0.05 	0.3 	0.01 	0.05 	0.27 	0.02 	0.0 	0.05 	0.05 	0.02 	0.06 	0.0 	0.0 	0.02 	0.05 	0.0 	0.0 	0.02 	
67 	0.07 	0.24 	0.05 	0.01 	0.0 	0.05 	0.04 	0.0 	0.02 	0.01 	0.03 	0.2 	0.0 	0.05 	0.0 	0.05 	0.02 	0.09 	0.03 	0.05 	
68 	0.08 	0.18 	0.03 	0.02 	0.0 	0.1 	0.06 	0.01 	0.01 	0.09 	0.06 	0.06 	0.07 	0.01 	0.0 	0.08 	0.03 	0.0 	0.07 	0.02 	
69 	0.06 	0.01 	0.04 	0.04 	0.0 	0.08 	0.02 	0.04 	0.01 	0.04 	0.07 	0.02 	0.11 	0.03 	0.01 	0.03 	0.02 	0.0 	0.37 	0.02 	
70 	0.05 	0.05 	0.14 	0.22 	0.03 	0.0 	0.02 	0.04 	0.05 	0.01 	0.02 	0.03 	0.03 	0.0 	0.01 	0.16 	0.09 	0.0 	0.01 	0.02 	
71 	0.04 	0.05 	0.03 	0.04 	0.01 	0.04 	0.07 	0.06 	0.06 	0.02 	0.04 	0.05 	0.03 	0.03 	0.0 	0.31 	0.07 	0.01 	0.03 	0.02 	
72 	0.01 	0.0 	0.14 	0.04 	0.0 	0.02 	0.06 	0.03 	0.02 	0.0 	0.07 	0.02 	0.01 	0.1 	0.0 	0.02 	0.0 	0.0 	0.43 	0.01 	
73 	0.02 	0.04 	0.0 	0.03 	0.02 	0.0 	0.0 	0.1 	0.0 	0.07 	0.32 	0.02 	0.11 	0.07 	0.04 	0.01 	0.1 	0.0 	0.01 	0.02 	
74 	0.04 	0.03 	0.02 	0.0 	0.02 	0.02 	0.01 	0.01 	0.0 	0.13 	0.07 	0.01 	0.07 	0.4 	0.0 	0.06 	0.01 	0.03 	0.05 	0.05 	
75 	0.09 	0.14 	0.12 	0.14 	0.0 	0.02 	0.06 	0.04 	0.01 	0.0 	0.0 	0.08 	0.02 	0.02 	0.01 	0.12 	0.1 	0.0 	0.01 	0.0 	
76 	0.02 	0.0 	0.0 	0.04 	0.0 	0.02 	0.01 	0.01 	0.0 	0.22 	0.49 	0.01 	0.04 	0.03 	0.0 	0.0 	0.0 	0.0 	0.02 	0.07 	
77 	0.0 	0.03 	0.18 	0.43 	0.0 	0.05 	0.05 	0.01 	0.02 	0.0 	0.0 	0.03 	0.0 	0.01 	0.05 	0.08 	0.06 	0.0 	0.0 	0.0 	
78 	0.05 	0.03 	0.16 	0.21 	0.0 	0.0 	0.17 	0.03 	0.03 	0.0 	0.01 	0.13 	0.01 	0.02 	0.01 	0.07 	0.05 	0.01 	0.02 	0.0 	
79 	0.03 	0.0 	0.14 	0.21 	0.0 	0.05 	0.12 	0.1 	0.03 	0.02 	0.03 	0.09 	0.0 	0.05 	0.03 	0.05 	0.03 	0.0 	0.0 	0.02 	
80 	0.03 	0.03 	0.0 	0.02 	0.0 	0.01 	0.09 	0.02 	0.02 	0.05 	0.05 	0.0 	0.02 	0.1 	0.02 	0.07 	0.14 	0.04 	0.2 	0.08 	
81 	0.09 	0.0 	0.0 	0.0 	0.07 	0.0 	0.01 	0.05 	0.0 	0.11 	0.07 	0.0 	0.04 	0.06 	0.0 	0.07 	0.08 	0.0 	0.04 	0.29 	
82 	0.0 	0.01 	0.02 	0.0 	0.03 	0.01 	0.02 	0.0 	0.0 	0.43 	0.16 	0.0 	0.02 	0.02 	0.0 	0.03 	0.02 	0.0 	0.0 	0.21 	
83 	0.02 	0.0 	0.01 	0.68 	0.0 	0.02 	0.06 	0.02 	0.0 	0.04 	0.02 	0.0 	0.0 	0.0 	0.0 	0.02 	0.04 	0.0 	0.04 	0.0 	
84 	0.59 	0.0 	0.0 	0.02 	0.04 	0.02 	0.0 	0.01 	0.0 	0.01 	0.02 	0.03 	0.06 	0.0 	0.0 	0.07 	0.0 	0.0 	0.0 	0.12 	
85 	0.07 	0.04 	0.02 	0.03 	0.0 	0.02 	0.02 	0.08 	0.0 	0.0 	0.01 	0.06 	0.02 	0.0 	0.11 	0.01 	0.36 	0.0 	0.1 	0.04 	
86 	0.04 	0.18 	0.0 	0.06 	0.0 	0.05 	0.13 	0.01 	0.05 	0.01 	0.08 	0.2 	0.04 	0.02 	0.02 	0.07 	0.02 	0.0 	0.03 	0.01 	
87 	0.01 	0.04 	0.01 	0.03 	0.0 	0.0 	0.18 	0.01 	0.04 	0.02 	0.01 	0.33 	0.05 	0.05 	0.07 	0.02 	0.08 	0.01 	0.03 	0.01 	
88 	0.03 	0.09 	0.0 	0.03 	0.0 	0.0 	0.01 	0.47 	0.02 	0.03 	0.03 	0.03 	0.0 	0.07 	0.01 	0.02 	0.04 	0.0 	0.11 	0.01 	
89 	0.01 	0.01 	0.39 	0.06 	0.0 	0.03 	0.05 	0.15 	0.03 	0.02 	0.03 	0.04 	0.0 	0.02 	0.01 	0.03 	0.05 	0.0 	0.01 	0.03 	
90 	0.07 	0.04 	0.08 	0.04 	0.02 	0.02 	0.08 	0.05 	0.03 	0.05 	0.06 	0.12 	0.02 	0.02 	0.04 	0.07 	0.03 	0.01 	0.04 	0.12 	
91 	0.09 	0.03 	0.04 	0.12 	0.03 	0.02 	0.03 	0.05 	0.01 	0.1 	0.11 	0.05 	0.02 	0.03 	0.03 	0.11 	0.07 	0.01 	0.03 	0.05 	
92 	0.24 	0.03 	0.02 	0.07 	0.01 	0.06 	0.08 	0.07 	0.01 	0.03 	0.05 	0.03 	0.01 	0.02 	0.06 	0.11 	0.03 	0.01 	0.03 	0.03 	
93 	0.07 	0.16 	0.05 	0.03 	0.01 	0.13 	0.05 	0.05 	0.01 	0.03 	0.05 	0.1 	0.01 	0.02 	0.03 	0.07 	0.09 	0.01 	0.02 	0.03 	
94 	0.06 	0.03 	0.07 	0.03 	0.04 	0.02 	0.04 	0.05 	0.01 	0.07 	0.12 	0.04 	0.01 	0.1 	0.04 	0.04 	0.03 	0.01 	0.17 	0.03 	
95 	0.04 	0.04 	0.02 	0.02 	0.19 	0.02 	0.03 	0.04 	0.01 	0.15 	0.04 	0.06 	0.03 	0.04 	0.02 	0.05 	0.04 	0.06 	0.06 	0.03 	
96 	0.08 	0.03 	0.04 	0.03 	0.01 	0.02 	0.03 	0.33 	0.01 	0.03 	0.1 	0.03 	0.01 	0.05 	0.04 	0.07 	0.03 	0.01 	0.02 	0.03 	
97 	0.03 	0.05 	0.24 	0.04 	0.01 	0.02 	0.03 	0.14 	0.01 	0.02 	0.07 	0.05 	0.01 	0.02 	0.02 	0.15 	0.03 	0.02 	0.01 	0.03 	
98 	0.01 	0.01 	0.01 	0.02 	0.01 	0.01 	0.01 	0.01 	0.0 	0.28 	0.26 	0.02 	0.0 	0.03 	0.09 	0.01 	0.04 	0.0 	0.03 	0.16 	
99 	0.33 	0.0 	0.04 	0.0 	0.01 	0.03 	0.01 	0.3 	0.0 	0.0 	0.01 	0.01 	0.0 	0.0 	0.0 	0.2 	0.02 	0.0 	0.0 	0.01 	
100 	0.06 	0.69 	0.0 	0.0 	0.0 	0.0 	0.01 	0.01 	0.12 	0.0 	0.01 	0.04 	0.0 	0.0 	0.0 	0.04 	0.0 	0.0 	0.0 	0.01 	
101 	0.01 	0.0 	0.0 	0.0 	0.0 	0.0 	0.01 	0.01 	0.03 	0.0 	0.12 	0.06 	0.0 	0.67 	0.0 	0.01 	0.0 	0.0 	0.05 	0.01 	
102 	0.1 	0.0 	0.0 	0.0 	0.07 	0.0 	0.01 	0.01 	0.0 	0.47 	0.14 	0.0 	0.09 	0.02 	0.0 	0.01 	0.0 	0.0 	0.0 	0.06 	
103 	0.0 	0.0 	0.98 	0.0 	0.0 	0.0 	0.0 	0.0 	0.0 	0.0 	0.0 	0.0 	0.0 	0.0 	0.0 	0.0 	0.0 	0.0 	0.0 	0.0 	
104 	0.0 	0.0 	0.0 	0.0 	0.0 	0.0 	0.0 	0.0 	1.0 	0.0 	0.0 	0.0 	0.0 	0.0 	0.0 	0.0 	0.0 	0.0 	0.0 	0.0 	
105 	0.0 	0.02 	0.03 	0.04 	0.05 	0.0 	0.0 	0.0 	0.01 	0.0 	0.01 	0.0 	0.0 	0.0 	0.0 	0.81 	0.02 	0.0 	0.0 	0.0 	
106 	0.02 	0.02 	0.0 	0.0 	0.8 	0.0 	0.0 	0.0 	0.0 	0.01 	0.02 	0.05 	0.0 	0.05 	0.03 	0.01 	0.0 	0.0 	0.0 	0.01 	
107 	0.05 	0.07 	0.16 	0.22 	0.02 	0.02 	0.16 	0.0 	0.02 	0.0 	0.0 	0.06 	0.02 	0.0 	0.0 	0.14 	0.04 	0.01 	0.0 	0.01 	
108 	0.0 	0.0 	0.0 	0.02 	0.0 	0.04 	0.0 	0.07 	0.0 	0.0 	0.0 	0.0 	0.0 	0.0 	0.87 	0.0 	0.0 	0.0 	0.0 	0.0 	
109 	0.02 	0.0 	0.9 	0.0 	0.0 	0.0 	0.0 	0.02 	0.0 	0.0 	0.0 	0.0 	0.0 	0.0 	0.0 	0.04 	0.02 	0.0 	0.0 	0.0 	
110 	0.09 	0.0 	0.04 	0.0 	0.59 	0.0 	0.0 	0.01 	0.0 	0.01 	0.15 	0.0 	0.0 	0.0 	0.0 	0.01 	0.03 	0.0 	0.0 	0.06 	
111 	0.0 	0.02 	0.01 	0.02 	0.0 	0.03 	0.08 	0.0 	0.03 	0.05 	0.05 	0.15 	0.05 	0.07 	0.0 	0.0 	0.04 	0.02 	0.25 	0.14 	
112 	0.23 	0.0 	0.0 	0.0 	0.05 	0.0 	0.0 	0.0 	0.01 	0.04 	0.02 	0.0 	0.05 	0.08 	0.0 	0.07 	0.11 	0.08 	0.07 	0.16 	
113 	0.01 	0.11 	0.05 	0.12 	0.0 	0.18 	0.06 	0.0 	0.0 	0.03 	0.01 	0.25 	0.0 	0.01 	0.01 	0.05 	0.04 	0.0 	0.0 	0.04 	
114 	0.03 	0.06 	0.0 	0.0 	0.01 	0.01 	0.0 	0.0 	0.01 	0.16 	0.07 	0.15 	0.01 	0.0 	0.06 	0.01 	0.03 	0.0 	0.0 	0.38 	
115 	0.01 	0.0 	0.03 	0.0 	0.0 	0.0 	0.02 	0.01 	0.04 	0.16 	0.06 	0.0 	0.06 	0.12 	0.03 	0.03 	0.02 	0.16 	0.06 	0.17 	
116 	0.03 	0.06 	0.02 	0.02 	0.01 	0.04 	0.05 	0.05 	0.01 	0.11 	0.04 	0.06 	0.08 	0.02 	0.0 	0.1 	0.11 	0.0 	0.02 	0.18 	
117 	0.03 	0.01 	0.03 	0.15 	0.01 	0.0 	0.08 	0.01 	0.09 	0.15 	0.03 	0.02 	0.0 	0.02 	0.0 	0.02 	0.0 	0.01 	0.01 	0.33 	
118 	0.01 	0.02 	0.17 	0.2 	0.0 	0.0 	0.11 	0.12 	0.13 	0.01 	0.02 	0.04 	0.0 	0.0 	0.09 	0.03 	0.03 	0.0 	0.0 	0.03 	
119 	0.04 	0.32 	0.05 	0.02 	0.0 	0.03 	0.04 	0.3 	0.0 	0.0 	0.03 	0.02 	0.01 	0.0 	0.01 	0.06 	0.04 	0.0 	0.0 	0.01 	
120 	0.04 	0.05 	0.05 	0.13 	0.0 	0.04 	0.15 	0.01 	0.05 	0.03 	0.06 	0.02 	0.06 	0.1 	0.0 	0.02 	0.02 	0.0 	0.02 	0.12 	
121 	0.02 	0.04 	0.0 	0.03 	0.04 	0.01 	0.05 	0.31 	0.01 	0.04 	0.07 	0.15 	0.0 	0.02 	0.04 	0.04 	0.05 	0.0 	0.06 	0.03 	
122 	0.01 	0.26 	0.06 	0.01 	0.0 	0.04 	0.03 	0.01 	0.07 	0.01 	0.05 	0.07 	0.0 	0.04 	0.23 	0.03 	0.03 	0.0 	0.04 	0.01 	
123 	0.03 	0.12 	0.01 	0.01 	0.0 	0.01 	0.01 	0.01 	0.11 	0.34 	0.11 	0.05 	0.02 	0.0 	0.01 	0.02 	0.04 	0.03 	0.0 	0.08 	
124 	0.1 	0.01 	0.01 	0.02 	0.02 	0.01 	0.02 	0.12 	0.01 	0.12 	0.15 	0.09 	0.05 	0.03 	0.05 	0.04 	0.02 	0.0 	0.04 	0.08 	
125 	0.17 	0.03 	0.01 	0.02 	0.11 	0.01 	0.01 	0.07 	0.03 	0.09 	0.1 	0.01 	0.02 	0.02 	0.01 	0.02 	0.01 	0.0 	0.02 	0.21 	
126 	0.0 	0.0 	0.0 	0.0 	0.0 	0.0 	0.0 	0.0 	0.0 	0.47 	0.21 	0.0 	0.0 	0.15 	0.0 	0.0 	0.0 	0.0 	0.0 	0.15 	
127 	0.0 	0.08 	0.0 	0.0 	0.0 	0.0 	0.0 	0.0 	0.0 	0.04 	0.02 	0.05 	0.0 	0.57 	0.0 	0.01 	0.0 	0.0 	0.17 	0.03 	
128 	0.69 	0.0 	0.0 	0.0 	0.01 	0.0 	0.0 	0.0 	0.0 	0.0 	0.0 	0.0 	0.0 	0.0 	0.0 	0.12 	0.13 	0.0 	0.0 	0.04 	
129 	0.08 	0.03 	0.04 	0.01 	0.0 	0.01 	0.03 	0.01 	0.01 	0.09 	0.17 	0.22 	0.05 	0.0 	0.0 	0.1 	0.11 	0.0 	0.0 	0.05 	
130 	0.01 	0.67 	0.0 	0.04 	0.02 	0.03 	0.04 	0.0 	0.0 	0.0 	0.0 	0.14 	0.01 	0.0 	0.0 	0.01 	0.03 	0.0 	0.0 	0.0 	
131 	0.1 	0.08 	0.06 	0.4 	0.0 	0.02 	0.03 	0.03 	0.08 	0.01 	0.02 	0.04 	0.0 	0.01 	0.04 	0.01 	0.06 	0.0 	0.03 	0.0 	
132 	0.0 	0.0 	0.0 	0.0 	0.0 	0.0 	0.0 	0.0 	0.0 	0.82 	0.03 	0.0 	0.01 	0.0 	0.0 	0.0 	0.0 	0.0 	0.0 	0.14 	
133 	0.12 	0.04 	0.05 	0.02 	0.0 	0.07 	0.19 	0.02 	0.0 	0.03 	0.05 	0.16 	0.01 	0.0 	0.13 	0.07 	0.0 	0.0 	0.02 	0.02 	
134 	0.35 	0.05 	0.0 	0.02 	0.0 	0.02 	0.03 	0.0 	0.01 	0.02 	0.01 	0.17 	0.0 	0.0 	0.18 	0.03 	0.04 	0.0 	0.02 	0.05 	
135 	0.0 	0.03 	0.05 	0.04 	0.01 	0.0 	0.03 	0.69 	0.01 	0.0 	0.03 	0.0 	0.07 	0.0 	0.0 	0.04 	0.0 	0.01 	0.0 	0.0 	
136 	0.01 	0.0 	0.0 	0.09 	0.0 	0.04 	0.73 	0.0 	0.0 	0.0 	0.0 	0.0 	0.01 	0.0 	0.0 	0.02 	0.09 	0.0 	0.0 	0.0 	
137 	0.0 	0.04 	0.0 	0.0 	0.0 	0.02 	0.92 	0.0 	0.01 	0.0 	0.0 	0.0 	0.0 	0.0 	0.01 	0.0 	0.0 	0.0 	0.0 	0.0 	
138 	0.0 	0.0 	0.0 	0.0 	0.0 	0.0 	0.0 	0.0 	0.0 	0.18 	0.77 	0.0 	0.0 	0.0 	0.0 	0.0 	0.0 	0.0 	0.0 	0.05 	
139 	0.01 	0.0 	0.0 	0.0 	0.03 	0.0 	0.0 	0.02 	0.0 	0.0 	0.05 	0.0 	0.0 	0.05 	0.0 	0.08 	0.7 	0.0 	0.04 	0.03 	
140 	0.0 	0.02 	0.0 	0.0 	0.04 	0.0 	0.0 	0.0 	0.0 	0.03 	0.0 	0.0 	0.0 	0.33 	0.0 	0.0 	0.02 	0.07 	0.43 	0.05 	
141 	0.05 	0.0 	0.08 	0.73 	0.01 	0.0 	0.0 	0.0 	0.01 	0.0 	0.0 	0.0 	0.0 	0.04 	0.0 	0.05 	0.0 	0.0 	0.0 	0.0 	
142 	0.0 	0.0 	0.0 	0.0 	0.0 	0.0 	0.0 	0.0 	0.0 	0.0 	0.0 	0.0 	0.0 	0.0 	0.0 	0.0 	0.0 	0.0 	1.0 	0.0 	
143 	0.0 	0.03 	0.24 	0.03 	0.01 	0.06 	0.0 	0.38 	0.0 	0.0 	0.03 	0.13 	0.03 	0.0 	0.0 	0.04 	0.02 	0.0 	0.0 	0.0 	
144 	0.0 	0.02 	0.0 	0.04 	0.0 	0.0 	0.02 	0.02 	0.02 	0.06 	0.04 	0.0 	0.08 	0.26 	0.0 	0.0 	0.0 	0.01 	0.31 	0.11 	
145 	0.02 	0.14 	0.04 	0.34 	0.0 	0.04 	0.18 	0.0 	0.0 	0.0 	0.01 	0.03 	0.0 	0.0 	0.08 	0.06 	0.02 	0.0 	0.0 	0.02 	
146 	0.03 	0.19 	0.03 	0.0 	0.02 	0.04 	0.01 	0.02 	0.15 	0.04 	0.06 	0.05 	0.0 	0.12 	0.02 	0.02 	0.0 	0.0 	0.12 	0.07 	
147 	0.05 	0.0 	0.09 	0.08 	0.0 	0.0 	0.31 	0.11 	0.0 	0.0 	0.0 	0.03 	0.0 	0.02 	0.0 	0.13 	0.0 	0.0 	0.13 	0.02 	
148 	0.08 	0.0 	0.0 	0.23 	0.0 	0.0 	0.01 	0.21 	0.0 	0.0 	0.0 	0.01 	0.0 	0.0 	0.24 	0.12 	0.03 	0.0 	0.07 	0.0 	
149 	0.13 	0.01 	0.03 	0.25 	0.0 	0.01 	0.04 	0.0 	0.04 	0.03 	0.0 	0.07 	0.0 	0.0 	0.2 	0.08 	0.02 	0.0 	0.0 	0.08 	
150 	0.01 	0.11 	0.03 	0.1 	0.0 	0.09 	0.35 	0.0 	0.02 	0.0 	0.0 	0.09 	0.0 	0.0 	0.09 	0.06 	0.03 	0.0 	0.0 	0.0 	
151 	0.52 	0.0 	0.0 	0.0 	0.0 	0.05 	0.0 	0.13 	0.08 	0.11 	0.02 	0.04 	0.0 	0.0 	0.02 	0.02 	0.0 	0.0 	0.0 	0.0 	
152 	0.03 	0.0 	0.0 	0.02 	0.0 	0.19 	0.02 	0.0 	0.06 	0.04 	0.0 	0.05 	0.0 	0.0 	0.55 	0.0 	0.0 	0.0 	0.03 	0.0 	
153 	0.09 	0.03 	0.0 	0.07 	0.05 	0.0 	0.37 	0.0 	0.0 	0.0 	0.0 	0.03 	0.0 	0.0 	0.24 	0.0 	0.02 	0.0 	0.0 	0.1 	
154 	0.0 	0.0 	0.0 	0.0 	0.32 	0.0 	0.0 	0.06 	0.0 	0.0 	0.0 	0.0 	0.0 	0.05 	0.0 	0.0 	0.0 	0.5 	0.06 	0.0 	
155 	0.09 	0.0 	0.0 	0.0 	0.07 	0.0 	0.0 	0.0 	0.0 	0.0 	0.13 	0.13 	0.0 	0.03 	0.0 	0.0 	0.0 	0.0 	0.54 	0.0 	
156 	0.0 	0.18 	0.0 	0.0 	0.17 	0.12 	0.0 	0.1 	0.0 	0.0 	0.0 	0.29 	0.0 	0.0 	0.0 	0.0 	0.05 	0.0 	0.0 	0.1 	
157 	0.12 	0.0 	0.0 	0.0 	0.0 	0.05 	0.21 	0.0 	0.0 	0.0 	0.0 	0.34 	0.0 	0.0 	0.0 	0.19 	0.0 	0.0 	0.0 	0.09 	
158 	0.0 	0.0 	0.0 	0.0 	0.0 	0.5 	0.37 	0.0 	0.0 	0.0 	0.0 	0.0 	0.0 	0.0 	0.0 	0.13 	0.0 	0.0 	0.0 	0.0 	
159 	0.0 	0.0 	0.0 	0.0 	0.0 	0.0 	0.0 	0.0 	0.0 	0.0 	0.66 	0.0 	0.0 	0.11 	0.0 	0.0 	0.0 	0.0 	0.0 	0.24 	
160 	0.24 	0.0 	0.0 	0.0 	0.0 	0.0 	0.0 	0.0 	0.0 	0.0 	0.11 	0.55 	0.0 	0.0 	0.0 	0.0 	0.1 	0.0 	0.0 	0.0 	
161 	0.35 	0.0 	0.0 	0.0 	0.34 	0.0 	0.14 	0.0 	0.0 	0.0 	0.0 	0.0 	0.0 	0.0 	0.0 	0.0 	0.0 	0.0 	0.0 	0.18 	
162 	0.0 	0.0 	0.0 	0.0 	0.0 	0.0 	0.0 	0.0 	0.0 	0.0 	0.0 	0.0 	0.0 	0.66 	0.0 	0.0 	0.0 	0.0 	0.34 	0.0 	
163 	0.0 	0.0 	0.0 	0.0 	0.0 	1.0 	0.0 	0.0 	0.0 	0.0 	0.0 	0.0 	0.0 	0.0 	0.0 	0.0 	0.0 	0.0 	0.0 	0.0 	
164 	0.72 	0.0 	0.0 	0.0 	0.0 	0.28 	0.0 	0.0 	0.0 	0.0 	0.0 	0.0 	0.0 	0.0 	0.0 	0.0 	0.0 	0.0 	0.0 	0.0 	
165 	0.0 	0.28 	0.0 	0.0 	0.0 	0.0 	0.0 	0.0 	0.0 	0.0 	0.0 	0.0 	0.0 	0.0 	0.0 	0.0 	0.72 	0.0 	0.0 	0.0 	
166 	0.0 	0.0 	0.0 	0.0 	0.0 	0.72 	0.28 	0.0 	0.0 	0.0 	0.0 	0.0 	0.0 	0.0 	0.0 	0.0 	0.0 	0.0 	0.0 	0.0 	
