	A 	R 	N 	D 	C 	Q 	E 	G 	H 	I 	L 	K 	M 	F 	P 	S 	T 	W 	Y 	V 	
1 	0.0 	0.0 	0.28 	0.62 	0.0 	0.0 	0.1 	0.0 	0.0 	0.0 	0.0 	0.0 	0.0 	0.0 	0.0 	0.0 	0.0 	0.0 	0.0 	0.0 	
2 	0.0 	0.0 	0.19 	0.09 	0.0 	0.0 	0.0 	0.0 	0.0 	0.0 	0.05 	0.0 	0.0 	0.0 	0.0 	0.0 	0.61 	0.0 	0.0 	0.05 	
3 	0.0 	0.48 	0.0 	0.0 	0.0 	0.0 	0.0 	0.0 	0.0 	0.0 	0.0 	0.15 	0.06 	0.0 	0.0 	0.07 	0.24 	0.0 	0.0 	0.0 	
4 	0.0 	0.0 	0.0 	0.0 	0.0 	0.0 	0.0 	0.0 	0.0 	0.77 	0.04 	0.0 	0.0 	0.0 	0.0 	0.0 	0.0 	0.0 	0.0 	0.18 	
5 	0.12 	0.03 	0.0 	0.0 	0.0 	0.0 	0.0 	0.83 	0.0 	0.0 	0.02 	0.0 	0.0 	0.0 	0.0 	0.0 	0.0 	0.0 	0.0 	0.0 	
6 	0.02 	0.0 	0.0 	0.0 	0.0 	0.0 	0.0 	0.0 	0.0 	0.11 	0.31 	0.0 	0.14 	0.13 	0.0 	0.0 	0.0 	0.0 	0.0 	0.3 	
7 	0.09 	0.0 	0.0 	0.0 	0.0 	0.0 	0.0 	0.0 	0.0 	0.3 	0.24 	0.0 	0.0 	0.0 	0.0 	0.04 	0.06 	0.0 	0.0 	0.27 	
8 	0.09 	0.0 	0.0 	0.0 	0.0 	0.0 	0.0 	0.0 	0.0 	0.24 	0.08 	0.0 	0.04 	0.02 	0.08 	0.02 	0.1 	0.0 	0.0 	0.33 	
9 	0.04 	0.02 	0.0 	0.03 	0.0 	0.0 	0.0 	0.02 	0.0 	0.0 	0.0 	0.15 	0.02 	0.0 	0.29 	0.07 	0.26 	0.0 	0.08 	0.02 	
10 	0.03 	0.0 	0.02 	0.32 	0.0 	0.05 	0.08 	0.04 	0.0 	0.0 	0.11 	0.05 	0.0 	0.0 	0.0 	0.1 	0.16 	0.0 	0.02 	0.02 	
11 	0.0 	0.0 	0.0 	0.04 	0.01 	0.0 	0.0 	0.0 	0.0 	0.26 	0.18 	0.02 	0.02 	0.05 	0.05 	0.17 	0.02 	0.0 	0.03 	0.15 	
12 	0.03 	0.03 	0.04 	0.1 	0.01 	0.02 	0.15 	0.07 	0.0 	0.0 	0.02 	0.0 	0.0 	0.04 	0.0 	0.27 	0.22 	0.0 	0.0 	0.0 	
13 	0.11 	0.0 	0.46 	0.14 	0.0 	0.02 	0.03 	0.02 	0.02 	0.02 	0.03 	0.0 	0.0 	0.0 	0.0 	0.06 	0.01 	0.0 	0.0 	0.07 	
14 	0.08 	0.02 	0.03 	0.0 	0.0 	0.05 	0.03 	0.1 	0.01 	0.03 	0.02 	0.02 	0.0 	0.0 	0.46 	0.08 	0.0 	0.0 	0.03 	0.03 	
15 	0.0 	0.06 	0.0 	0.0 	0.0 	0.0 	0.0 	0.04 	0.0 	0.07 	0.02 	0.0 	0.0 	0.59 	0.0 	0.0 	0.0 	0.0 	0.19 	0.02 	
16 	0.0 	0.02 	0.0 	0.0 	0.0 	0.0 	0.0 	0.02 	0.0 	0.02 	0.0 	0.0 	0.03 	0.61 	0.0 	0.02 	0.02 	0.12 	0.14 	0.0 	
17 	0.3 	0.02 	0.0 	0.0 	0.0 	0.05 	0.0 	0.07 	0.0 	0.04 	0.0 	0.0 	0.0 	0.0 	0.11 	0.16 	0.15 	0.0 	0.0 	0.11 	
18 	0.15 	0.0 	0.0 	0.07 	0.0 	0.05 	0.36 	0.03 	0.02 	0.03 	0.03 	0.05 	0.0 	0.0 	0.02 	0.11 	0.01 	0.02 	0.0 	0.05 	
19 	0.06 	0.0 	0.02 	0.04 	0.0 	0.0 	0.0 	0.09 	0.0 	0.17 	0.25 	0.0 	0.09 	0.06 	0.0 	0.0 	0.04 	0.0 	0.0 	0.18 	
20 	0.17 	0.09 	0.0 	0.0 	0.0 	0.05 	0.04 	0.11 	0.0 	0.15 	0.04 	0.08 	0.03 	0.02 	0.0 	0.01 	0.04 	0.0 	0.0 	0.18 	
21 	0.04 	0.2 	0.09 	0.07 	0.0 	0.09 	0.1 	0.0 	0.08 	0.0 	0.04 	0.21 	0.0 	0.02 	0.0 	0.03 	0.02 	0.0 	0.02 	0.0 	
22 	0.18 	0.02 	0.05 	0.04 	0.0 	0.0 	0.04 	0.55 	0.0 	0.03 	0.0 	0.0 	0.0 	0.0 	0.0 	0.04 	0.0 	0.0 	0.0 	0.05 	
23 	0.16 	0.0 	0.0 	0.0 	0.0 	0.0 	0.0 	0.0 	0.0 	0.3 	0.08 	0.0 	0.05 	0.03 	0.0 	0.0 	0.0 	0.0 	0.0 	0.38 	
24 	0.04 	0.0 	0.02 	0.09 	0.0 	0.1 	0.55 	0.03 	0.0 	0.02 	0.0 	0.02 	0.0 	0.0 	0.0 	0.0 	0.0 	0.0 	0.0 	0.1 	
25 	0.05 	0.01 	0.07 	0.25 	0.0 	0.16 	0.1 	0.02 	0.0 	0.0 	0.02 	0.17 	0.01 	0.0 	0.0 	0.06 	0.04 	0.0 	0.0 	0.02 	
26 	0.15 	0.02 	0.01 	0.02 	0.0 	0.02 	0.2 	0.0 	0.03 	0.07 	0.03 	0.09 	0.0 	0.02 	0.0 	0.07 	0.04 	0.0 	0.11 	0.1 	
27 	0.47 	0.0 	0.02 	0.0 	0.22 	0.0 	0.02 	0.05 	0.0 	0.02 	0.09 	0.0 	0.0 	0.03 	0.0 	0.01 	0.02 	0.0 	0.0 	0.06 	
28 	0.07 	0.06 	0.03 	0.01 	0.05 	0.09 	0.09 	0.11 	0.01 	0.01 	0.05 	0.2 	0.01 	0.03 	0.01 	0.05 	0.08 	0.0 	0.02 	0.02 	
29 	0.1 	0.03 	0.03 	0.1 	0.0 	0.02 	0.16 	0.02 	0.03 	0.02 	0.03 	0.07 	0.0 	0.02 	0.0 	0.08 	0.12 	0.0 	0.17 	0.01 	
30 	0.14 	0.1 	0.04 	0.04 	0.0 	0.09 	0.07 	0.05 	0.05 	0.0 	0.13 	0.09 	0.07 	0.0 	0.0 	0.04 	0.04 	0.0 	0.02 	0.02 	
31 	0.02 	0.04 	0.01 	0.02 	0.0 	0.14 	0.04 	0.16 	0.05 	0.01 	0.12 	0.05 	0.03 	0.01 	0.03 	0.01 	0.05 	0.0 	0.14 	0.06 	
32 	0.0 	0.0 	0.11 	0.06 	0.0 	0.04 	0.0 	0.5 	0.01 	0.02 	0.0 	0.09 	0.0 	0.02 	0.0 	0.03 	0.02 	0.0 	0.06 	0.04 	
33 	0.02 	0.03 	0.01 	0.04 	0.02 	0.0 	0.0 	0.0 	0.0 	0.05 	0.09 	0.02 	0.03 	0.06 	0.0 	0.01 	0.06 	0.0 	0.44 	0.12 	
34 	0.0 	0.03 	0.09 	0.07 	0.0 	0.23 	0.04 	0.0 	0.04 	0.02 	0.02 	0.1 	0.02 	0.0 	0.04 	0.08 	0.14 	0.0 	0.02 	0.05 	
35 	0.0 	0.0 	0.0 	0.0 	0.0 	0.02 	0.0 	0.0 	0.0 	0.08 	0.38 	0.0 	0.01 	0.01 	0.0 	0.05 	0.12 	0.0 	0.06 	0.27 	
36 	0.0 	0.02 	0.02 	0.01 	0.0 	0.03 	0.0 	0.0 	0.0 	0.29 	0.2 	0.03 	0.04 	0.14 	0.0 	0.0 	0.02 	0.0 	0.1 	0.1 	
37 	0.08 	0.0 	0.02 	0.08 	0.02 	0.0 	0.03 	0.03 	0.0 	0.2 	0.3 	0.02 	0.04 	0.01 	0.0 	0.02 	0.03 	0.04 	0.0 	0.07 	
38 	0.12 	0.03 	0.05 	0.01 	0.22 	0.05 	0.01 	0.17 	0.0 	0.04 	0.03 	0.0 	0.02 	0.05 	0.02 	0.1 	0.08 	0.0 	0.0 	0.01 	
39 	0.02 	0.0 	0.39 	0.13 	0.04 	0.04 	0.0 	0.02 	0.03 	0.02 	0.0 	0.02 	0.0 	0.0 	0.12 	0.1 	0.05 	0.0 	0.01 	0.0 	
40 	0.17 	0.0 	0.03 	0.0 	0.0 	0.02 	0.0 	0.1 	0.0 	0.04 	0.02 	0.0 	0.0 	0.0 	0.0 	0.23 	0.34 	0.0 	0.03 	0.02 	
41 	0.02 	0.01 	0.1 	0.21 	0.0 	0.17 	0.17 	0.06 	0.05 	0.0 	0.04 	0.02 	0.0 	0.0 	0.06 	0.0 	0.0 	0.01 	0.06 	0.0 	
42 	0.02 	0.0 	0.31 	0.09 	0.0 	0.06 	0.06 	0.19 	0.06 	0.0 	0.02 	0.02 	0.0 	0.0 	0.06 	0.04 	0.0 	0.0 	0.05 	0.0 	
43 	0.02 	0.0 	0.19 	0.47 	0.0 	0.0 	0.06 	0.02 	0.02 	0.03 	0.0 	0.03 	0.0 	0.0 	0.0 	0.12 	0.03 	0.0 	0.0 	0.0 	
44 	0.06 	0.05 	0.0 	0.02 	0.0 	0.08 	0.03 	0.09 	0.02 	0.09 	0.07 	0.02 	0.01 	0.03 	0.19 	0.05 	0.03 	0.02 	0.02 	0.11 	
45 	0.08 	0.0 	0.0 	0.07 	0.0 	0.12 	0.38 	0.03 	0.0 	0.0 	0.04 	0.03 	0.0 	0.0 	0.03 	0.17 	0.02 	0.0 	0.0 	0.03 	
46 	0.03 	0.05 	0.04 	0.0 	0.0 	0.08 	0.02 	0.06 	0.01 	0.01 	0.0 	0.49 	0.02 	0.0 	0.0 	0.05 	0.13 	0.0 	0.0 	0.0 	
47 	0.0 	0.0 	0.0 	0.01 	0.0 	0.37 	0.41 	0.0 	0.0 	0.03 	0.05 	0.0 	0.05 	0.0 	0.0 	0.03 	0.02 	0.0 	0.0 	0.03 	
48 	0.03 	0.18 	0.04 	0.04 	0.0 	0.1 	0.02 	0.0 	0.0 	0.05 	0.14 	0.17 	0.03 	0.0 	0.0 	0.04 	0.02 	0.0 	0.0 	0.14 	
49 	0.16 	0.04 	0.1 	0.1 	0.0 	0.14 	0.17 	0.02 	0.06 	0.0 	0.0 	0.07 	0.0 	0.0 	0.0 	0.1 	0.03 	0.0 	0.0 	0.02 	
50 	0.17 	0.04 	0.09 	0.03 	0.0 	0.12 	0.0 	0.0 	0.05 	0.03 	0.17 	0.0 	0.02 	0.04 	0.0 	0.02 	0.0 	0.0 	0.18 	0.04 	
51 	0.02 	0.0 	0.0 	0.0 	0.0 	0.0 	0.0 	0.01 	0.0 	0.3 	0.29 	0.0 	0.05 	0.09 	0.0 	0.0 	0.03 	0.0 	0.01 	0.2 	
52 	0.02 	0.09 	0.18 	0.16 	0.0 	0.11 	0.29 	0.01 	0.02 	0.02 	0.02 	0.02 	0.0 	0.0 	0.0 	0.05 	0.0 	0.0 	0.0 	0.0 	
53 	0.08 	0.0 	0.23 	0.04 	0.0 	0.03 	0.05 	0.0 	0.0 	0.01 	0.03 	0.03 	0.18 	0.0 	0.0 	0.09 	0.14 	0.0 	0.03 	0.06 	
54 	0.04 	0.0 	0.0 	0.0 	0.02 	0.0 	0.0 	0.0 	0.0 	0.01 	0.59 	0.02 	0.17 	0.11 	0.0 	0.0 	0.0 	0.0 	0.0 	0.03 	
55 	0.15 	0.03 	0.0 	0.0 	0.0 	0.0 	0.04 	0.02 	0.0 	0.23 	0.2 	0.07 	0.03 	0.01 	0.0 	0.01 	0.03 	0.0 	0.0 	0.17 	
56 	0.22 	0.06 	0.16 	0.04 	0.0 	0.11 	0.08 	0.03 	0.01 	0.0 	0.02 	0.05 	0.0 	0.0 	0.01 	0.15 	0.05 	0.0 	0.0 	0.02 	
57 	0.01 	0.12 	0.03 	0.03 	0.0 	0.24 	0.02 	0.0 	0.03 	0.0 	0.02 	0.41 	0.01 	0.0 	0.02 	0.02 	0.0 	0.01 	0.02 	0.0 	
58 	0.02 	0.26 	0.08 	0.0 	0.0 	0.15 	0.01 	0.34 	0.04 	0.0 	0.0 	0.01 	0.01 	0.0 	0.02 	0.05 	0.0 	0.0 	0.01 	0.0 	
59 	0.08 	0.0 	0.0 	0.04 	0.06 	0.0 	0.0 	0.0 	0.0 	0.07 	0.02 	0.0 	0.0 	0.03 	0.02 	0.01 	0.01 	0.0 	0.08 	0.6 	
60 	0.05 	0.02 	0.1 	0.58 	0.0 	0.02 	0.02 	0.0 	0.0 	0.02 	0.0 	0.14 	0.0 	0.0 	0.0 	0.05 	0.0 	0.0 	0.0 	0.0 	
61 	0.23 	0.0 	0.0 	0.0 	0.02 	0.0 	0.0 	0.64 	0.0 	0.02 	0.0 	0.0 	0.0 	0.0 	0.0 	0.02 	0.0 	0.0 	0.0 	0.06 	
62 	0.0 	0.0 	0.0 	0.0 	0.0 	0.0 	0.0 	0.0 	0.0 	0.44 	0.39 	0.0 	0.02 	0.05 	0.0 	0.0 	0.0 	0.0 	0.03 	0.06 	
63 	0.06 	0.0 	0.0 	0.0 	0.0 	0.0 	0.0 	0.0 	0.0 	0.44 	0.27 	0.0 	0.02 	0.01 	0.0 	0.0 	0.0 	0.0 	0.0 	0.19 	
64 	0.03 	0.0 	0.0 	0.0 	0.0 	0.0 	0.0 	0.0 	0.0 	0.31 	0.16 	0.0 	0.0 	0.11 	0.0 	0.0 	0.0 	0.0 	0.04 	0.34 	
65 	0.16 	0.01 	0.09 	0.01 	0.08 	0.02 	0.04 	0.04 	0.03 	0.03 	0.05 	0.01 	0.11 	0.05 	0.01 	0.16 	0.01 	0.0 	0.02 	0.05 	
66 	0.2 	0.01 	0.01 	0.01 	0.1 	0.01 	0.01 	0.04 	0.0 	0.01 	0.07 	0.01 	0.01 	0.01 	0.21 	0.15 	0.08 	0.0 	0.02 	0.03 	
67 	0.07 	0.0 	0.02 	0.0 	0.03 	0.0 	0.07 	0.01 	0.05 	0.06 	0.1 	0.0 	0.06 	0.0 	0.08 	0.09 	0.14 	0.0 	0.01 	0.19 	
68 	0.03 	0.01 	0.06 	0.28 	0.03 	0.03 	0.11 	0.08 	0.02 	0.0 	0.03 	0.04 	0.02 	0.0 	0.0 	0.17 	0.0 	0.0 	0.06 	0.02 	
69 	0.06 	0.02 	0.02 	0.05 	0.0 	0.0 	0.07 	0.16 	0.02 	0.0 	0.03 	0.02 	0.0 	0.0 	0.19 	0.17 	0.11 	0.0 	0.03 	0.04 	
70 	0.05 	0.04 	0.14 	0.19 	0.0 	0.04 	0.07 	0.0 	0.04 	0.01 	0.01 	0.04 	0.0 	0.0 	0.01 	0.12 	0.22 	0.0 	0.02 	0.02 	
71 	0.17 	0.05 	0.02 	0.04 	0.0 	0.08 	0.04 	0.15 	0.04 	0.09 	0.08 	0.01 	0.0 	0.03 	0.03 	0.06 	0.04 	0.0 	0.03 	0.03 	
72 	0.06 	0.01 	0.01 	0.1 	0.0 	0.03 	0.01 	0.06 	0.03 	0.05 	0.25 	0.01 	0.0 	0.02 	0.04 	0.07 	0.16 	0.03 	0.0 	0.05 	
73 	0.06 	0.04 	0.05 	0.08 	0.06 	0.01 	0.1 	0.06 	0.0 	0.02 	0.06 	0.04 	0.04 	0.01 	0.11 	0.15 	0.05 	0.0 	0.0 	0.03 	
74 	0.05 	0.08 	0.06 	0.14 	0.0 	0.04 	0.1 	0.01 	0.0 	0.03 	0.09 	0.08 	0.01 	0.01 	0.16 	0.05 	0.06 	0.0 	0.0 	0.01 	
75 	0.15 	0.07 	0.04 	0.05 	0.0 	0.06 	0.03 	0.02 	0.02 	0.11 	0.08 	0.0 	0.08 	0.04 	0.04 	0.04 	0.06 	0.0 	0.01 	0.1 	
76 	0.04 	0.03 	0.0 	0.02 	0.0 	0.0 	0.04 	0.0 	0.0 	0.15 	0.37 	0.04 	0.02 	0.0 	0.0 	0.01 	0.02 	0.0 	0.07 	0.19 	
77 	0.14 	0.06 	0.04 	0.06 	0.0 	0.08 	0.2 	0.04 	0.0 	0.0 	0.06 	0.19 	0.01 	0.0 	0.0 	0.05 	0.0 	0.0 	0.02 	0.04 	
78 	0.05 	0.15 	0.02 	0.05 	0.0 	0.05 	0.19 	0.0 	0.04 	0.02 	0.13 	0.12 	0.04 	0.02 	0.0 	0.1 	0.02 	0.0 	0.02 	0.0 	
79 	0.41 	0.0 	0.0 	0.03 	0.0 	0.01 	0.02 	0.0 	0.02 	0.09 	0.16 	0.01 	0.02 	0.08 	0.0 	0.03 	0.0 	0.0 	0.08 	0.03 	
80 	0.09 	0.18 	0.12 	0.0 	0.0 	0.03 	0.09 	0.03 	0.04 	0.01 	0.06 	0.14 	0.06 	0.03 	0.0 	0.06 	0.02 	0.01 	0.0 	0.02 	
81 	0.04 	0.07 	0.07 	0.12 	0.02 	0.15 	0.1 	0.08 	0.02 	0.0 	0.01 	0.09 	0.02 	0.01 	0.0 	0.15 	0.0 	0.0 	0.02 	0.02 	
82 	0.17 	0.12 	0.02 	0.05 	0.0 	0.09 	0.05 	0.01 	0.0 	0.02 	0.05 	0.11 	0.01 	0.0 	0.03 	0.1 	0.07 	0.0 	0.06 	0.02 	
83 	0.02 	0.02 	0.2 	0.09 	0.0 	0.07 	0.07 	0.36 	0.05 	0.0 	0.0 	0.03 	0.0 	0.0 	0.02 	0.05 	0.03 	0.0 	0.0 	0.0 	
84 	0.0 	0.0 	0.0 	0.0 	0.0 	0.0 	0.02 	0.0 	0.0 	0.46 	0.13 	0.0 	0.05 	0.0 	0.0 	0.0 	0.06 	0.0 	0.03 	0.25 	
85 	0.01 	0.01 	0.0 	0.0 	0.0 	0.0 	0.0 	0.0 	0.0 	0.0 	0.03 	0.2 	0.0 	0.0 	0.73 	0.0 	0.0 	0.0 	0.01 	0.0 	
86 	0.01 	0.0 	0.0 	0.0 	0.01 	0.0 	0.0 	0.0 	0.0 	0.12 	0.14 	0.02 	0.15 	0.08 	0.0 	0.01 	0.04 	0.0 	0.04 	0.36 	
87 	0.03 	0.0 	0.0 	0.0 	0.0 	0.0 	0.0 	0.0 	0.01 	0.2 	0.12 	0.0 	0.01 	0.04 	0.0 	0.0 	0.0 	0.0 	0.0 	0.58 	
88 	0.14 	0.0 	0.01 	0.0 	0.02 	0.0 	0.03 	0.0 	0.0 	0.04 	0.24 	0.0 	0.06 	0.13 	0.0 	0.02 	0.12 	0.0 	0.04 	0.15 	
89 	0.05 	0.0 	0.0 	0.0 	0.0 	0.07 	0.0 	0.01 	0.0 	0.12 	0.18 	0.0 	0.16 	0.08 	0.0 	0.02 	0.01 	0.07 	0.1 	0.12 	
90 	0.01 	0.0 	0.29 	0.56 	0.0 	0.0 	0.02 	0.03 	0.0 	0.0 	0.01 	0.0 	0.02 	0.0 	0.0 	0.04 	0.0 	0.0 	0.0 	0.0 	
91 	0.04 	0.3 	0.01 	0.07 	0.0 	0.02 	0.03 	0.01 	0.0 	0.09 	0.01 	0.03 	0.0 	0.0 	0.01 	0.07 	0.08 	0.16 	0.0 	0.06 	
92 	0.03 	0.05 	0.04 	0.12 	0.03 	0.08 	0.04 	0.17 	0.0 	0.01 	0.07 	0.06 	0.0 	0.02 	0.03 	0.07 	0.07 	0.02 	0.05 	0.03 	
93 	0.05 	0.01 	0.01 	0.02 	0.0 	0.03 	0.04 	0.05 	0.0 	0.11 	0.1 	0.04 	0.0 	0.03 	0.23 	0.03 	0.16 	0.0 	0.04 	0.03 	
94 	0.06 	0.03 	0.06 	0.08 	0.0 	0.04 	0.11 	0.05 	0.01 	0.03 	0.04 	0.05 	0.01 	0.02 	0.12 	0.13 	0.05 	0.0 	0.02 	0.08 	
95 	0.06 	0.08 	0.08 	0.1 	0.0 	0.04 	0.1 	0.02 	0.02 	0.01 	0.05 	0.06 	0.05 	0.01 	0.1 	0.08 	0.03 	0.0 	0.03 	0.09 	
96 	0.12 	0.05 	0.01 	0.04 	0.01 	0.03 	0.1 	0.1 	0.01 	0.03 	0.13 	0.1 	0.01 	0.01 	0.06 	0.12 	0.02 	0.0 	0.01 	0.03 	
97 	0.12 	0.02 	0.05 	0.14 	0.05 	0.06 	0.08 	0.09 	0.02 	0.03 	0.04 	0.09 	0.01 	0.01 	0.02 	0.07 	0.05 	0.0 	0.01 	0.04 	
98 	0.06 	0.08 	0.02 	0.01 	0.0 	0.01 	0.01 	0.07 	0.0 	0.1 	0.14 	0.01 	0.05 	0.06 	0.01 	0.05 	0.09 	0.07 	0.04 	0.11 	
99 	0.01 	0.01 	0.08 	0.32 	0.0 	0.02 	0.1 	0.07 	0.02 	0.01 	0.04 	0.1 	0.0 	0.01 	0.02 	0.09 	0.05 	0.0 	0.0 	0.05 	
100 	0.05 	0.04 	0.04 	0.06 	0.0 	0.01 	0.04 	0.03 	0.0 	0.05 	0.03 	0.14 	0.0 	0.01 	0.13 	0.16 	0.14 	0.02 	0.02 	0.04 	
101 	0.06 	0.07 	0.04 	0.05 	0.01 	0.05 	0.08 	0.08 	0.02 	0.05 	0.06 	0.07 	0.03 	0.01 	0.06 	0.04 	0.06 	0.0 	0.11 	0.05 	
102 	0.02 	0.01 	0.1 	0.17 	0.04 	0.08 	0.08 	0.04 	0.02 	0.11 	0.04 	0.05 	0.01 	0.01 	0.05 	0.04 	0.02 	0.0 	0.03 	0.09 	
103 	0.07 	0.05 	0.1 	0.03 	0.01 	0.07 	0.04 	0.03 	0.01 	0.09 	0.05 	0.11 	0.01 	0.02 	0.08 	0.11 	0.03 	0.0 	0.04 	0.05 	
104 	0.13 	0.01 	0.01 	0.14 	0.02 	0.07 	0.03 	0.03 	0.04 	0.06 	0.06 	0.02 	0.02 	0.07 	0.03 	0.09 	0.07 	0.0 	0.01 	0.09 	
105 	0.07 	0.04 	0.01 	0.05 	0.02 	0.01 	0.02 	0.08 	0.02 	0.04 	0.07 	0.02 	0.04 	0.06 	0.21 	0.03 	0.02 	0.02 	0.14 	0.02 	
106 	0.04 	0.02 	0.03 	0.02 	0.06 	0.01 	0.03 	0.02 	0.07 	0.05 	0.12 	0.02 	0.01 	0.11 	0.02 	0.09 	0.03 	0.0 	0.23 	0.02 	
107 	0.04 	0.01 	0.01 	0.01 	0.0 	0.01 	0.01 	0.01 	0.0 	0.25 	0.05 	0.01 	0.03 	0.0 	0.01 	0.02 	0.01 	0.0 	0.0 	0.54 	
108 	0.12 	0.03 	0.02 	0.01 	0.02 	0.06 	0.0 	0.27 	0.03 	0.05 	0.06 	0.02 	0.04 	0.0 	0.0 	0.12 	0.11 	0.01 	0.01 	0.01 	
109 	0.02 	0.0 	0.0 	0.1 	0.01 	0.02 	0.03 	0.01 	0.0 	0.09 	0.06 	0.01 	0.07 	0.19 	0.1 	0.11 	0.14 	0.0 	0.02 	0.01 	
110 	0.02 	0.0 	0.18 	0.62 	0.0 	0.01 	0.0 	0.0 	0.01 	0.0 	0.0 	0.0 	0.0 	0.0 	0.02 	0.05 	0.03 	0.0 	0.0 	0.04 	
111 	0.1 	0.0 	0.37 	0.12 	0.01 	0.01 	0.01 	0.03 	0.1 	0.0 	0.02 	0.0 	0.0 	0.02 	0.05 	0.13 	0.01 	0.0 	0.02 	0.0 	
112 	0.08 	0.09 	0.01 	0.0 	0.0 	0.04 	0.17 	0.0 	0.0 	0.07 	0.07 	0.07 	0.01 	0.11 	0.0 	0.03 	0.05 	0.0 	0.06 	0.11 	
113 	0.09 	0.02 	0.0 	0.09 	0.0 	0.14 	0.2 	0.02 	0.01 	0.0 	0.07 	0.17 	0.0 	0.03 	0.0 	0.04 	0.05 	0.01 	0.04 	0.0 	
114 	0.18 	0.0 	0.02 	0.0 	0.01 	0.0 	0.0 	0.42 	0.0 	0.04 	0.05 	0.0 	0.0 	0.04 	0.03 	0.07 	0.03 	0.0 	0.0 	0.09 	
115 	0.13 	0.01 	0.02 	0.01 	0.0 	0.01 	0.01 	0.57 	0.0 	0.01 	0.01 	0.01 	0.03 	0.0 	0.02 	0.07 	0.05 	0.0 	0.0 	0.04 	
116 	0.07 	0.12 	0.04 	0.01 	0.0 	0.05 	0.1 	0.02 	0.0 	0.04 	0.03 	0.08 	0.02 	0.04 	0.01 	0.07 	0.02 	0.03 	0.2 	0.05 	
117 	0.05 	0.02 	0.01 	0.06 	0.0 	0.08 	0.08 	0.01 	0.0 	0.07 	0.38 	0.04 	0.09 	0.01 	0.01 	0.02 	0.03 	0.0 	0.01 	0.02 	
118 	0.43 	0.01 	0.01 	0.01 	0.02 	0.17 	0.04 	0.02 	0.0 	0.03 	0.16 	0.02 	0.02 	0.02 	0.01 	0.01 	0.01 	0.0 	0.0 	0.03 	
119 	0.18 	0.01 	0.01 	0.01 	0.0 	0.0 	0.01 	0.29 	0.0 	0.03 	0.01 	0.01 	0.02 	0.02 	0.01 	0.02 	0.23 	0.0 	0.0 	0.16 	
120 	0.03 	0.13 	0.05 	0.1 	0.0 	0.19 	0.06 	0.02 	0.0 	0.0 	0.03 	0.2 	0.0 	0.0 	0.0 	0.06 	0.09 	0.0 	0.0 	0.02 	
121 	0.12 	0.05 	0.0 	0.0 	0.0 	0.01 	0.1 	0.01 	0.16 	0.0 	0.08 	0.01 	0.12 	0.07 	0.0 	0.06 	0.02 	0.02 	0.14 	0.01 	
122 	0.07 	0.01 	0.0 	0.01 	0.0 	0.0 	0.01 	0.01 	0.0 	0.26 	0.46 	0.01 	0.04 	0.04 	0.01 	0.01 	0.01 	0.0 	0.0 	0.05 	
123 	0.23 	0.01 	0.02 	0.01 	0.05 	0.0 	0.01 	0.05 	0.0 	0.26 	0.09 	0.01 	0.0 	0.0 	0.01 	0.03 	0.07 	0.0 	0.05 	0.11 	
124 	0.05 	0.02 	0.06 	0.28 	0.0 	0.05 	0.14 	0.03 	0.02 	0.01 	0.02 	0.19 	0.0 	0.01 	0.01 	0.05 	0.04 	0.0 	0.01 	0.01 	
125 	0.05 	0.13 	0.02 	0.01 	0.01 	0.1 	0.09 	0.06 	0.08 	0.02 	0.09 	0.12 	0.03 	0.04 	0.01 	0.02 	0.02 	0.02 	0.04 	0.02 	
126 	0.06 	0.02 	0.02 	0.02 	0.01 	0.03 	0.03 	0.09 	0.03 	0.06 	0.23 	0.04 	0.01 	0.1 	0.02 	0.03 	0.04 	0.05 	0.01 	0.1 	
127 	0.12 	0.02 	0.02 	0.02 	0.02 	0.03 	0.03 	0.14 	0.07 	0.09 	0.08 	0.05 	0.05 	0.02 	0.09 	0.05 	0.03 	0.01 	0.01 	0.05 	
128 	0.11 	0.06 	0.04 	0.04 	0.01 	0.1 	0.05 	0.06 	0.03 	0.02 	0.08 	0.11 	0.01 	0.03 	0.04 	0.08 	0.05 	0.01 	0.02 	0.04 	
129 	0.09 	0.1 	0.11 	0.04 	0.01 	0.03 	0.08 	0.08 	0.03 	0.03 	0.05 	0.15 	0.01 	0.02 	0.03 	0.06 	0.03 	0.01 	0.02 	0.03 	
130 	0.11 	0.08 	0.02 	0.06 	0.02 	0.06 	0.07 	0.06 	0.01 	0.09 	0.06 	0.05 	0.02 	0.02 	0.05 	0.06 	0.08 	0.01 	0.02 	0.06 	
131 	0.08 	0.03 	0.06 	0.05 	0.01 	0.02 	0.04 	0.2 	0.03 	0.05 	0.09 	0.03 	0.01 	0.02 	0.05 	0.06 	0.06 	0.01 	0.03 	0.06 	
132 	0.1 	0.05 	0.03 	0.03 	0.01 	0.05 	0.05 	0.12 	0.01 	0.05 	0.09 	0.05 	0.01 	0.02 	0.04 	0.06 	0.03 	0.06 	0.08 	0.05 	
133 	0.09 	0.03 	0.04 	0.14 	0.01 	0.02 	0.05 	0.06 	0.08 	0.06 	0.07 	0.08 	0.01 	0.02 	0.03 	0.09 	0.03 	0.01 	0.03 	0.04 	
134 	0.08 	0.08 	0.03 	0.03 	0.03 	0.04 	0.04 	0.04 	0.01 	0.03 	0.18 	0.03 	0.01 	0.04 	0.05 	0.04 	0.05 	0.01 	0.02 	0.16 	
135 	0.06 	0.04 	0.08 	0.05 	0.01 	0.02 	0.05 	0.06 	0.03 	0.06 	0.1 	0.07 	0.03 	0.08 	0.03 	0.05 	0.03 	0.02 	0.06 	0.06 	
136 	0.05 	0.02 	0.04 	0.04 	0.01 	0.03 	0.19 	0.08 	0.01 	0.04 	0.04 	0.12 	0.01 	0.02 	0.1 	0.07 	0.02 	0.01 	0.06 	0.05 	
137 	0.07 	0.03 	0.12 	0.09 	0.01 	0.07 	0.04 	0.02 	0.02 	0.05 	0.09 	0.15 	0.02 	0.06 	0.03 	0.05 	0.03 	0.0 	0.01 	0.04 	
138 	0.05 	0.04 	0.02 	0.07 	0.0 	0.01 	0.03 	0.59 	0.03 	0.01 	0.01 	0.01 	0.0 	0.01 	0.02 	0.06 	0.02 	0.0 	0.0 	0.02 	
139 	0.11 	0.01 	0.0 	0.02 	0.01 	0.09 	0.09 	0.02 	0.29 	0.04 	0.01 	0.12 	0.0 	0.02 	0.06 	0.02 	0.01 	0.0 	0.04 	0.04 	
140 	0.05 	0.14 	0.04 	0.04 	0.01 	0.09 	0.02 	0.1 	0.0 	0.06 	0.05 	0.12 	0.04 	0.05 	0.02 	0.01 	0.1 	0.0 	0.0 	0.06 	
141 	0.07 	0.1 	0.14 	0.1 	0.0 	0.06 	0.09 	0.02 	0.06 	0.0 	0.01 	0.22 	0.0 	0.01 	0.0 	0.03 	0.02 	0.0 	0.07 	0.0 	
142 	0.02 	0.0 	0.0 	0.0 	0.0 	0.0 	0.0 	0.01 	0.0 	0.49 	0.01 	0.02 	0.0 	0.14 	0.0 	0.02 	0.02 	0.0 	0.05 	0.2 	
143 	0.37 	0.0 	0.0 	0.02 	0.0 	0.0 	0.05 	0.14 	0.0 	0.03 	0.03 	0.0 	0.0 	0.03 	0.0 	0.05 	0.07 	0.02 	0.02 	0.14 	
144 	0.05 	0.01 	0.02 	0.06 	0.07 	0.01 	0.05 	0.03 	0.01 	0.11 	0.23 	0.01 	0.02 	0.16 	0.01 	0.01 	0.03 	0.01 	0.05 	0.06 	
145 	0.03 	0.01 	0.02 	0.01 	0.02 	0.0 	0.01 	0.01 	0.0 	0.23 	0.3 	0.01 	0.02 	0.18 	0.01 	0.01 	0.01 	0.0 	0.05 	0.09 	
146 	0.09 	0.06 	0.03 	0.01 	0.01 	0.05 	0.09 	0.16 	0.0 	0.05 	0.03 	0.03 	0.01 	0.02 	0.04 	0.11 	0.12 	0.0 	0.07 	0.02 	
147 	0.05 	0.02 	0.0 	0.01 	0.02 	0.0 	0.03 	0.61 	0.0 	0.02 	0.06 	0.01 	0.0 	0.0 	0.04 	0.11 	0.01 	0.0 	0.0 	0.01 	
148 	0.01 	0.02 	0.03 	0.12 	0.0 	0.07 	0.12 	0.01 	0.04 	0.03 	0.01 	0.04 	0.0 	0.0 	0.19 	0.2 	0.06 	0.0 	0.02 	0.03 	
149 	0.11 	0.01 	0.01 	0.01 	0.0 	0.07 	0.04 	0.03 	0.04 	0.03 	0.23 	0.03 	0.02 	0.02 	0.21 	0.03 	0.04 	0.0 	0.03 	0.05 	
150 	0.03 	0.04 	0.01 	0.16 	0.0 	0.02 	0.07 	0.19 	0.01 	0.02 	0.01 	0.04 	0.0 	0.05 	0.03 	0.15 	0.09 	0.0 	0.03 	0.04 	
151 	0.03 	0.08 	0.03 	0.1 	0.0 	0.02 	0.08 	0.02 	0.06 	0.06 	0.06 	0.14 	0.02 	0.01 	0.01 	0.12 	0.05 	0.0 	0.0 	0.1 	
152 	0.06 	0.05 	0.13 	0.02 	0.0 	0.05 	0.04 	0.01 	0.0 	0.03 	0.02 	0.05 	0.0 	0.01 	0.14 	0.15 	0.15 	0.0 	0.0 	0.09 	
153 	0.11 	0.02 	0.11 	0.2 	0.02 	0.0 	0.0 	0.01 	0.0 	0.03 	0.03 	0.03 	0.0 	0.02 	0.04 	0.07 	0.22 	0.0 	0.0 	0.07 	
154 	0.31 	0.04 	0.05 	0.03 	0.06 	0.1 	0.03 	0.12 	0.0 	0.04 	0.0 	0.0 	0.02 	0.0 	0.02 	0.11 	0.01 	0.0 	0.0 	0.05 	
155 	0.08 	0.19 	0.08 	0.03 	0.0 	0.12 	0.14 	0.04 	0.02 	0.04 	0.02 	0.12 	0.0 	0.02 	0.0 	0.03 	0.0 	0.01 	0.01 	0.03 	
156 	0.09 	0.07 	0.02 	0.15 	0.0 	0.1 	0.15 	0.07 	0.0 	0.03 	0.08 	0.05 	0.03 	0.03 	0.02 	0.01 	0.01 	0.01 	0.03 	0.04 	
157 	0.0 	0.66 	0.02 	0.03 	0.0 	0.01 	0.02 	0.0 	0.0 	0.01 	0.0 	0.02 	0.0 	0.09 	0.0 	0.0 	0.0 	0.06 	0.02 	0.05 	
158 	0.02 	0.09 	0.02 	0.0 	0.0 	0.02 	0.03 	0.06 	0.03 	0.05 	0.27 	0.08 	0.0 	0.02 	0.0 	0.0 	0.09 	0.0 	0.12 	0.1 	
159 	0.12 	0.05 	0.07 	0.11 	0.0 	0.1 	0.12 	0.09 	0.02 	0.0 	0.0 	0.14 	0.0 	0.02 	0.0 	0.06 	0.06 	0.0 	0.0 	0.01 	
160 	0.04 	0.0 	0.0 	0.01 	0.0 	0.01 	0.07 	0.68 	0.0 	0.0 	0.0 	0.02 	0.0 	0.06 	0.0 	0.01 	0.05 	0.0 	0.05 	0.0 	
161 	0.14 	0.0 	0.0 	0.0 	0.0 	0.02 	0.02 	0.02 	0.0 	0.03 	0.08 	0.0 	0.02 	0.26 	0.0 	0.02 	0.0 	0.05 	0.21 	0.1 	
162 	0.04 	0.09 	0.01 	0.0 	0.03 	0.06 	0.04 	0.02 	0.03 	0.17 	0.1 	0.2 	0.08 	0.0 	0.0 	0.0 	0.06 	0.0 	0.04 	0.03 	
163 	0.08 	0.1 	0.05 	0.12 	0.0 	0.13 	0.17 	0.02 	0.04 	0.0 	0.0 	0.24 	0.0 	0.0 	0.0 	0.04 	0.0 	0.0 	0.0 	0.0 	
164 	0.48 	0.0 	0.0 	0.0 	0.0 	0.06 	0.08 	0.04 	0.0 	0.03 	0.0 	0.08 	0.01 	0.02 	0.05 	0.02 	0.03 	0.0 	0.01 	0.07 	
165 	0.0 	0.0 	0.0 	0.0 	0.0 	0.0 	0.0 	0.02 	0.04 	0.09 	0.49 	0.0 	0.16 	0.02 	0.0 	0.0 	0.0 	0.0 	0.06 	0.11 	
166 	0.19 	0.03 	0.11 	0.02 	0.0 	0.04 	0.07 	0.08 	0.01 	0.08 	0.12 	0.13 	0.02 	0.0 	0.0 	0.04 	0.03 	0.0 	0.02 	0.03 	
167 	0.15 	0.03 	0.0 	0.1 	0.0 	0.12 	0.26 	0.0 	0.02 	0.0 	0.03 	0.14 	0.0 	0.0 	0.0 	0.05 	0.08 	0.0 	0.0 	0.0 	
168 	0.25 	0.02 	0.08 	0.04 	0.01 	0.03 	0.07 	0.03 	0.15 	0.0 	0.0 	0.09 	0.0 	0.01 	0.07 	0.13 	0.0 	0.0 	0.0 	0.02 	
169 	0.03 	0.04 	0.14 	0.05 	0.0 	0.08 	0.05 	0.27 	0.11 	0.0 	0.05 	0.05 	0.0 	0.02 	0.0 	0.06 	0.0 	0.0 	0.04 	0.0 	
170 	0.0 	0.02 	0.02 	0.04 	0.03 	0.02 	0.01 	0.0 	0.0 	0.29 	0.19 	0.02 	0.01 	0.04 	0.08 	0.02 	0.02 	0.0 	0.06 	0.12 	
171 	0.09 	0.02 	0.02 	0.06 	0.0 	0.1 	0.05 	0.05 	0.0 	0.01 	0.03 	0.14 	0.01 	0.02 	0.24 	0.03 	0.11 	0.0 	0.0 	0.03 	
172 	0.06 	0.0 	0.05 	0.02 	0.0 	0.02 	0.04 	0.03 	0.0 	0.14 	0.14 	0.04 	0.01 	0.07 	0.04 	0.07 	0.04 	0.07 	0.02 	0.14 	
173 	0.07 	0.07 	0.18 	0.09 	0.0 	0.04 	0.12 	0.1 	0.01 	0.03 	0.04 	0.11 	0.0 	0.0 	0.05 	0.04 	0.0 	0.0 	0.0 	0.04 	
174 	0.01 	0.03 	0.03 	0.06 	0.0 	0.14 	0.22 	0.01 	0.04 	0.08 	0.04 	0.07 	0.02 	0.0 	0.08 	0.02 	0.04 	0.0 	0.0 	0.11 	
175 	0.0 	0.02 	0.05 	0.05 	0.0 	0.05 	0.15 	0.03 	0.03 	0.14 	0.1 	0.02 	0.06 	0.03 	0.0 	0.08 	0.02 	0.0 	0.0 	0.17 	
176 	0.11 	0.05 	0.02 	0.0 	0.01 	0.08 	0.06 	0.05 	0.02 	0.02 	0.12 	0.02 	0.01 	0.04 	0.0 	0.02 	0.08 	0.18 	0.05 	0.04 	
177 	0.01 	0.02 	0.01 	0.02 	0.0 	0.0 	0.09 	0.01 	0.04 	0.22 	0.11 	0.02 	0.03 	0.02 	0.01 	0.06 	0.14 	0.0 	0.0 	0.18 	
178 	0.06 	0.04 	0.0 	0.14 	0.0 	0.17 	0.02 	0.06 	0.02 	0.07 	0.11 	0.01 	0.01 	0.04 	0.04 	0.01 	0.03 	0.0 	0.06 	0.11 	
179 	0.03 	0.03 	0.05 	0.01 	0.0 	0.05 	0.18 	0.04 	0.01 	0.03 	0.02 	0.01 	0.0 	0.1 	0.06 	0.09 	0.25 	0.0 	0.01 	0.02 	
180 	0.15 	0.02 	0.02 	0.02 	0.01 	0.0 	0.01 	0.4 	0.0 	0.03 	0.08 	0.06 	0.0 	0.02 	0.02 	0.06 	0.07 	0.0 	0.0 	0.02 	
181 	0.03 	0.04 	0.16 	0.23 	0.0 	0.04 	0.08 	0.05 	0.02 	0.02 	0.03 	0.02 	0.03 	0.01 	0.0 	0.07 	0.07 	0.0 	0.08 	0.02 	
182 	0.0 	0.0 	0.1 	0.02 	0.01 	0.02 	0.04 	0.02 	0.0 	0.0 	0.05 	0.0 	0.0 	0.25 	0.04 	0.05 	0.04 	0.19 	0.14 	0.02 	
183 	0.0 	0.0 	0.07 	0.29 	0.0 	0.02 	0.13 	0.0 	0.03 	0.02 	0.0 	0.11 	0.0 	0.0 	0.0 	0.15 	0.14 	0.0 	0.0 	0.02 	
184 	0.16 	0.07 	0.02 	0.02 	0.04 	0.01 	0.06 	0.02 	0.0 	0.06 	0.04 	0.06 	0.03 	0.04 	0.16 	0.03 	0.05 	0.02 	0.08 	0.04 	
185 	0.15 	0.0 	0.04 	0.08 	0.0 	0.04 	0.27 	0.03 	0.02 	0.04 	0.0 	0.06 	0.01 	0.0 	0.03 	0.11 	0.11 	0.0 	0.0 	0.01 	
186 	0.01 	0.0 	0.01 	0.05 	0.0 	0.06 	0.08 	0.2 	0.0 	0.0 	0.03 	0.16 	0.01 	0.0 	0.0 	0.3 	0.07 	0.0 	0.0 	0.0 	
187 	0.28 	0.02 	0.0 	0.0 	0.0 	0.0 	0.0 	0.5 	0.0 	0.0 	0.02 	0.02 	0.0 	0.0 	0.03 	0.09 	0.0 	0.0 	0.02 	0.02 	
188 	0.04 	0.02 	0.0 	0.0 	0.0 	0.07 	0.07 	0.03 	0.02 	0.05 	0.18 	0.09 	0.03 	0.08 	0.0 	0.02 	0.03 	0.01 	0.17 	0.07 	
189 	0.11 	0.04 	0.03 	0.12 	0.02 	0.17 	0.27 	0.0 	0.0 	0.01 	0.02 	0.09 	0.02 	0.0 	0.0 	0.05 	0.06 	0.0 	0.0 	0.0 	
190 	0.35 	0.05 	0.01 	0.0 	0.02 	0.04 	0.1 	0.04 	0.0 	0.02 	0.07 	0.08 	0.01 	0.0 	0.0 	0.05 	0.08 	0.0 	0.0 	0.08 	
191 	0.28 	0.0 	0.0 	0.0 	0.0 	0.0 	0.0 	0.01 	0.0 	0.08 	0.06 	0.02 	0.38 	0.02 	0.0 	0.0 	0.07 	0.0 	0.02 	0.05 	
192 	0.04 	0.11 	0.12 	0.08 	0.0 	0.08 	0.2 	0.04 	0.03 	0.01 	0.02 	0.07 	0.01 	0.05 	0.02 	0.03 	0.05 	0.0 	0.0 	0.03 	
193 	0.12 	0.05 	0.21 	0.04 	0.0 	0.11 	0.09 	0.08 	0.01 	0.0 	0.0 	0.08 	0.01 	0.0 	0.02 	0.14 	0.02 	0.0 	0.0 	0.01 	
194 	0.07 	0.0 	0.0 	0.0 	0.0 	0.0 	0.0 	0.0 	0.0 	0.22 	0.41 	0.0 	0.06 	0.07 	0.0 	0.03 	0.0 	0.07 	0.01 	0.05 	
195 	0.01 	0.0 	0.0 	0.0 	0.0 	0.02 	0.02 	0.0 	0.02 	0.14 	0.66 	0.0 	0.03 	0.04 	0.0 	0.0 	0.01 	0.0 	0.0 	0.04 	
196 	0.15 	0.05 	0.05 	0.04 	0.03 	0.06 	0.04 	0.06 	0.0 	0.01 	0.01 	0.17 	0.0 	0.0 	0.01 	0.19 	0.11 	0.0 	0.0 	0.03 	
197 	0.24 	0.07 	0.02 	0.03 	0.0 	0.15 	0.03 	0.05 	0.01 	0.02 	0.07 	0.09 	0.03 	0.01 	0.03 	0.07 	0.04 	0.0 	0.02 	0.01 	
198 	0.04 	0.07 	0.01 	0.07 	0.0 	0.02 	0.09 	0.04 	0.15 	0.01 	0.03 	0.07 	0.05 	0.02 	0.12 	0.04 	0.01 	0.02 	0.11 	0.02 	
199 	0.01 	0.05 	0.09 	0.08 	0.02 	0.04 	0.06 	0.03 	0.03 	0.01 	0.05 	0.1 	0.02 	0.04 	0.23 	0.06 	0.02 	0.0 	0.04 	0.01 	
200 	0.07 	0.12 	0.15 	0.02 	0.0 	0.02 	0.09 	0.17 	0.02 	0.01 	0.07 	0.05 	0.0 	0.01 	0.03 	0.06 	0.08 	0.0 	0.02 	0.01 	
201 	0.03 	0.07 	0.14 	0.06 	0.0 	0.05 	0.05 	0.07 	0.02 	0.04 	0.03 	0.04 	0.0 	0.01 	0.29 	0.02 	0.02 	0.0 	0.01 	0.05 	
202 	0.05 	0.07 	0.06 	0.22 	0.0 	0.07 	0.04 	0.01 	0.01 	0.01 	0.04 	0.17 	0.0 	0.0 	0.05 	0.01 	0.17 	0.0 	0.0 	0.02 	
203 	0.02 	0.01 	0.01 	0.01 	0.03 	0.01 	0.02 	0.02 	0.02 	0.23 	0.14 	0.03 	0.01 	0.05 	0.15 	0.02 	0.03 	0.0 	0.02 	0.16 	
204 	0.03 	0.01 	0.03 	0.32 	0.03 	0.05 	0.05 	0.03 	0.0 	0.01 	0.02 	0.12 	0.0 	0.01 	0.01 	0.05 	0.17 	0.04 	0.01 	0.01 	
205 	0.68 	0.0 	0.0 	0.0 	0.0 	0.0 	0.0 	0.14 	0.0 	0.0 	0.03 	0.0 	0.01 	0.08 	0.0 	0.0 	0.0 	0.0 	0.0 	0.06 	
206 	0.0 	0.0 	0.0 	0.0 	0.0 	0.0 	0.0 	0.0 	0.0 	0.39 	0.06 	0.0 	0.03 	0.03 	0.0 	0.0 	0.0 	0.0 	0.01 	0.46 	
207 	0.01 	0.0 	0.0 	0.0 	0.0 	0.0 	0.0 	0.0 	0.02 	0.16 	0.12 	0.0 	0.02 	0.35 	0.0 	0.0 	0.0 	0.0 	0.12 	0.18 	
208 	0.44 	0.0 	0.0 	0.0 	0.33 	0.0 	0.0 	0.05 	0.0 	0.0 	0.0 	0.0 	0.0 	0.0 	0.0 	0.07 	0.05 	0.0 	0.0 	0.04 	
209 	0.13 	0.0 	0.05 	0.0 	0.1 	0.04 	0.03 	0.07 	0.03 	0.06 	0.05 	0.0 	0.03 	0.06 	0.11 	0.08 	0.05 	0.0 	0.08 	0.02 	
210 	0.04 	0.0 	0.51 	0.1 	0.02 	0.0 	0.0 	0.04 	0.0 	0.0 	0.0 	0.0 	0.0 	0.0 	0.0 	0.22 	0.02 	0.0 	0.04 	0.0 	
211 	0.08 	0.0 	0.0 	0.74 	0.02 	0.0 	0.05 	0.04 	0.0 	0.0 	0.0 	0.0 	0.0 	0.0 	0.0 	0.0 	0.06 	0.0 	0.0 	0.0 	
212 	0.05 	0.02 	0.08 	0.15 	0.0 	0.03 	0.19 	0.13 	0.0 	0.08 	0.07 	0.0 	0.03 	0.0 	0.02 	0.05 	0.06 	0.0 	0.0 	0.06 	
213 	0.14 	0.0 	0.0 	0.0 	0.0 	0.03 	0.01 	0.0 	0.0 	0.11 	0.11 	0.0 	0.46 	0.0 	0.0 	0.02 	0.05 	0.0 	0.0 	0.07 	
214 	0.71 	0.0 	0.0 	0.0 	0.0 	0.0 	0.0 	0.05 	0.0 	0.02 	0.09 	0.0 	0.02 	0.0 	0.0 	0.03 	0.04 	0.0 	0.0 	0.05 	
215 	0.09 	0.0 	0.0 	0.0 	0.01 	0.02 	0.04 	0.02 	0.0 	0.12 	0.46 	0.0 	0.13 	0.01 	0.06 	0.0 	0.02 	0.0 	0.0 	0.03 	
216 	0.12 	0.0 	0.02 	0.0 	0.0 	0.02 	0.02 	0.78 	0.0 	0.0 	0.02 	0.04 	0.0 	0.0 	0.0 	0.0 	0.0 	0.0 	0.0 	0.0 	
217 	0.65 	0.0 	0.0 	0.0 	0.02 	0.02 	0.0 	0.02 	0.0 	0.08 	0.08 	0.0 	0.0 	0.0 	0.0 	0.0 	0.0 	0.0 	0.0 	0.14 	
218 	0.15 	0.0 	0.0 	0.0 	0.0 	0.0 	0.0 	0.02 	0.0 	0.3 	0.25 	0.0 	0.09 	0.0 	0.0 	0.0 	0.0 	0.0 	0.04 	0.15 	
219 	0.0 	0.15 	0.05 	0.05 	0.04 	0.24 	0.09 	0.01 	0.05 	0.0 	0.04 	0.08 	0.0 	0.0 	0.0 	0.16 	0.03 	0.0 	0.0 	0.0 	
220 	0.64 	0.03 	0.0 	0.0 	0.02 	0.03 	0.0 	0.02 	0.0 	0.02 	0.02 	0.03 	0.0 	0.0 	0.0 	0.05 	0.02 	0.0 	0.02 	0.1 	
221 	0.25 	0.0 	0.0 	0.0 	0.02 	0.0 	0.0 	0.01 	0.0 	0.14 	0.41 	0.0 	0.04 	0.03 	0.0 	0.0 	0.02 	0.0 	0.02 	0.05 	
222 	0.06 	0.18 	0.03 	0.05 	0.0 	0.1 	0.11 	0.02 	0.02 	0.01 	0.0 	0.21 	0.01 	0.02 	0.02 	0.08 	0.04 	0.01 	0.01 	0.0 	
223 	0.14 	0.01 	0.09 	0.09 	0.0 	0.14 	0.32 	0.03 	0.01 	0.01 	0.05 	0.03 	0.01 	0.0 	0.0 	0.06 	0.02 	0.0 	0.0 	0.0 	
224 	0.16 	0.08 	0.11 	0.0 	0.0 	0.08 	0.02 	0.0 	0.07 	0.0 	0.23 	0.07 	0.03 	0.02 	0.0 	0.06 	0.02 	0.0 	0.0 	0.05 	
225 	0.0 	0.0 	0.11 	0.05 	0.0 	0.0 	0.01 	0.68 	0.02 	0.0 	0.0 	0.06 	0.0 	0.0 	0.0 	0.0 	0.0 	0.0 	0.02 	0.04 	
226 	0.0 	0.19 	0.01 	0.0 	0.0 	0.02 	0.01 	0.0 	0.02 	0.09 	0.23 	0.11 	0.0 	0.02 	0.25 	0.0 	0.0 	0.0 	0.03 	0.02 	
227 	0.1 	0.2 	0.03 	0.07 	0.0 	0.07 	0.11 	0.07 	0.0 	0.04 	0.02 	0.08 	0.0 	0.0 	0.0 	0.14 	0.06 	0.0 	0.0 	0.0 	
228 	0.0 	0.0 	0.05 	0.51 	0.0 	0.05 	0.03 	0.17 	0.02 	0.0 	0.0 	0.04 	0.0 	0.0 	0.0 	0.04 	0.08 	0.0 	0.0 	0.01 	
229 	0.0 	0.0 	0.0 	0.0 	0.0 	0.02 	0.0 	0.0 	0.0 	0.41 	0.19 	0.0 	0.04 	0.02 	0.01 	0.0 	0.0 	0.0 	0.0 	0.31 	
230 	0.17 	0.02 	0.0 	0.02 	0.0 	0.05 	0.03 	0.07 	0.02 	0.0 	0.08 	0.05 	0.04 	0.0 	0.11 	0.34 	0.0 	0.0 	0.0 	0.01 	
231 	0.02 	0.0 	0.0 	0.02 	0.0 	0.0 	0.0 	0.0 	0.0 	0.53 	0.05 	0.0 	0.0 	0.0 	0.0 	0.0 	0.02 	0.0 	0.0 	0.35 	
232 	0.08 	0.0 	0.1 	0.0 	0.0 	0.0 	0.0 	0.05 	0.0 	0.28 	0.0 	0.0 	0.01 	0.1 	0.0 	0.02 	0.04 	0.0 	0.0 	0.31 	
233 	0.0 	0.0 	0.0 	0.0 	0.0 	0.0 	0.02 	0.84 	0.0 	0.0 	0.0 	0.0 	0.0 	0.0 	0.0 	0.09 	0.02 	0.0 	0.0 	0.02 	
234 	0.04 	0.0 	0.04 	0.0 	0.0 	0.07 	0.0 	0.0 	0.0 	0.07 	0.0 	0.0 	0.0 	0.37 	0.0 	0.02 	0.01 	0.06 	0.26 	0.06 	
235 	0.0 	0.0 	0.03 	0.78 	0.0 	0.0 	0.0 	0.08 	0.03 	0.02 	0.0 	0.0 	0.0 	0.0 	0.0 	0.07 	0.0 	0.0 	0.0 	0.0 	
236 	0.12 	0.01 	0.16 	0.17 	0.0 	0.0 	0.03 	0.27 	0.0 	0.01 	0.03 	0.01 	0.02 	0.03 	0.01 	0.02 	0.09 	0.0 	0.02 	0.01 	
237 	0.03 	0.0 	0.07 	0.04 	0.0 	0.0 	0.03 	0.09 	0.02 	0.17 	0.09 	0.0 	0.02 	0.02 	0.07 	0.09 	0.15 	0.0 	0.0 	0.09 	
238 	0.04 	0.06 	0.09 	0.1 	0.02 	0.0 	0.1 	0.01 	0.0 	0.02 	0.05 	0.03 	0.0 	0.04 	0.17 	0.09 	0.1 	0.0 	0.04 	0.04 	
239 	0.14 	0.04 	0.06 	0.19 	0.0 	0.01 	0.12 	0.02 	0.01 	0.06 	0.03 	0.03 	0.01 	0.02 	0.08 	0.04 	0.04 	0.0 	0.01 	0.08 	
240 	0.23 	0.01 	0.01 	0.01 	0.0 	0.03 	0.1 	0.14 	0.01 	0.04 	0.05 	0.01 	0.07 	0.01 	0.01 	0.16 	0.05 	0.02 	0.01 	0.01 	
241 	0.02 	0.15 	0.01 	0.0 	0.0 	0.0 	0.01 	0.0 	0.0 	0.13 	0.38 	0.03 	0.0 	0.05 	0.0 	0.02 	0.04 	0.0 	0.04 	0.09 	
242 	0.15 	0.0 	0.02 	0.09 	0.01 	0.1 	0.06 	0.02 	0.0 	0.06 	0.03 	0.13 	0.01 	0.01 	0.07 	0.1 	0.03 	0.0 	0.07 	0.03 	
243 	0.22 	0.09 	0.06 	0.03 	0.0 	0.03 	0.06 	0.0 	0.0 	0.0 	0.11 	0.04 	0.05 	0.07 	0.01 	0.11 	0.02 	0.0 	0.09 	0.0 	
244 	0.02 	0.03 	0.01 	0.02 	0.0 	0.01 	0.02 	0.0 	0.0 	0.26 	0.11 	0.02 	0.04 	0.07 	0.0 	0.01 	0.03 	0.0 	0.09 	0.25 	
245 	0.1 	0.03 	0.01 	0.0 	0.01 	0.05 	0.11 	0.04 	0.03 	0.05 	0.03 	0.1 	0.05 	0.06 	0.12 	0.06 	0.06 	0.0 	0.03 	0.07 	
246 	0.19 	0.08 	0.03 	0.18 	0.0 	0.0 	0.04 	0.0 	0.02 	0.0 	0.0 	0.09 	0.0 	0.02 	0.09 	0.2 	0.04 	0.0 	0.01 	0.01 	
247 	0.04 	0.05 	0.03 	0.01 	0.0 	0.01 	0.04 	0.41 	0.0 	0.01 	0.02 	0.01 	0.0 	0.01 	0.22 	0.05 	0.07 	0.0 	0.01 	0.01 	
248 	0.06 	0.07 	0.01 	0.1 	0.0 	0.06 	0.14 	0.05 	0.0 	0.01 	0.03 	0.05 	0.0 	0.01 	0.18 	0.05 	0.09 	0.0 	0.03 	0.05 	
249 	0.03 	0.01 	0.03 	0.01 	0.0 	0.11 	0.01 	0.01 	0.0 	0.05 	0.43 	0.03 	0.03 	0.12 	0.02 	0.01 	0.01 	0.0 	0.01 	0.08 	
250 	0.05 	0.01 	0.04 	0.1 	0.0 	0.02 	0.0 	0.03 	0.01 	0.05 	0.18 	0.09 	0.03 	0.01 	0.0 	0.03 	0.24 	0.0 	0.1 	0.0 	
251 	0.18 	0.01 	0.01 	0.01 	0.0 	0.03 	0.04 	0.14 	0.0 	0.04 	0.04 	0.01 	0.04 	0.03 	0.01 	0.11 	0.21 	0.0 	0.02 	0.04 	
252 	0.0 	0.0 	0.0 	0.0 	0.0 	0.0 	0.0 	0.0 	0.0 	0.02 	0.0 	0.0 	0.0 	0.07 	0.0 	0.14 	0.74 	0.0 	0.0 	0.04 	
253 	0.0 	0.0 	0.0 	0.0 	0.0 	0.0 	0.0 	0.07 	0.0 	0.36 	0.02 	0.0 	0.0 	0.02 	0.0 	0.04 	0.0 	0.0 	0.0 	0.49 	
254 	0.1 	0.1 	0.02 	0.04 	0.01 	0.06 	0.07 	0.0 	0.13 	0.04 	0.15 	0.05 	0.06 	0.06 	0.0 	0.06 	0.0 	0.0 	0.04 	0.02 	
255 	0.0 	0.07 	0.03 	0.0 	0.0 	0.56 	0.0 	0.0 	0.03 	0.02 	0.02 	0.09 	0.0 	0.0 	0.02 	0.0 	0.03 	0.07 	0.04 	0.02 	
256 	0.0 	0.0 	0.06 	0.19 	0.0 	0.04 	0.02 	0.0 	0.0 	0.0 	0.01 	0.0 	0.06 	0.0 	0.5 	0.09 	0.02 	0.0 	0.02 	0.0 	
257 	0.06 	0.04 	0.09 	0.02 	0.0 	0.0 	0.0 	0.04 	0.0 	0.08 	0.04 	0.19 	0.01 	0.03 	0.13 	0.07 	0.06 	0.0 	0.0 	0.15 	
258 	0.07 	0.11 	0.03 	0.15 	0.0 	0.0 	0.08 	0.0 	0.04 	0.0 	0.03 	0.06 	0.0 	0.04 	0.02 	0.01 	0.08 	0.0 	0.13 	0.14 	
259 	0.06 	0.12 	0.06 	0.23 	0.0 	0.06 	0.13 	0.03 	0.0 	0.02 	0.09 	0.06 	0.04 	0.0 	0.0 	0.04 	0.0 	0.0 	0.0 	0.06 	
260 	0.02 	0.0 	0.0 	0.0 	0.0 	0.16 	0.02 	0.0 	0.04 	0.13 	0.25 	0.0 	0.26 	0.02 	0.0 	0.0 	0.06 	0.0 	0.0 	0.04 	
261 	0.18 	0.0 	0.0 	0.0 	0.0 	0.0 	0.0 	0.77 	0.0 	0.0 	0.02 	0.0 	0.0 	0.0 	0.0 	0.03 	0.0 	0.0 	0.0 	0.0 	
262 	0.14 	0.07 	0.03 	0.03 	0.0 	0.06 	0.06 	0.0 	0.0 	0.06 	0.0 	0.32 	0.0 	0.0 	0.02 	0.04 	0.05 	0.03 	0.02 	0.06 	
263 	0.22 	0.05 	0.02 	0.04 	0.0 	0.02 	0.06 	0.03 	0.03 	0.1 	0.1 	0.04 	0.04 	0.0 	0.0 	0.01 	0.11 	0.0 	0.01 	0.12 	
264 	0.42 	0.01 	0.0 	0.0 	0.04 	0.0 	0.0 	0.13 	0.0 	0.0 	0.02 	0.0 	0.07 	0.02 	0.0 	0.16 	0.08 	0.0 	0.0 	0.05 	
265 	0.24 	0.0 	0.0 	0.02 	0.0 	0.0 	0.0 	0.0 	0.01 	0.08 	0.08 	0.0 	0.1 	0.11 	0.0 	0.02 	0.06 	0.0 	0.03 	0.26 	
266 	0.07 	0.15 	0.06 	0.1 	0.0 	0.12 	0.32 	0.02 	0.01 	0.0 	0.01 	0.06 	0.0 	0.0 	0.0 	0.03 	0.01 	0.0 	0.04 	0.01 	
267 	0.14 	0.06 	0.0 	0.0 	0.0 	0.0 	0.0 	0.0 	0.0 	0.11 	0.3 	0.01 	0.17 	0.0 	0.0 	0.0 	0.06 	0.0 	0.0 	0.13 	
268 	0.21 	0.0 	0.0 	0.0 	0.0 	0.0 	0.02 	0.0 	0.0 	0.14 	0.49 	0.0 	0.01 	0.02 	0.0 	0.01 	0.0 	0.0 	0.0 	0.09 	
269 	0.0 	0.04 	0.11 	0.08 	0.0 	0.0 	0.02 	0.01 	0.0 	0.07 	0.33 	0.14 	0.01 	0.03 	0.0 	0.03 	0.07 	0.0 	0.02 	0.04 	
270 	0.11 	0.03 	0.07 	0.1 	0.0 	0.1 	0.21 	0.02 	0.01 	0.0 	0.0 	0.18 	0.0 	0.0 	0.0 	0.05 	0.0 	0.08 	0.02 	0.02 	
271 	0.0 	0.2 	0.0 	0.06 	0.02 	0.02 	0.03 	0.01 	0.0 	0.09 	0.33 	0.07 	0.03 	0.03 	0.0 	0.01 	0.0 	0.0 	0.06 	0.03 	
272 	0.08 	0.03 	0.01 	0.0 	0.0 	0.0 	0.01 	0.01 	0.0 	0.4 	0.2 	0.02 	0.13 	0.0 	0.0 	0.03 	0.04 	0.0 	0.0 	0.02 	
273 	0.04 	0.05 	0.14 	0.19 	0.0 	0.06 	0.18 	0.04 	0.01 	0.01 	0.01 	0.2 	0.0 	0.0 	0.0 	0.01 	0.03 	0.0 	0.0 	0.03 	
274 	0.04 	0.0 	0.05 	0.1 	0.0 	0.05 	0.04 	0.48 	0.01 	0.0 	0.01 	0.16 	0.0 	0.0 	0.0 	0.02 	0.01 	0.0 	0.0 	0.01 	
275 	0.05 	0.04 	0.0 	0.06 	0.0 	0.1 	0.19 	0.08 	0.0 	0.0 	0.0 	0.37 	0.01 	0.0 	0.04 	0.03 	0.02 	0.0 	0.0 	0.0 	
276 	0.06 	0.04 	0.08 	0.1 	0.0 	0.02 	0.15 	0.04 	0.01 	0.0 	0.0 	0.07 	0.02 	0.0 	0.04 	0.12 	0.19 	0.0 	0.0 	0.03 	
277 	0.09 	0.0 	0.0 	0.02 	0.02 	0.03 	0.12 	0.06 	0.04 	0.03 	0.12 	0.04 	0.02 	0.0 	0.17 	0.0 	0.01 	0.0 	0.0 	0.23 	
278 	0.11 	0.03 	0.07 	0.04 	0.0 	0.03 	0.36 	0.03 	0.01 	0.02 	0.02 	0.16 	0.0 	0.0 	0.03 	0.0 	0.08 	0.0 	0.0 	0.02 	
279 	0.07 	0.02 	0.04 	0.13 	0.0 	0.03 	0.08 	0.0 	0.06 	0.02 	0.05 	0.11 	0.0 	0.0 	0.03 	0.09 	0.06 	0.0 	0.0 	0.2 	
280 	0.0 	0.05 	0.02 	0.18 	0.0 	0.1 	0.14 	0.21 	0.01 	0.06 	0.07 	0.03 	0.0 	0.0 	0.0 	0.0 	0.08 	0.0 	0.0 	0.02 	
281 	0.11 	0.04 	0.04 	0.15 	0.0 	0.02 	0.04 	0.0 	0.0 	0.05 	0.03 	0.0 	0.0 	0.0 	0.05 	0.14 	0.3 	0.0 	0.03 	0.0 	
282 	0.01 	0.1 	0.08 	0.03 	0.0 	0.05 	0.07 	0.01 	0.0 	0.03 	0.13 	0.2 	0.0 	0.0 	0.0 	0.16 	0.09 	0.0 	0.03 	0.01 	
283 	0.12 	0.03 	0.0 	0.0 	0.0 	0.04 	0.03 	0.01 	0.0 	0.02 	0.13 	0.09 	0.0 	0.04 	0.0 	0.1 	0.14 	0.06 	0.07 	0.11 	
284 	0.05 	0.05 	0.0 	0.15 	0.0 	0.0 	0.2 	0.01 	0.0 	0.09 	0.01 	0.11 	0.03 	0.04 	0.03 	0.07 	0.11 	0.0 	0.02 	0.03 	
285 	0.04 	0.01 	0.01 	0.11 	0.0 	0.01 	0.09 	0.05 	0.03 	0.25 	0.26 	0.01 	0.0 	0.0 	0.01 	0.01 	0.01 	0.0 	0.05 	0.07 	
286 	0.01 	0.03 	0.12 	0.1 	0.03 	0.0 	0.13 	0.1 	0.0 	0.0 	0.01 	0.15 	0.0 	0.0 	0.23 	0.03 	0.0 	0.0 	0.0 	0.04 	
287 	0.03 	0.03 	0.28 	0.05 	0.0 	0.09 	0.24 	0.1 	0.05 	0.0 	0.01 	0.01 	0.0 	0.0 	0.0 	0.01 	0.04 	0.0 	0.0 	0.05 	
288 	0.0 	0.2 	0.0 	0.0 	0.0 	0.0 	0.0 	0.2 	0.03 	0.0 	0.17 	0.27 	0.0 	0.0 	0.0 	0.09 	0.0 	0.0 	0.0 	0.0 	
289 	0.0 	0.0 	0.0 	0.0 	0.0 	0.0 	0.0 	0.0 	0.0 	0.37 	0.2 	0.12 	0.0 	0.0 	0.0 	0.0 	0.0 	0.0 	0.0 	0.27 	
290 	0.05 	0.0 	0.0 	0.0 	0.0 	0.0 	0.05 	0.0 	0.0 	0.31 	0.06 	0.15 	0.0 	0.0 	0.0 	0.0 	0.0 	0.0 	0.0 	0.37 	
291 	0.0 	0.22 	0.03 	0.07 	0.0 	0.06 	0.03 	0.0 	0.0 	0.0 	0.04 	0.11 	0.0 	0.0 	0.0 	0.0 	0.0 	0.0 	0.16 	0.28 	
292 	0.0 	0.0 	0.0 	0.0 	0.0 	0.0 	0.09 	0.05 	0.0 	0.11 	0.19 	0.0 	0.08 	0.0 	0.11 	0.0 	0.0 	0.0 	0.0 	0.37 	
293 	0.04 	0.0 	0.0 	0.0 	0.0 	0.0 	0.0 	0.0 	0.06 	0.0 	0.0 	0.0 	0.0 	0.0 	0.9 	0.0 	0.0 	0.0 	0.0 	0.0 	
294 	0.04 	0.0 	0.07 	0.0 	0.0 	0.0 	0.19 	0.0 	0.0 	0.08 	0.08 	0.09 	0.0 	0.11 	0.06 	0.12 	0.0 	0.0 	0.16 	0.0 	
295 	0.0 	0.0 	0.0 	0.08 	0.0 	0.0 	0.06 	0.0 	0.0 	0.16 	0.16 	0.0 	0.0 	0.0 	0.0 	0.0 	0.06 	0.0 	0.0 	0.49 	
296 	0.12 	0.0 	0.0 	0.05 	0.0 	0.0 	0.0 	0.12 	0.0 	0.12 	0.22 	0.0 	0.0 	0.0 	0.0 	0.12 	0.08 	0.0 	0.0 	0.16 	
297 	0.08 	0.0 	0.0 	0.0 	0.0 	0.0 	0.0 	0.0 	0.0 	0.08 	0.0 	0.0 	0.0 	0.19 	0.0 	0.0 	0.0 	0.0 	0.08 	0.56 	
298 	0.0 	0.0 	0.06 	0.39 	0.0 	0.0 	0.1 	0.0 	0.0 	0.0 	0.0 	0.09 	0.0 	0.0 	0.0 	0.0 	0.36 	0.0 	0.0 	0.0 	
299 	0.05 	0.1 	0.0 	0.0 	0.0 	0.0 	0.0 	0.0 	0.0 	0.0 	0.0 	0.75 	0.0 	0.0 	0.0 	0.0 	0.0 	0.0 	0.09 	0.0 	
300 	0.08 	0.16 	0.06 	0.37 	0.0 	0.0 	0.05 	0.0 	0.0 	0.1 	0.0 	0.0 	0.0 	0.0 	0.0 	0.05 	0.14 	0.0 	0.0 	0.0 	
301 	0.0 	0.0 	0.78 	0.11 	0.0 	0.0 	0.0 	0.0 	0.0 	0.0 	0.0 	0.0 	0.0 	0.0 	0.0 	0.12 	0.0 	0.0 	0.0 	0.0 	
302 	0.0 	0.0 	0.0 	0.0 	0.0 	0.0 	0.0 	0.0 	0.0 	0.38 	0.33 	0.0 	0.0 	0.0 	0.0 	0.0 	0.14 	0.0 	0.0 	0.15 	
303 	0.46 	0.0 	0.28 	0.0 	0.0 	0.0 	0.0 	0.09 	0.0 	0.0 	0.0 	0.1 	0.0 	0.0 	0.0 	0.07 	0.0 	0.0 	0.0 	0.0 	
304 	0.0 	0.0 	0.0 	0.34 	0.0 	0.19 	0.47 	0.0 	0.0 	0.0 	0.0 	0.0 	0.0 	0.0 	0.0 	0.0 	0.0 	0.0 	0.0 	0.0 	
305 	0.0 	0.0 	0.0 	0.0 	0.0 	0.0 	0.0 	0.0 	0.0 	0.0 	0.0 	0.0 	0.0 	0.64 	0.0 	0.0 	0.0 	0.0 	0.36 	0.0 	
