	A 	R 	N 	D 	C 	Q 	E 	G 	H 	I 	L 	K 	M 	F 	P 	S 	T 	W 	Y 	V 	
1 	0.0 	0.22 	0.0 	0.0 	0.0 	0.1 	0.14 	0.0 	0.0 	0.0 	0.0 	0.55 	0.0 	0.0 	0.0 	0.0 	0.0 	0.0 	0.0 	0.0 	
2 	0.0 	0.43 	0.01 	0.0 	0.0 	0.06 	0.0 	0.0 	0.02 	0.0 	0.0 	0.4 	0.0 	0.0 	0.0 	0.07 	0.02 	0.0 	0.01 	0.0 	
3 	0.02 	0.0 	0.0 	0.0 	0.01 	0.0 	0.0 	0.0 	0.0 	0.35 	0.05 	0.0 	0.0 	0.01 	0.0 	0.0 	0.01 	0.0 	0.0 	0.53 	
4 	0.03 	0.0 	0.0 	0.0 	0.01 	0.0 	0.0 	0.01 	0.01 	0.02 	0.78 	0.0 	0.05 	0.03 	0.0 	0.0 	0.0 	0.0 	0.01 	0.03 	
5 	0.04 	0.0 	0.0 	0.0 	0.01 	0.0 	0.0 	0.0 	0.0 	0.36 	0.27 	0.0 	0.01 	0.01 	0.0 	0.0 	0.0 	0.0 	0.0 	0.29 	
6 	0.11 	0.0 	0.0 	0.0 	0.03 	0.0 	0.0 	0.01 	0.0 	0.11 	0.03 	0.0 	0.03 	0.01 	0.0 	0.0 	0.0 	0.0 	0.0 	0.68 	
7 	0.0 	0.0 	0.02 	0.64 	0.0 	0.01 	0.31 	0.01 	0.0 	0.0 	0.0 	0.0 	0.0 	0.0 	0.0 	0.0 	0.01 	0.0 	0.0 	0.0 	
8 	0.01 	0.0 	0.02 	0.88 	0.0 	0.01 	0.03 	0.01 	0.0 	0.0 	0.0 	0.0 	0.0 	0.0 	0.01 	0.03 	0.01 	0.0 	0.0 	0.0 	
9 	0.0 	0.0 	0.16 	0.29 	0.0 	0.01 	0.17 	0.0 	0.07 	0.01 	0.0 	0.0 	0.01 	0.01 	0.0 	0.23 	0.02 	0.0 	0.0 	0.0 	
10 	0.17 	0.05 	0.02 	0.04 	0.01 	0.05 	0.07 	0.03 	0.03 	0.04 	0.05 	0.05 	0.02 	0.02 	0.21 	0.05 	0.03 	0.0 	0.01 	0.05 	
11 	0.08 	0.03 	0.02 	0.05 	0.0 	0.01 	0.04 	0.02 	0.02 	0.07 	0.16 	0.02 	0.04 	0.07 	0.03 	0.1 	0.07 	0.0 	0.0 	0.16 	
12 	0.07 	0.0 	0.11 	0.03 	0.02 	0.01 	0.0 	0.0 	0.02 	0.16 	0.15 	0.0 	0.1 	0.07 	0.0 	0.05 	0.04 	0.0 	0.01 	0.15 	
13 	0.1 	0.5 	0.01 	0.0 	0.02 	0.05 	0.01 	0.04 	0.01 	0.02 	0.13 	0.0 	0.01 	0.01 	0.0 	0.02 	0.02 	0.0 	0.0 	0.03 	
14 	0.05 	0.12 	0.05 	0.07 	0.0 	0.08 	0.16 	0.03 	0.04 	0.01 	0.03 	0.14 	0.05 	0.01 	0.0 	0.05 	0.06 	0.0 	0.02 	0.02 	
15 	0.09 	0.04 	0.01 	0.01 	0.0 	0.0 	0.06 	0.08 	0.01 	0.12 	0.21 	0.01 	0.04 	0.03 	0.0 	0.05 	0.04 	0.0 	0.02 	0.16 	
16 	0.03 	0.0 	0.01 	0.0 	0.01 	0.01 	0.0 	0.0 	0.01 	0.19 	0.46 	0.0 	0.06 	0.03 	0.0 	0.0 	0.05 	0.01 	0.01 	0.12 	
17 	0.11 	0.12 	0.02 	0.01 	0.02 	0.08 	0.11 	0.03 	0.03 	0.02 	0.01 	0.16 	0.01 	0.01 	0.0 	0.13 	0.09 	0.0 	0.0 	0.04 	
18 	0.07 	0.16 	0.05 	0.07 	0.0 	0.08 	0.11 	0.05 	0.01 	0.01 	0.05 	0.09 	0.03 	0.03 	0.0 	0.07 	0.06 	0.01 	0.02 	0.02 	
19 	0.12 	0.02 	0.02 	0.0 	0.01 	0.02 	0.02 	0.03 	0.02 	0.17 	0.22 	0.0 	0.09 	0.07 	0.0 	0.01 	0.02 	0.01 	0.07 	0.07 	
20 	0.01 	0.0 	0.0 	0.0 	0.01 	0.0 	0.0 	0.0 	0.0 	0.11 	0.74 	0.0 	0.02 	0.06 	0.0 	0.0 	0.0 	0.0 	0.0 	0.04 	
21 	0.05 	0.1 	0.05 	0.03 	0.01 	0.07 	0.3 	0.02 	0.0 	0.01 	0.03 	0.08 	0.01 	0.01 	0.01 	0.1 	0.1 	0.0 	0.01 	0.02 	
22 	0.06 	0.1 	0.03 	0.1 	0.0 	0.1 	0.08 	0.04 	0.06 	0.03 	0.04 	0.17 	0.02 	0.01 	0.01 	0.09 	0.04 	0.01 	0.01 	0.01 	
23 	0.1 	0.04 	0.02 	0.11 	0.04 	0.05 	0.18 	0.01 	0.04 	0.05 	0.12 	0.02 	0.02 	0.02 	0.03 	0.06 	0.01 	0.02 	0.03 	0.01 	
24 	0.04 	0.01 	0.06 	0.1 	0.0 	0.04 	0.01 	0.5 	0.01 	0.03 	0.02 	0.03 	0.0 	0.0 	0.02 	0.08 	0.0 	0.0 	0.02 	0.0 	
25 	0.02 	0.01 	0.01 	0.03 	0.07 	0.02 	0.02 	0.0 	0.06 	0.1 	0.06 	0.0 	0.05 	0.21 	0.01 	0.02 	0.0 	0.01 	0.27 	0.02 	
26 	0.06 	0.06 	0.06 	0.09 	0.0 	0.12 	0.23 	0.01 	0.02 	0.05 	0.01 	0.07 	0.01 	0.01 	0.0 	0.05 	0.06 	0.0 	0.0 	0.08 	
27 	0.03 	0.0 	0.0 	0.0 	0.03 	0.0 	0.0 	0.0 	0.0 	0.11 	0.02 	0.0 	0.0 	0.01 	0.01 	0.01 	0.05 	0.0 	0.01 	0.7 	
28 	0.08 	0.03 	0.01 	0.11 	0.01 	0.01 	0.06 	0.04 	0.02 	0.11 	0.06 	0.03 	0.03 	0.02 	0.0 	0.03 	0.19 	0.0 	0.03 	0.11 	
29 	0.12 	0.01 	0.01 	0.01 	0.05 	0.03 	0.11 	0.06 	0.01 	0.1 	0.05 	0.02 	0.01 	0.01 	0.01 	0.05 	0.22 	0.04 	0.0 	0.1 	
30 	0.48 	0.0 	0.0 	0.0 	0.03 	0.01 	0.01 	0.02 	0.01 	0.03 	0.02 	0.01 	0.0 	0.07 	0.0 	0.02 	0.06 	0.01 	0.03 	0.19 	
31 	0.13 	0.06 	0.04 	0.08 	0.01 	0.03 	0.14 	0.09 	0.01 	0.01 	0.02 	0.06 	0.01 	0.01 	0.04 	0.1 	0.12 	0.0 	0.02 	0.02 	
32 	0.01 	0.01 	0.25 	0.36 	0.01 	0.02 	0.03 	0.01 	0.01 	0.0 	0.01 	0.01 	0.0 	0.0 	0.01 	0.2 	0.05 	0.0 	0.0 	0.0 	
33 	0.16 	0.01 	0.0 	0.01 	0.0 	0.0 	0.01 	0.54 	0.0 	0.03 	0.03 	0.0 	0.0 	0.03 	0.08 	0.05 	0.0 	0.0 	0.0 	0.05 	
34 	0.1 	0.09 	0.03 	0.05 	0.0 	0.07 	0.15 	0.02 	0.01 	0.04 	0.1 	0.11 	0.02 	0.03 	0.01 	0.04 	0.06 	0.0 	0.03 	0.04 	
35 	0.07 	0.02 	0.01 	0.14 	0.0 	0.13 	0.34 	0.01 	0.02 	0.02 	0.02 	0.07 	0.01 	0.02 	0.01 	0.05 	0.04 	0.0 	0.0 	0.03 	
36 	0.63 	0.0 	0.0 	0.0 	0.04 	0.0 	0.0 	0.1 	0.0 	0.01 	0.06 	0.0 	0.01 	0.04 	0.01 	0.01 	0.02 	0.0 	0.0 	0.07 	
37 	0.03 	0.05 	0.01 	0.01 	0.0 	0.01 	0.02 	0.0 	0.01 	0.1 	0.45 	0.03 	0.05 	0.02 	0.0 	0.01 	0.01 	0.03 	0.02 	0.14 	
38 	0.11 	0.1 	0.06 	0.15 	0.0 	0.05 	0.23 	0.01 	0.03 	0.01 	0.01 	0.1 	0.01 	0.01 	0.01 	0.06 	0.04 	0.0 	0.01 	0.01 	
39 	0.1 	0.06 	0.0 	0.01 	0.01 	0.05 	0.05 	0.01 	0.02 	0.09 	0.17 	0.15 	0.08 	0.04 	0.0 	0.02 	0.03 	0.03 	0.03 	0.05 	
40 	0.12 	0.0 	0.0 	0.01 	0.02 	0.01 	0.01 	0.02 	0.0 	0.17 	0.32 	0.0 	0.04 	0.07 	0.0 	0.01 	0.04 	0.01 	0.01 	0.15 	
41 	0.07 	0.11 	0.06 	0.04 	0.0 	0.12 	0.11 	0.04 	0.03 	0.01 	0.06 	0.13 	0.02 	0.01 	0.02 	0.09 	0.03 	0.0 	0.01 	0.03 	
42 	0.09 	0.1 	0.04 	0.05 	0.01 	0.11 	0.19 	0.03 	0.01 	0.01 	0.03 	0.11 	0.0 	0.01 	0.01 	0.12 	0.06 	0.0 	0.0 	0.02 	
43 	0.04 	0.05 	0.09 	0.05 	0.01 	0.07 	0.11 	0.05 	0.1 	0.01 	0.14 	0.05 	0.01 	0.02 	0.01 	0.06 	0.04 	0.0 	0.04 	0.03 	
44 	0.04 	0.12 	0.11 	0.07 	0.0 	0.07 	0.05 	0.03 	0.05 	0.01 	0.04 	0.14 	0.01 	0.01 	0.1 	0.05 	0.04 	0.03 	0.01 	0.02 	
45 	0.02 	0.01 	0.0 	0.02 	0.01 	0.0 	0.01 	0.01 	0.02 	0.07 	0.01 	0.0 	0.0 	0.13 	0.45 	0.0 	0.02 	0.0 	0.12 	0.09 	
46 	0.02 	0.01 	0.05 	0.69 	0.0 	0.03 	0.03 	0.06 	0.03 	0.0 	0.01 	0.03 	0.0 	0.01 	0.0 	0.02 	0.0 	0.0 	0.0 	0.01 	
47 	0.03 	0.0 	0.0 	0.03 	0.02 	0.0 	0.0 	0.0 	0.01 	0.16 	0.42 	0.0 	0.02 	0.01 	0.0 	0.01 	0.0 	0.0 	0.01 	0.28 	
48 	0.07 	0.0 	0.0 	0.0 	0.02 	0.0 	0.0 	0.0 	0.0 	0.37 	0.12 	0.0 	0.02 	0.0 	0.0 	0.0 	0.01 	0.01 	0.01 	0.37 	
49 	0.0 	0.0 	0.0 	0.0 	0.0 	0.0 	0.0 	0.0 	0.0 	0.29 	0.29 	0.0 	0.02 	0.11 	0.0 	0.01 	0.1 	0.0 	0.0 	0.17 	
50 	0.02 	0.0 	0.0 	0.0 	0.02 	0.0 	0.0 	0.0 	0.0 	0.06 	0.44 	0.0 	0.21 	0.01 	0.0 	0.06 	0.1 	0.01 	0.0 	0.07 	
51 	0.02 	0.01 	0.0 	0.89 	0.0 	0.01 	0.04 	0.01 	0.0 	0.0 	0.02 	0.0 	0.0 	0.0 	0.0 	0.0 	0.0 	0.0 	0.0 	0.01 	
52 	0.02 	0.01 	0.01 	0.04 	0.02 	0.01 	0.0 	0.0 	0.01 	0.29 	0.19 	0.01 	0.02 	0.02 	0.0 	0.0 	0.0 	0.02 	0.05 	0.29 	
53 	0.02 	0.11 	0.11 	0.05 	0.03 	0.1 	0.18 	0.03 	0.04 	0.01 	0.04 	0.02 	0.11 	0.02 	0.0 	0.04 	0.03 	0.01 	0.03 	0.02 	
54 	0.0 	0.0 	0.03 	0.0 	0.0 	0.0 	0.0 	0.0 	0.0 	0.06 	0.31 	0.0 	0.52 	0.01 	0.0 	0.01 	0.0 	0.01 	0.01 	0.04 	
55 	0.04 	0.02 	0.02 	0.02 	0.02 	0.03 	0.04 	0.04 	0.01 	0.02 	0.05 	0.02 	0.14 	0.01 	0.39 	0.06 	0.03 	0.01 	0.01 	0.02 	
56 	0.03 	0.1 	0.01 	0.05 	0.0 	0.02 	0.1 	0.02 	0.02 	0.0 	0.02 	0.02 	0.01 	0.0 	0.48 	0.02 	0.02 	0.0 	0.0 	0.09 	
57 	0.03 	0.04 	0.06 	0.16 	0.01 	0.02 	0.05 	0.3 	0.02 	0.03 	0.03 	0.1 	0.01 	0.02 	0.02 	0.04 	0.02 	0.0 	0.01 	0.03 	
58 	0.01 	0.03 	0.0 	0.0 	0.02 	0.02 	0.07 	0.01 	0.01 	0.11 	0.14 	0.04 	0.4 	0.01 	0.0 	0.03 	0.03 	0.01 	0.01 	0.07 	
59 	0.01 	0.0 	0.16 	0.51 	0.01 	0.01 	0.02 	0.03 	0.02 	0.0 	0.0 	0.01 	0.0 	0.0 	0.01 	0.15 	0.06 	0.0 	0.0 	0.01 	
60 	0.02 	0.0 	0.01 	0.0 	0.01 	0.0 	0.0 	0.93 	0.0 	0.0 	0.0 	0.0 	0.0 	0.0 	0.0 	0.01 	0.0 	0.0 	0.0 	0.0 	
61 	0.01 	0.01 	0.0 	0.02 	0.01 	0.02 	0.01 	0.01 	0.01 	0.19 	0.36 	0.01 	0.03 	0.11 	0.02 	0.01 	0.02 	0.01 	0.07 	0.06 	
62 	0.04 	0.03 	0.02 	0.19 	0.01 	0.1 	0.27 	0.05 	0.02 	0.01 	0.02 	0.05 	0.02 	0.0 	0.0 	0.06 	0.1 	0.0 	0.02 	0.01 	
63 	0.15 	0.0 	0.0 	0.0 	0.02 	0.0 	0.0 	0.02 	0.0 	0.07 	0.31 	0.01 	0.03 	0.1 	0.0 	0.02 	0.06 	0.02 	0.01 	0.16 	
64 	0.1 	0.0 	0.0 	0.0 	0.09 	0.02 	0.0 	0.01 	0.02 	0.06 	0.41 	0.01 	0.01 	0.03 	0.0 	0.03 	0.12 	0.0 	0.02 	0.06 	
65 	0.06 	0.23 	0.02 	0.03 	0.01 	0.07 	0.12 	0.03 	0.02 	0.02 	0.01 	0.16 	0.02 	0.01 	0.02 	0.08 	0.06 	0.01 	0.01 	0.02 	
66 	0.1 	0.14 	0.03 	0.04 	0.0 	0.12 	0.07 	0.02 	0.04 	0.03 	0.07 	0.14 	0.02 	0.03 	0.0 	0.05 	0.03 	0.02 	0.03 	0.02 	
67 	0.04 	0.03 	0.0 	0.0 	0.03 	0.0 	0.0 	0.0 	0.0 	0.31 	0.3 	0.03 	0.06 	0.04 	0.0 	0.0 	0.0 	0.03 	0.03 	0.08 	
68 	0.04 	0.25 	0.02 	0.0 	0.02 	0.03 	0.04 	0.03 	0.04 	0.03 	0.03 	0.19 	0.12 	0.0 	0.02 	0.03 	0.03 	0.0 	0.02 	0.05 	
69 	0.09 	0.1 	0.04 	0.05 	0.0 	0.09 	0.19 	0.03 	0.02 	0.02 	0.05 	0.1 	0.02 	0.02 	0.02 	0.08 	0.05 	0.0 	0.02 	0.03 	
70 	0.04 	0.08 	0.05 	0.07 	0.01 	0.1 	0.11 	0.05 	0.03 	0.08 	0.09 	0.07 	0.04 	0.02 	0.02 	0.06 	0.03 	0.01 	0.02 	0.02 	
71 	0.05 	0.07 	0.06 	0.09 	0.01 	0.02 	0.07 	0.09 	0.05 	0.02 	0.05 	0.07 	0.05 	0.03 	0.07 	0.1 	0.03 	0.01 	0.05 	0.02 	
72 	0.07 	0.06 	0.04 	0.09 	0.02 	0.04 	0.08 	0.05 	0.01 	0.03 	0.05 	0.07 	0.02 	0.02 	0.18 	0.07 	0.04 	0.02 	0.02 	0.03 	
73 	0.03 	0.03 	0.03 	0.04 	0.06 	0.03 	0.06 	0.06 	0.02 	0.03 	0.14 	0.08 	0.04 	0.06 	0.05 	0.03 	0.11 	0.02 	0.03 	0.06 	
74 	0.09 	0.11 	0.02 	0.03 	0.02 	0.02 	0.04 	0.06 	0.02 	0.04 	0.05 	0.09 	0.02 	0.01 	0.21 	0.08 	0.03 	0.01 	0.01 	0.03 	
75 	0.04 	0.06 	0.08 	0.12 	0.01 	0.04 	0.02 	0.03 	0.09 	0.07 	0.01 	0.07 	0.01 	0.02 	0.07 	0.06 	0.08 	0.01 	0.01 	0.11 	
76 	0.03 	0.01 	0.0 	0.0 	0.02 	0.01 	0.01 	0.01 	0.01 	0.19 	0.17 	0.01 	0.03 	0.02 	0.08 	0.01 	0.11 	0.0 	0.01 	0.25 	
77 	0.03 	0.03 	0.02 	0.01 	0.0 	0.02 	0.02 	0.02 	0.01 	0.11 	0.04 	0.06 	0.07 	0.0 	0.47 	0.01 	0.01 	0.0 	0.0 	0.05 	
78 	0.02 	0.0 	0.0 	0.0 	0.02 	0.0 	0.0 	0.0 	0.0 	0.38 	0.04 	0.0 	0.02 	0.02 	0.0 	0.02 	0.01 	0.0 	0.02 	0.47 	
79 	0.03 	0.0 	0.0 	0.0 	0.01 	0.0 	0.0 	0.01 	0.0 	0.42 	0.16 	0.0 	0.02 	0.02 	0.0 	0.11 	0.05 	0.01 	0.0 	0.17 	
80 	0.12 	0.0 	0.0 	0.0 	0.02 	0.01 	0.0 	0.03 	0.0 	0.15 	0.09 	0.0 	0.19 	0.1 	0.0 	0.08 	0.04 	0.0 	0.01 	0.15 	
81 	0.01 	0.01 	0.01 	0.02 	0.01 	0.01 	0.0 	0.0 	0.01 	0.09 	0.45 	0.0 	0.09 	0.03 	0.0 	0.03 	0.11 	0.0 	0.01 	0.11 	
82 	0.07 	0.01 	0.0 	0.0 	0.01 	0.0 	0.01 	0.06 	0.01 	0.01 	0.01 	0.0 	0.0 	0.01 	0.0 	0.24 	0.54 	0.0 	0.0 	0.02 	
83 	0.37 	0.03 	0.03 	0.03 	0.01 	0.03 	0.07 	0.07 	0.05 	0.01 	0.01 	0.02 	0.01 	0.01 	0.01 	0.12 	0.08 	0.0 	0.02 	0.02 	
84 	0.06 	0.14 	0.05 	0.07 	0.0 	0.06 	0.08 	0.07 	0.07 	0.03 	0.03 	0.1 	0.01 	0.05 	0.01 	0.06 	0.05 	0.01 	0.05 	0.01 	
85 	0.09 	0.01 	0.09 	0.28 	0.0 	0.01 	0.08 	0.21 	0.02 	0.01 	0.0 	0.01 	0.01 	0.0 	0.01 	0.08 	0.02 	0.0 	0.03 	0.03 	
86 	0.15 	0.01 	0.05 	0.09 	0.01 	0.07 	0.12 	0.06 	0.02 	0.04 	0.02 	0.05 	0.03 	0.0 	0.02 	0.14 	0.06 	0.0 	0.0 	0.05 	
87 	0.05 	0.04 	0.02 	0.05 	0.0 	0.04 	0.21 	0.01 	0.03 	0.05 	0.05 	0.07 	0.05 	0.04 	0.07 	0.04 	0.03 	0.01 	0.05 	0.08 	
88 	0.14 	0.02 	0.03 	0.21 	0.0 	0.03 	0.09 	0.03 	0.01 	0.05 	0.04 	0.01 	0.03 	0.02 	0.02 	0.06 	0.14 	0.0 	0.03 	0.04 	
89 	0.12 	0.07 	0.01 	0.07 	0.0 	0.04 	0.08 	0.02 	0.01 	0.03 	0.03 	0.13 	0.04 	0.01 	0.02 	0.05 	0.18 	0.0 	0.02 	0.08 	
90 	0.05 	0.07 	0.02 	0.03 	0.0 	0.02 	0.05 	0.01 	0.02 	0.14 	0.14 	0.07 	0.04 	0.07 	0.0 	0.01 	0.03 	0.0 	0.01 	0.23 	
91 	0.07 	0.17 	0.04 	0.05 	0.0 	0.08 	0.17 	0.0 	0.01 	0.02 	0.04 	0.15 	0.04 	0.01 	0.01 	0.01 	0.04 	0.0 	0.02 	0.05 	
92 	0.47 	0.02 	0.01 	0.01 	0.11 	0.02 	0.02 	0.15 	0.01 	0.01 	0.03 	0.03 	0.01 	0.02 	0.01 	0.04 	0.01 	0.01 	0.02 	0.01 	
93 	0.02 	0.01 	0.0 	0.0 	0.01 	0.0 	0.01 	0.01 	0.0 	0.11 	0.44 	0.01 	0.13 	0.11 	0.0 	0.01 	0.02 	0.0 	0.02 	0.07 	
94 	0.05 	0.07 	0.03 	0.11 	0.0 	0.12 	0.28 	0.04 	0.01 	0.02 	0.02 	0.12 	0.0 	0.0 	0.01 	0.06 	0.04 	0.0 	0.0 	0.02 	
95 	0.26 	0.02 	0.04 	0.01 	0.03 	0.02 	0.03 	0.02 	0.06 	0.05 	0.18 	0.03 	0.03 	0.01 	0.01 	0.08 	0.02 	0.0 	0.04 	0.07 	
96 	0.01 	0.0 	0.02 	0.01 	0.0 	0.01 	0.02 	0.85 	0.03 	0.0 	0.01 	0.0 	0.0 	0.0 	0.01 	0.01 	0.01 	0.0 	0.01 	0.01 	
97 	0.68 	0.02 	0.0 	0.0 	0.02 	0.0 	0.0 	0.04 	0.0 	0.04 	0.01 	0.0 	0.11 	0.01 	0.0 	0.01 	0.01 	0.0 	0.0 	0.06 	
98 	0.06 	0.02 	0.09 	0.26 	0.03 	0.02 	0.03 	0.0 	0.01 	0.06 	0.07 	0.04 	0.02 	0.05 	0.0 	0.06 	0.02 	0.01 	0.02 	0.13 	
99 	0.04 	0.0 	0.01 	0.59 	0.0 	0.01 	0.05 	0.17 	0.02 	0.0 	0.01 	0.0 	0.01 	0.01 	0.0 	0.02 	0.01 	0.0 	0.04 	0.0 	
100 	0.04 	0.0 	0.0 	0.0 	0.02 	0.0 	0.0 	0.0 	0.01 	0.03 	0.01 	0.0 	0.0 	0.27 	0.0 	0.0 	0.02 	0.0 	0.47 	0.1 	
101 	0.0 	0.0 	0.0 	0.0 	0.0 	0.01 	0.0 	0.0 	0.0 	0.29 	0.36 	0.01 	0.05 	0.05 	0.0 	0.0 	0.01 	0.0 	0.01 	0.21 	
102 	0.1 	0.01 	0.02 	0.04 	0.01 	0.05 	0.05 	0.03 	0.02 	0.03 	0.18 	0.01 	0.02 	0.01 	0.07 	0.1 	0.15 	0.0 	0.0 	0.11 	
103 	0.0 	0.01 	0.0 	0.0 	0.0 	0.0 	0.0 	0.0 	0.0 	0.01 	0.0 	0.94 	0.0 	0.0 	0.0 	0.0 	0.03 	0.0 	0.0 	0.01 	
104 	0.0 	0.01 	0.01 	0.03 	0.0 	0.0 	0.01 	0.02 	0.0 	0.0 	0.0 	0.01 	0.0 	0.0 	0.89 	0.01 	0.01 	0.0 	0.0 	0.0 	
105 	0.07 	0.01 	0.0 	0.0 	0.02 	0.01 	0.02 	0.01 	0.0 	0.09 	0.09 	0.0 	0.02 	0.4 	0.0 	0.02 	0.03 	0.01 	0.03 	0.16 	
106 	0.05 	0.06 	0.08 	0.19 	0.0 	0.03 	0.13 	0.05 	0.04 	0.0 	0.01 	0.06 	0.01 	0.0 	0.01 	0.21 	0.06 	0.0 	0.01 	0.01 	
107 	0.08 	0.04 	0.01 	0.03 	0.0 	0.02 	0.07 	0.01 	0.01 	0.09 	0.17 	0.05 	0.06 	0.04 	0.19 	0.03 	0.04 	0.0 	0.02 	0.05 	
108 	0.09 	0.09 	0.05 	0.21 	0.0 	0.08 	0.21 	0.04 	0.01 	0.03 	0.01 	0.07 	0.0 	0.0 	0.02 	0.04 	0.02 	0.0 	0.0 	0.03 	
109 	0.07 	0.09 	0.02 	0.1 	0.0 	0.08 	0.38 	0.0 	0.01 	0.02 	0.03 	0.05 	0.0 	0.01 	0.01 	0.01 	0.04 	0.01 	0.01 	0.06 	
110 	0.01 	0.0 	0.0 	0.0 	0.0 	0.0 	0.0 	0.0 	0.0 	0.1 	0.71 	0.0 	0.03 	0.04 	0.0 	0.0 	0.01 	0.0 	0.0 	0.07 	
111 	0.08 	0.06 	0.01 	0.01 	0.01 	0.03 	0.04 	0.01 	0.01 	0.17 	0.2 	0.05 	0.03 	0.03 	0.0 	0.02 	0.05 	0.0 	0.01 	0.19 	
112 	0.31 	0.02 	0.04 	0.06 	0.0 	0.1 	0.15 	0.02 	0.01 	0.02 	0.04 	0.07 	0.01 	0.01 	0.0 	0.08 	0.03 	0.0 	0.01 	0.03 	
113 	0.16 	0.37 	0.01 	0.0 	0.01 	0.0 	0.03 	0.0 	0.02 	0.05 	0.04 	0.19 	0.02 	0.0 	0.0 	0.02 	0.07 	0.0 	0.0 	0.01 	
114 	0.03 	0.01 	0.0 	0.0 	0.01 	0.0 	0.0 	0.01 	0.0 	0.41 	0.17 	0.0 	0.05 	0.0 	0.0 	0.0 	0.01 	0.0 	0.01 	0.3 	
115 	0.02 	0.35 	0.06 	0.03 	0.0 	0.07 	0.13 	0.02 	0.04 	0.01 	0.01 	0.2 	0.0 	0.0 	0.0 	0.04 	0.0 	0.0 	0.0 	0.0 	
116 	0.29 	0.11 	0.1 	0.01 	0.0 	0.07 	0.07 	0.02 	0.01 	0.0 	0.01 	0.1 	0.01 	0.01 	0.0 	0.13 	0.05 	0.0 	0.0 	0.03 	
117 	0.14 	0.02 	0.0 	0.01 	0.01 	0.01 	0.01 	0.0 	0.02 	0.11 	0.25 	0.01 	0.04 	0.01 	0.0 	0.01 	0.01 	0.0 	0.04 	0.3 	
118 	0.03 	0.0 	0.0 	0.0 	0.0 	0.0 	0.01 	0.0 	0.0 	0.11 	0.62 	0.0 	0.05 	0.05 	0.01 	0.0 	0.02 	0.0 	0.01 	0.1 	
119 	0.15 	0.43 	0.01 	0.02 	0.0 	0.01 	0.1 	0.09 	0.01 	0.0 	0.01 	0.01 	0.0 	0.0 	0.03 	0.11 	0.0 	0.0 	0.01 	0.0 	
120 	0.02 	0.1 	0.0 	0.02 	0.0 	0.04 	0.28 	0.04 	0.0 	0.02 	0.0 	0.03 	0.0 	0.16 	0.15 	0.03 	0.02 	0.0 	0.05 	0.04 	
121 	0.07 	0.05 	0.0 	0.0 	0.0 	0.05 	0.0 	0.03 	0.04 	0.0 	0.0 	0.05 	0.0 	0.0 	0.55 	0.13 	0.03 	0.0 	0.0 	0.0 	
122 	0.0 	0.0 	0.0 	0.0 	0.0 	0.0 	0.6 	0.0 	0.0 	0.0 	0.0 	0.4 	0.0 	0.0 	0.0 	0.0 	0.0 	0.0 	0.0 	0.0 	
