	A 	R 	N 	D 	C 	Q 	E 	G 	H 	I 	L 	K 	M 	F 	P 	S 	T 	W 	Y 	V 	
1 	0.0 	0.0 	0.0 	0.0 	0.0 	0.0 	0.0 	0.0 	0.0 	0.0 	0.0 	0.0 	0.0 	0.0 	1.0 	0.0 	0.0 	0.0 	0.0 	0.0 	
2 	0.0 	0.0 	0.0 	0.0 	0.0 	0.0 	0.0 	0.0 	0.0 	0.0 	0.0 	0.0 	0.0 	0.0 	0.0 	0.0 	1.0 	0.0 	0.0 	0.0 	
3 	0.0 	0.0 	0.0 	0.0 	0.0 	0.0 	1.0 	0.0 	0.0 	0.0 	0.0 	0.0 	0.0 	0.0 	0.0 	0.0 	0.0 	0.0 	0.0 	0.0 	
4 	0.0 	0.0 	0.0 	0.0 	0.0 	0.0 	0.0 	0.0 	0.0 	0.0 	0.0 	0.0 	0.0 	0.0 	0.0 	0.0 	0.0 	0.0 	0.0 	1.0 	
5 	0.0 	0.0 	0.0 	0.0 	0.0 	0.0 	0.0 	0.0 	0.0 	0.0 	0.0 	0.0 	0.0 	0.0 	1.0 	0.0 	0.0 	0.0 	0.0 	0.0 	
6 	0.0 	0.0 	0.0 	0.0 	0.0 	0.0 	0.0 	0.0 	0.0 	0.23 	0.0 	0.0 	0.0 	0.53 	0.0 	0.0 	0.0 	0.0 	0.0 	0.24 	
7 	0.0 	0.0 	0.0 	0.0 	0.0 	0.0 	0.0 	0.0 	0.0 	0.0 	0.23 	0.0 	0.0 	0.0 	0.0 	0.0 	0.77 	0.0 	0.0 	0.0 	
8 	0.0 	0.0 	0.0 	0.0 	0.0 	0.0 	0.0 	0.0 	0.0 	0.0 	0.27 	0.0 	0.0 	0.0 	0.0 	0.47 	0.0 	0.0 	0.27 	0.0 	
9 	0.0 	0.27 	0.23 	0.0 	0.0 	0.0 	0.0 	0.24 	0.27 	0.0 	0.0 	0.0 	0.0 	0.0 	0.0 	0.0 	0.0 	0.0 	0.0 	0.0 	
10 	0.0 	0.0 	0.0 	0.0 	0.0 	0.0 	0.73 	0.0 	0.0 	0.0 	0.0 	0.27 	0.0 	0.0 	0.0 	0.0 	0.0 	0.0 	0.0 	0.0 	
11 	0.02 	0.01 	0.01 	0.01 	0.01 	0.01 	0.02 	0.02 	0.01 	0.01 	0.02 	0.02 	0.01 	0.01 	0.75 	0.02 	0.02 	0.0 	0.01 	0.02 	
12 	0.02 	0.01 	0.01 	0.01 	0.01 	0.01 	0.02 	0.02 	0.01 	0.01 	0.29 	0.02 	0.01 	0.48 	0.01 	0.02 	0.02 	0.0 	0.01 	0.02 	
13 	0.02 	0.01 	0.01 	0.01 	0.01 	0.01 	0.02 	0.02 	0.01 	0.48 	0.29 	0.02 	0.01 	0.01 	0.01 	0.02 	0.02 	0.0 	0.01 	0.02 	
14 	0.0 	0.23 	0.0 	0.0 	0.0 	0.0 	0.27 	0.0 	0.0 	0.0 	0.0 	0.24 	0.0 	0.0 	0.0 	0.0 	0.27 	0.0 	0.0 	0.0 	
15 	0.0 	0.0 	0.0 	0.49 	0.0 	0.24 	0.27 	0.0 	0.0 	0.0 	0.0 	0.0 	0.0 	0.0 	0.0 	0.0 	0.0 	0.0 	0.0 	0.0 	
16 	0.0 	0.23 	0.0 	0.0 	0.0 	0.27 	0.0 	0.0 	0.0 	0.0 	0.0 	0.5 	0.0 	0.0 	0.0 	0.0 	0.0 	0.0 	0.0 	0.0 	
17 	0.0 	0.0 	0.0 	0.0 	0.0 	0.0 	0.0 	0.0 	0.0 	0.0 	0.0 	0.0 	0.0 	0.27 	0.0 	0.23 	0.24 	0.0 	0.0 	0.27 	
18 	0.0 	0.0 	0.0 	0.0 	0.0 	0.0 	0.0 	0.0 	0.0 	0.0 	1.0 	0.0 	0.0 	0.0 	0.0 	0.0 	0.0 	0.0 	0.0 	0.0 	
19 	0.27 	0.0 	0.0 	0.0 	0.0 	0.47 	0.0 	0.0 	0.0 	0.0 	0.0 	0.0 	0.0 	0.0 	0.0 	0.0 	0.27 	0.0 	0.0 	0.0 	
20 	0.02 	0.01 	0.01 	0.01 	0.01 	0.01 	0.02 	0.75 	0.01 	0.01 	0.02 	0.02 	0.01 	0.01 	0.01 	0.02 	0.02 	0.0 	0.01 	0.02 	
21 	0.02 	0.01 	0.01 	0.01 	0.01 	0.01 	0.02 	0.02 	0.01 	0.01 	0.49 	0.02 	0.01 	0.01 	0.01 	0.02 	0.02 	0.0 	0.01 	0.29 	
22 	0.76 	0.0 	0.0 	0.0 	0.0 	0.0 	0.0 	0.0 	0.0 	0.0 	0.0 	0.0 	0.0 	0.0 	0.0 	0.24 	0.0 	0.0 	0.0 	0.0 	
23 	0.0 	0.0 	0.0 	0.0 	0.0 	0.0 	0.0 	0.0 	0.0 	0.0 	0.73 	0.0 	0.0 	0.0 	0.0 	0.0 	0.0 	0.0 	0.0 	0.27 	
24 	0.0 	0.47 	0.0 	0.0 	0.0 	0.0 	0.0 	0.0 	0.0 	0.0 	0.0 	0.0 	0.0 	0.0 	0.27 	0.27 	0.0 	0.0 	0.0 	0.0 	
25 	0.0 	0.0 	0.0 	0.47 	0.0 	0.0 	0.0 	0.27 	0.0 	0.0 	0.0 	0.0 	0.0 	0.0 	0.0 	0.27 	0.0 	0.0 	0.0 	0.0 	
26 	0.0 	0.0 	0.0 	0.0 	0.0 	0.0 	0.0 	0.0 	0.0 	0.49 	0.0 	0.0 	0.0 	0.0 	0.0 	0.0 	0.0 	0.0 	0.0 	0.51 	
27 	0.26 	0.01 	0.24 	0.01 	0.01 	0.01 	0.02 	0.02 	0.01 	0.01 	0.02 	0.02 	0.01 	0.01 	0.01 	0.28 	0.02 	0.0 	0.01 	0.02 	
28 	0.0 	0.0 	0.0 	0.0 	0.0 	0.0 	0.0 	0.0 	0.0 	0.27 	0.49 	0.0 	0.0 	0.0 	0.0 	0.0 	0.0 	0.0 	0.0 	0.24 	
29 	0.0 	0.0 	0.0 	0.0 	0.0 	0.0 	0.0 	0.0 	0.0 	0.0 	0.0 	0.0 	0.0 	0.0 	0.27 	0.47 	0.27 	0.0 	0.0 	0.0 	
30 	0.27 	0.0 	0.0 	0.0 	0.0 	0.0 	0.0 	0.0 	0.0 	0.0 	0.0 	0.0 	0.0 	0.0 	0.0 	0.0 	0.0 	0.0 	0.0 	0.73 	
31 	0.0 	0.0 	0.0 	0.0 	0.0 	0.0 	0.27 	0.0 	0.0 	0.0 	0.47 	0.0 	0.0 	0.0 	0.0 	0.0 	0.27 	0.0 	0.0 	0.0 	
32 	0.0 	0.0 	0.73 	0.0 	0.0 	0.0 	0.0 	0.0 	0.0 	0.27 	0.0 	0.0 	0.0 	0.0 	0.0 	0.0 	0.0 	0.0 	0.0 	0.0 	
33 	0.23 	0.0 	0.0 	0.0 	0.0 	0.0 	0.0 	0.27 	0.0 	0.0 	0.0 	0.0 	0.0 	0.0 	0.24 	0.0 	0.27 	0.0 	0.0 	0.0 	
34 	0.27 	0.0 	0.0 	0.0 	0.0 	0.0 	0.0 	0.0 	0.0 	0.47 	0.0 	0.0 	0.0 	0.0 	0.0 	0.0 	0.27 	0.0 	0.0 	0.0 	
35 	0.0 	0.0 	0.0 	0.0 	0.0 	0.0 	0.0 	0.0 	0.0 	0.47 	0.27 	0.0 	0.0 	0.0 	0.0 	0.0 	0.0 	0.0 	0.0 	0.27 	
36 	0.02 	0.01 	0.01 	0.01 	0.27 	0.01 	0.02 	0.02 	0.01 	0.01 	0.02 	0.02 	0.01 	0.01 	0.01 	0.25 	0.25 	0.0 	0.01 	0.02 	
37 	0.0 	0.0 	0.0 	0.0 	0.0 	0.0 	0.0 	0.27 	0.47 	0.0 	0.0 	0.0 	0.0 	0.27 	0.0 	0.0 	0.0 	0.0 	0.0 	0.0 	
38 	0.0 	0.27 	0.0 	0.0 	0.0 	0.0 	0.0 	0.0 	0.0 	0.0 	0.0 	0.73 	0.0 	0.0 	0.0 	0.0 	0.0 	0.0 	0.0 	0.0 	
39 	0.0 	0.0 	0.0 	0.0 	0.0 	0.0 	0.27 	0.0 	0.0 	0.0 	0.0 	0.0 	0.47 	0.0 	0.0 	0.27 	0.0 	0.0 	0.0 	0.0 	
40 	0.0 	0.0 	0.2 	0.36 	0.0 	0.2 	0.24 	0.0 	0.0 	0.0 	0.0 	0.0 	0.0 	0.0 	0.0 	0.0 	0.0 	0.0 	0.0 	0.0 	
41 	0.0 	0.0 	0.0 	0.0 	0.0 	0.0 	0.0 	0.0 	0.0 	0.0 	0.4 	0.0 	0.6 	0.0 	0.0 	0.0 	0.0 	0.0 	0.0 	0.0 	
42 	0.0 	0.0 	0.0 	0.0 	0.0 	0.24 	0.0 	0.0 	0.0 	0.0 	0.76 	0.0 	0.0 	0.0 	0.0 	0.0 	0.0 	0.0 	0.0 	0.0 	
43 	0.0 	0.0 	0.0 	0.0 	0.0 	0.0 	0.0 	0.0 	0.0 	0.24 	0.0 	0.0 	0.0 	0.76 	0.0 	0.0 	0.0 	0.0 	0.0 	0.0 	
44 	0.0 	0.0 	0.0 	0.0 	0.0 	0.0 	0.0 	0.0 	0.0 	0.0 	0.0 	0.0 	0.0 	0.0 	0.0 	0.0 	1.0 	0.0 	0.0 	0.0 	
45 	0.24 	0.0 	0.0 	0.0 	0.0 	0.0 	0.0 	0.0 	0.76 	0.0 	0.0 	0.0 	0.0 	0.0 	0.0 	0.0 	0.0 	0.0 	0.0 	0.0 	
46 	0.0 	0.4 	0.0 	0.0 	0.0 	0.0 	0.0 	0.0 	0.0 	0.0 	0.0 	0.0 	0.0 	0.36 	0.0 	0.0 	0.0 	0.0 	0.24 	0.0 	
47 	0.0 	0.0 	0.0 	0.0 	0.0 	0.0 	0.0 	1.0 	0.0 	0.0 	0.0 	0.0 	0.0 	0.0 	0.0 	0.0 	0.0 	0.0 	0.0 	0.0 	
48 	0.0 	0.0 	0.0 	0.0 	0.0 	0.0 	0.0 	0.0 	0.0 	0.44 	0.56 	0.0 	0.0 	0.0 	0.0 	0.0 	0.0 	0.0 	0.0 	0.0 	
49 	0.0 	0.0 	0.0 	0.0 	0.0 	0.0 	0.0 	0.0 	0.0 	0.0 	0.0 	0.0 	0.0 	0.0 	0.0 	1.0 	0.0 	0.0 	0.0 	0.0 	
50 	0.0 	0.0 	0.0 	0.0 	0.0 	0.0 	0.0 	1.0 	0.0 	0.0 	0.0 	0.0 	0.0 	0.0 	0.0 	0.0 	0.0 	0.0 	0.0 	0.0 	
51 	0.0 	0.0 	0.0 	0.0 	0.0 	0.0 	0.0 	0.0 	0.0 	0.24 	0.0 	0.0 	0.0 	0.0 	0.76 	0.0 	0.0 	0.0 	0.0 	0.0 	
52 	0.76 	0.0 	0.0 	0.0 	0.0 	0.0 	0.0 	0.0 	0.0 	0.0 	0.0 	0.0 	0.0 	0.0 	0.24 	0.0 	0.0 	0.0 	0.0 	0.0 	
53 	0.18 	0.0 	0.0 	0.0 	0.0 	0.0 	0.0 	0.0 	0.0 	0.18 	0.0 	0.0 	0.0 	0.0 	0.0 	0.0 	0.0 	0.0 	0.0 	0.64 	
54 	0.0 	0.0 	0.0 	0.0 	0.0 	0.0 	0.0 	0.0 	0.0 	0.0 	0.76 	0.0 	0.0 	0.24 	0.0 	0.0 	0.0 	0.0 	0.0 	0.0 	
55 	0.0 	0.36 	0.0 	0.0 	0.0 	0.64 	0.0 	0.0 	0.0 	0.0 	0.0 	0.0 	0.0 	0.0 	0.0 	0.0 	0.0 	0.0 	0.0 	0.0 	
56 	0.0 	0.0 	0.0 	0.0 	0.36 	0.0 	0.0 	0.0 	0.0 	0.64 	0.0 	0.0 	0.0 	0.0 	0.0 	0.0 	0.0 	0.0 	0.0 	0.0 	
57 	0.0 	0.0 	0.0 	0.0 	0.0 	0.0 	0.0 	0.0 	0.0 	0.0 	0.0 	0.0 	0.0 	0.0 	0.0 	1.0 	0.0 	0.0 	0.0 	0.0 	
58 	0.02 	0.25 	0.01 	0.01 	0.0 	0.37 	0.01 	0.01 	0.0 	0.01 	0.02 	0.01 	0.0 	0.01 	0.01 	0.21 	0.01 	0.0 	0.01 	0.01 	
59 	0.02 	0.01 	0.01 	0.01 	0.0 	0.01 	0.01 	0.01 	0.24 	0.01 	0.02 	0.01 	0.0 	0.37 	0.01 	0.01 	0.01 	0.0 	0.2 	0.01 	
60 	0.02 	0.01 	0.01 	0.01 	0.0 	0.01 	0.01 	0.01 	0.0 	0.25 	0.02 	0.01 	0.0 	0.01 	0.01 	0.01 	0.01 	0.2 	0.01 	0.37 	
61 	0.26 	0.01 	0.01 	0.01 	0.0 	0.21 	0.01 	0.01 	0.0 	0.01 	0.02 	0.01 	0.0 	0.01 	0.01 	0.01 	0.01 	0.0 	0.01 	0.37 	
62 	0.02 	0.01 	0.01 	0.01 	0.0 	0.01 	0.01 	0.01 	0.0 	0.01 	0.02 	0.61 	0.0 	0.01 	0.21 	0.01 	0.01 	0.0 	0.01 	0.01 	
63 	0.2 	0.01 	0.01 	0.01 	0.0 	0.01 	0.19 	0.45 	0.0 	0.01 	0.02 	0.01 	0.0 	0.01 	0.01 	0.01 	0.01 	0.0 	0.01 	0.01 	
64 	0.03 	0.02 	0.02 	0.02 	0.01 	0.02 	0.03 	0.03 	0.01 	0.02 	0.64 	0.02 	0.01 	0.02 	0.02 	0.03 	0.02 	0.01 	0.01 	0.03 	
65 	0.05 	0.03 	0.03 	0.03 	0.01 	0.03 	0.04 	0.05 	0.01 	0.03 	0.06 	0.4 	0.01 	0.02 	0.03 	0.05 	0.04 	0.01 	0.02 	0.04 	
66 	0.03 	0.02 	0.22 	0.02 	0.01 	0.02 	0.03 	0.03 	0.01 	0.02 	0.04 	0.39 	0.01 	0.02 	0.02 	0.03 	0.03 	0.01 	0.01 	0.03 	
67 	0.03 	0.02 	0.02 	0.02 	0.01 	0.02 	0.02 	0.03 	0.01 	0.02 	0.03 	0.02 	0.01 	0.2 	0.02 	0.03 	0.02 	0.01 	0.45 	0.02 	
68 	0.03 	0.02 	0.02 	0.02 	0.01 	0.02 	0.26 	0.03 	0.01 	0.02 	0.03 	0.2 	0.01 	0.01 	0.02 	0.03 	0.02 	0.21 	0.01 	0.02 	
69 	0.02 	0.01 	0.01 	0.01 	0.0 	0.39 	0.01 	0.25 	0.0 	0.01 	0.02 	0.01 	0.0 	0.01 	0.01 	0.01 	0.19 	0.0 	0.01 	0.01 	
70 	0.02 	0.01 	0.19 	0.01 	0.0 	0.01 	0.01 	0.01 	0.0 	0.01 	0.02 	0.25 	0.0 	0.01 	0.39 	0.01 	0.01 	0.0 	0.01 	0.01 	
71 	0.02 	0.01 	0.01 	0.01 	0.0 	0.19 	0.25 	0.01 	0.0 	0.01 	0.02 	0.01 	0.0 	0.01 	0.01 	0.01 	0.39 	0.0 	0.01 	0.01 	
72 	0.0 	0.0 	0.0 	0.0 	0.0 	0.0 	0.4 	0.0 	0.0 	0.18 	0.0 	0.0 	0.24 	0.0 	0.0 	0.0 	0.0 	0.0 	0.0 	0.18 	
73 	0.0 	0.0 	0.0 	0.0 	0.0 	0.18 	0.0 	0.0 	0.0 	0.0 	0.0 	0.24 	0.0 	0.2 	0.18 	0.2 	0.0 	0.0 	0.0 	0.0 	
74 	0.0 	0.0 	0.0 	0.0 	0.0 	0.0 	0.0 	0.0 	0.0 	0.18 	0.0 	0.0 	0.18 	0.0 	0.0 	0.0 	0.0 	0.0 	0.0 	0.64 	
75 	0.0 	0.42 	0.0 	0.0 	0.0 	0.0 	0.2 	0.0 	0.0 	0.0 	0.0 	0.0 	0.0 	0.0 	0.0 	0.38 	0.0 	0.0 	0.0 	0.0 	
76 	0.0 	0.0 	0.0 	0.0 	0.0 	0.0 	0.0 	0.0 	0.0 	0.76 	0.0 	0.0 	0.0 	0.0 	0.0 	0.0 	0.0 	0.0 	0.0 	0.24 	
77 	0.0 	0.0 	0.2 	0.8 	0.0 	0.0 	0.0 	0.0 	0.0 	0.0 	0.0 	0.0 	0.0 	0.0 	0.0 	0.0 	0.0 	0.0 	0.0 	0.0 	
78 	0.18 	0.0 	0.0 	0.0 	0.0 	0.0 	0.0 	0.0 	0.0 	0.0 	0.58 	0.0 	0.0 	0.24 	0.0 	0.0 	0.0 	0.0 	0.0 	0.0 	
79 	0.0 	0.0 	0.0 	0.0 	0.0 	0.0 	0.0 	0.0 	0.0 	0.0 	0.82 	0.0 	0.0 	0.0 	0.0 	0.0 	0.0 	0.0 	0.18 	0.0 	
80 	0.0 	0.0 	0.0 	0.0 	0.0 	0.0 	0.0 	0.0 	0.0 	0.0 	0.0 	0.0 	0.0 	0.0 	1.0 	0.0 	0.0 	0.0 	0.0 	0.0 	
81 	0.0 	0.0 	0.2 	0.38 	0.0 	0.0 	0.42 	0.0 	0.0 	0.0 	0.0 	0.0 	0.0 	0.0 	0.0 	0.0 	0.0 	0.0 	0.0 	0.0 	
82 	0.0 	0.0 	0.0 	0.0 	0.0 	0.0 	0.18 	0.0 	0.2 	0.18 	0.0 	0.0 	0.24 	0.0 	0.0 	0.0 	0.0 	0.0 	0.0 	0.2 	
83 	0.0 	0.0 	0.56 	0.2 	0.0 	0.0 	0.24 	0.0 	0.0 	0.0 	0.0 	0.0 	0.0 	0.0 	0.0 	0.0 	0.0 	0.0 	0.0 	0.0 	
84 	0.24 	0.0 	0.0 	0.0 	0.0 	0.0 	0.18 	0.0 	0.0 	0.0 	0.2 	0.0 	0.0 	0.0 	0.0 	0.18 	0.0 	0.0 	0.0 	0.2 	
85 	0.0 	0.0 	0.0 	0.0 	0.0 	0.0 	0.76 	0.0 	0.0 	0.0 	0.0 	0.0 	0.0 	0.0 	0.0 	0.24 	0.0 	0.0 	0.0 	0.0 	
86 	0.0 	0.0 	0.0 	0.0 	0.0 	0.42 	0.2 	0.0 	0.0 	0.0 	0.0 	0.0 	0.0 	0.0 	0.0 	0.0 	0.38 	0.0 	0.0 	0.0 	
87 	0.02 	0.01 	0.01 	0.01 	0.0 	0.01 	0.01 	0.01 	0.0 	0.01 	0.38 	0.01 	0.0 	0.21 	0.01 	0.01 	0.01 	0.0 	0.01 	0.25 	
88 	0.02 	0.25 	0.01 	0.01 	0.0 	0.01 	0.01 	0.01 	0.0 	0.01 	0.22 	0.01 	0.0 	0.37 	0.01 	0.01 	0.01 	0.0 	0.01 	0.01 	
89 	0.02 	0.01 	0.21 	0.01 	0.0 	0.37 	0.01 	0.01 	0.0 	0.01 	0.02 	0.25 	0.0 	0.01 	0.01 	0.01 	0.01 	0.0 	0.01 	0.01 	
90 	0.27 	0.2 	0.02 	0.02 	0.01 	0.02 	0.03 	0.03 	0.01 	0.02 	0.04 	0.2 	0.01 	0.02 	0.02 	0.03 	0.02 	0.01 	0.01 	0.03 	
91 	0.02 	0.01 	0.01 	0.01 	0.0 	0.01 	0.21 	0.01 	0.0 	0.01 	0.02 	0.01 	0.37 	0.25 	0.01 	0.01 	0.01 	0.0 	0.01 	0.01 	
92 	0.02 	0.01 	0.25 	0.01 	0.0 	0.01 	0.01 	0.01 	0.0 	0.21 	0.2 	0.01 	0.0 	0.01 	0.01 	0.01 	0.01 	0.0 	0.19 	0.01 	
93 	0.0 	0.0 	0.2 	0.0 	0.0 	0.0 	0.2 	0.0 	0.0 	0.0 	0.0 	0.36 	0.0 	0.0 	0.0 	0.0 	0.24 	0.0 	0.0 	0.0 	
94 	0.0 	0.0 	0.0 	0.0 	0.0 	0.58 	0.18 	0.0 	0.24 	0.0 	0.0 	0.0 	0.0 	0.0 	0.0 	0.0 	0.0 	0.0 	0.0 	0.0 	
95 	0.2 	0.2 	0.0 	0.0 	0.0 	0.0 	0.0 	0.0 	0.0 	0.0 	0.42 	0.0 	0.18 	0.0 	0.0 	0.0 	0.0 	0.0 	0.0 	0.0 	
96 	0.0 	0.0 	0.2 	0.24 	0.0 	0.0 	0.0 	0.0 	0.0 	0.0 	0.0 	0.56 	0.0 	0.0 	0.0 	0.0 	0.0 	0.0 	0.0 	0.0 	
97 	0.2 	0.0 	0.0 	0.0 	0.0 	0.2 	0.36 	0.0 	0.0 	0.0 	0.0 	0.24 	0.0 	0.0 	0.0 	0.0 	0.0 	0.0 	0.0 	0.0 	
98 	0.18 	0.0 	0.0 	0.18 	0.24 	0.0 	0.0 	0.0 	0.2 	0.0 	0.0 	0.0 	0.0 	0.0 	0.0 	0.2 	0.0 	0.0 	0.0 	0.0 	
99 	0.0 	0.0 	0.0 	0.0 	0.0 	0.0 	0.0 	0.0 	0.0 	0.0 	0.0 	0.0 	0.0 	0.0 	1.0 	0.0 	0.0 	0.0 	0.0 	0.0 	
100 	0.0 	0.0 	0.2 	0.0 	0.0 	0.0 	0.0 	0.0 	0.0 	0.0 	0.0 	0.56 	0.0 	0.0 	0.0 	0.0 	0.0 	0.0 	0.24 	0.0 	
101 	0.24 	0.0 	0.0 	0.0 	0.0 	0.4 	0.0 	0.0 	0.0 	0.0 	0.0 	0.36 	0.0 	0.0 	0.0 	0.0 	0.0 	0.0 	0.0 	0.0 	
102 	0.0 	0.0 	0.0 	0.0 	0.0 	0.0 	0.0 	0.18 	0.0 	0.0 	0.0 	0.0 	0.2 	0.0 	0.0 	0.2 	0.42 	0.0 	0.0 	0.0 	
103 	0.0 	0.0 	0.0 	0.0 	0.24 	0.0 	0.0 	0.0 	0.0 	0.36 	0.4 	0.0 	0.0 	0.0 	0.0 	0.0 	0.0 	0.0 	0.0 	0.0 	
104 	0.0 	0.0 	0.0 	0.0 	0.0 	0.24 	0.0 	0.0 	0.0 	0.0 	0.0 	0.76 	0.0 	0.0 	0.0 	0.0 	0.0 	0.0 	0.0 	0.0 	
105 	0.0 	0.0 	0.56 	0.0 	0.0 	0.0 	0.24 	0.0 	0.0 	0.0 	0.0 	0.0 	0.0 	0.0 	0.0 	0.0 	0.2 	0.0 	0.0 	0.0 	
106 	0.0 	0.0 	0.0 	0.0 	0.0 	0.0 	0.0 	0.0 	0.0 	0.2 	0.0 	0.0 	0.0 	0.24 	0.0 	0.0 	0.2 	0.0 	0.0 	0.36 	
107 	0.0 	0.0 	0.0 	0.0 	0.0 	0.0 	0.0 	0.0 	0.0 	0.0 	1.0 	0.0 	0.0 	0.0 	0.0 	0.0 	0.0 	0.0 	0.0 	0.0 	
108 	0.2 	0.0 	0.0 	0.0 	0.0 	0.0 	0.0 	0.0 	0.0 	0.0 	0.0 	0.36 	0.0 	0.0 	0.0 	0.0 	0.24 	0.0 	0.0 	0.2 	
109 	0.0 	0.2 	0.0 	0.0 	0.0 	0.0 	0.0 	0.42 	0.0 	0.0 	0.0 	0.0 	0.0 	0.0 	0.18 	0.0 	0.0 	0.0 	0.0 	0.2 	
110 	0.0 	0.0 	0.0 	0.0 	0.0 	0.0 	0.0 	0.0 	0.2 	0.24 	0.2 	0.0 	0.0 	0.0 	0.0 	0.0 	0.0 	0.18 	0.18 	0.0 	
111 	0.0 	0.0 	0.0 	0.0 	0.0 	0.0 	0.0 	0.0 	0.0 	0.0 	0.4 	0.0 	0.18 	0.24 	0.0 	0.0 	0.0 	0.0 	0.0 	0.18 	
112 	0.0 	0.0 	0.0 	0.0 	0.0 	0.18 	0.0 	0.0 	0.0 	0.0 	0.0 	0.0 	0.0 	0.0 	0.82 	0.0 	0.0 	0.0 	0.0 	0.0 	
113 	0.0 	0.0 	0.0 	0.0 	0.0 	0.0 	0.36 	0.0 	0.0 	0.0 	0.0 	0.64 	0.0 	0.0 	0.0 	0.0 	0.0 	0.0 	0.0 	0.0 	
114 	0.0 	0.56 	0.0 	0.0 	0.0 	0.0 	0.0 	0.0 	0.0 	0.0 	0.0 	0.44 	0.0 	0.0 	0.0 	0.0 	0.0 	0.0 	0.0 	0.0 	
115 	0.0 	0.0 	0.0 	0.0 	0.0 	0.0 	0.0 	0.0 	0.0 	0.0 	0.64 	0.0 	0.0 	0.0 	0.0 	0.0 	0.0 	0.0 	0.36 	0.0 	
116 	0.0 	0.0 	0.0 	0.0 	0.0 	0.0 	0.0 	0.0 	0.0 	0.24 	0.18 	0.0 	0.0 	0.18 	0.0 	0.0 	0.0 	0.0 	0.0 	0.4 	
117 	0.0 	0.0 	0.0 	0.0 	0.0 	0.0 	0.4 	0.0 	0.0 	0.0 	0.36 	0.0 	0.0 	0.0 	0.24 	0.0 	0.0 	0.0 	0.0 	0.0 	
118 	0.0 	0.44 	0.0 	0.0 	0.0 	0.0 	0.0 	0.0 	0.0 	0.0 	0.2 	0.0 	0.0 	0.36 	0.0 	0.0 	0.0 	0.0 	0.0 	0.0 	
119 	0.0 	0.0 	0.0 	0.0 	0.0 	0.0 	0.0 	0.0 	0.0 	0.0 	0.8 	0.0 	0.0 	0.0 	0.0 	0.0 	0.0 	0.2 	0.0 	0.0 	
120 	0.02 	0.01 	0.01 	0.01 	0.0 	0.01 	0.01 	0.01 	0.0 	0.21 	0.62 	0.01 	0.0 	0.01 	0.01 	0.01 	0.01 	0.0 	0.01 	0.01 	
121 	0.02 	0.01 	0.01 	0.01 	0.0 	0.01 	0.81 	0.01 	0.0 	0.01 	0.02 	0.01 	0.0 	0.01 	0.01 	0.01 	0.01 	0.0 	0.01 	0.01 	
122 	0.02 	0.01 	0.01 	0.01 	0.0 	0.21 	0.01 	0.01 	0.0 	0.01 	0.26 	0.37 	0.0 	0.01 	0.01 	0.01 	0.01 	0.0 	0.01 	0.01 	
123 	0.02 	0.01 	0.37 	0.01 	0.0 	0.01 	0.01 	0.22 	0.0 	0.01 	0.02 	0.01 	0.0 	0.01 	0.01 	0.25 	0.01 	0.0 	0.01 	0.01 	
124 	0.02 	0.01 	0.01 	0.01 	0.0 	0.01 	0.19 	0.2 	0.24 	0.21 	0.02 	0.01 	0.0 	0.01 	0.01 	0.01 	0.01 	0.0 	0.01 	0.01 	
125 	0.02 	0.01 	0.01 	0.01 	0.0 	0.01 	0.01 	0.01 	0.0 	0.61 	0.02 	0.01 	0.0 	0.01 	0.01 	0.01 	0.01 	0.0 	0.01 	0.21 	
126 	0.02 	0.25 	0.01 	0.19 	0.0 	0.21 	0.01 	0.01 	0.0 	0.01 	0.02 	0.01 	0.0 	0.01 	0.01 	0.2 	0.01 	0.0 	0.01 	0.01 	
127 	0.03 	0.02 	0.02 	0.02 	0.01 	0.26 	0.03 	0.21 	0.01 	0.02 	0.04 	0.02 	0.01 	0.02 	0.2 	0.03 	0.02 	0.01 	0.01 	0.03 	
128 	0.02 	0.01 	0.43 	0.21 	0.0 	0.01 	0.01 	0.01 	0.0 	0.01 	0.02 	0.01 	0.0 	0.01 	0.01 	0.19 	0.01 	0.0 	0.01 	0.01 	
129 	0.0 	0.0 	0.0 	0.0 	0.0 	0.2 	0.38 	0.0 	0.0 	0.0 	0.0 	0.0 	0.0 	0.24 	0.0 	0.0 	0.0 	0.0 	0.0 	0.18 	
130 	0.0 	0.0 	0.0 	0.0 	0.0 	0.38 	0.0 	0.0 	0.0 	0.0 	0.0 	0.0 	0.0 	0.0 	0.24 	0.18 	0.0 	0.0 	0.0 	0.2 	
131 	0.42 	0.0 	0.0 	0.0 	0.0 	0.0 	0.0 	0.0 	0.0 	0.2 	0.2 	0.0 	0.0 	0.18 	0.0 	0.0 	0.0 	0.0 	0.0 	0.0 	
132 	0.2 	0.0 	0.0 	0.0 	0.0 	0.0 	0.0 	0.38 	0.0 	0.0 	0.0 	0.0 	0.0 	0.0 	0.0 	0.42 	0.0 	0.0 	0.0 	0.0 	
133 	0.0 	0.0 	0.2 	0.0 	0.0 	0.38 	0.42 	0.0 	0.0 	0.0 	0.0 	0.0 	0.0 	0.0 	0.0 	0.0 	0.0 	0.0 	0.0 	0.0 	
134 	0.0 	0.0 	0.0 	0.0 	0.0 	0.0 	0.0 	0.0 	0.0 	0.4 	0.42 	0.0 	0.0 	0.0 	0.0 	0.0 	0.0 	0.0 	0.0 	0.18 	
135 	0.0 	0.0 	0.0 	0.0 	0.0 	0.0 	0.0 	0.0 	0.0 	0.0 	0.0 	0.24 	0.0 	0.0 	0.38 	0.38 	0.0 	0.0 	0.0 	0.0 	
136 	0.0 	0.0 	0.0 	0.2 	0.0 	0.0 	0.0 	0.0 	0.18 	0.0 	0.0 	0.38 	0.0 	0.0 	0.24 	0.0 	0.0 	0.0 	0.0 	0.0 	
137 	0.24 	0.0 	0.0 	0.18 	0.0 	0.0 	0.18 	0.0 	0.0 	0.0 	0.0 	0.0 	0.0 	0.0 	0.0 	0.0 	0.0 	0.0 	0.0 	0.4 	
138 	0.0 	0.2 	0.0 	0.0 	0.0 	0.24 	0.0 	0.0 	0.0 	0.0 	0.0 	0.18 	0.0 	0.0 	0.18 	0.2 	0.0 	0.0 	0.0 	0.0 	
139 	0.0 	0.0 	0.0 	0.0 	0.0 	0.0 	0.0 	0.0 	0.0 	0.18 	0.2 	0.0 	0.0 	0.18 	0.0 	0.0 	0.0 	0.24 	0.0 	0.2 	
140 	0.0 	0.36 	0.0 	0.0 	0.0 	0.0 	0.24 	0.0 	0.0 	0.0 	0.0 	0.4 	0.0 	0.0 	0.0 	0.0 	0.0 	0.0 	0.0 	0.0 	
141 	0.38 	0.0 	0.2 	0.24 	0.0 	0.18 	0.0 	0.0 	0.0 	0.0 	0.0 	0.0 	0.0 	0.0 	0.0 	0.0 	0.0 	0.0 	0.0 	0.0 	
142 	0.0 	0.0 	0.0 	0.0 	0.0 	0.0 	0.0 	0.0 	0.0 	0.0 	0.82 	0.0 	0.0 	0.18 	0.0 	0.0 	0.0 	0.0 	0.0 	0.0 	
143 	0.0 	0.0 	0.0 	0.0 	0.0 	0.0 	0.0 	0.0 	0.0 	0.44 	0.0 	0.0 	0.0 	0.0 	0.0 	0.0 	0.0 	0.0 	0.0 	0.56 	
144 	0.0 	0.42 	0.0 	0.2 	0.0 	0.0 	0.0 	0.0 	0.0 	0.0 	0.0 	0.18 	0.0 	0.0 	0.0 	0.2 	0.0 	0.0 	0.0 	0.0 	
145 	0.24 	0.0 	0.0 	0.36 	0.0 	0.0 	0.0 	0.0 	0.0 	0.0 	0.0 	0.0 	0.0 	0.2 	0.0 	0.0 	0.2 	0.0 	0.0 	0.0 	
146 	0.0 	0.0 	0.0 	0.0 	0.42 	0.0 	0.0 	0.0 	0.0 	0.2 	0.2 	0.0 	0.0 	0.18 	0.0 	0.0 	0.0 	0.0 	0.0 	0.0 	
147 	0.0 	0.0 	0.0 	0.0 	0.0 	0.0 	0.0 	0.0 	0.2 	0.0 	0.0 	0.6 	0.0 	0.0 	0.0 	0.0 	0.2 	0.0 	0.0 	0.0 	
148 	0.0 	0.0 	0.0 	0.2 	0.0 	0.42 	0.18 	0.0 	0.2 	0.0 	0.0 	0.0 	0.0 	0.0 	0.0 	0.0 	0.0 	0.0 	0.0 	0.0 	
149 	0.0 	0.0 	0.0 	0.0 	0.0 	0.0 	0.0 	0.0 	0.0 	0.0 	0.0 	0.0 	0.0 	0.36 	0.0 	0.0 	0.24 	0.4 	0.0 	0.0 	
150 	0.0 	0.2 	0.0 	0.0 	0.0 	0.0 	0.2 	0.0 	0.0 	0.0 	0.24 	0.0 	0.0 	0.0 	0.0 	0.0 	0.36 	0.0 	0.0 	0.0 	
151 	0.0 	0.0 	0.0 	0.0 	0.0 	0.0 	0.0 	0.0 	0.0 	0.0 	0.24 	0.0 	0.0 	0.2 	0.0 	0.0 	0.0 	0.0 	0.0 	0.56 	
152 	0.0 	0.0 	0.18 	0.0 	0.0 	0.2 	0.0 	0.0 	0.0 	0.0 	0.18 	0.0 	0.0 	0.0 	0.0 	0.0 	0.44 	0.0 	0.0 	0.0 	
153 	0.18 	0.0 	0.0 	0.0 	0.0 	0.0 	0.0 	0.0 	0.0 	0.24 	0.0 	0.0 	0.0 	0.0 	0.4 	0.0 	0.0 	0.0 	0.0 	0.18 	
154 	0.0 	0.0 	0.76 	0.0 	0.0 	0.0 	0.24 	0.0 	0.0 	0.0 	0.0 	0.0 	0.0 	0.0 	0.0 	0.0 	0.0 	0.0 	0.0 	0.0 	
155 	0.0 	0.0 	0.0 	0.24 	0.0 	0.0 	0.0 	0.76 	0.0 	0.0 	0.0 	0.0 	0.0 	0.0 	0.0 	0.0 	0.0 	0.0 	0.0 	0.0 	
156 	0.0 	0.0 	0.0 	0.0 	0.0 	0.0 	0.0 	0.0 	0.0 	0.0 	0.0 	0.0 	0.0 	0.0 	0.0 	0.0 	1.0 	0.0 	0.0 	0.0 	
157 	0.0 	0.0 	0.24 	0.0 	0.0 	0.18 	0.4 	0.0 	0.0 	0.0 	0.18 	0.0 	0.0 	0.0 	0.0 	0.0 	0.0 	0.0 	0.0 	0.0 	
158 	0.0 	0.0 	0.0 	0.0 	0.0 	0.0 	0.0 	0.64 	0.0 	0.0 	0.0 	0.0 	0.0 	0.0 	0.0 	0.36 	0.0 	0.0 	0.0 	0.0 	
159 	0.0 	0.0 	0.0 	0.0 	0.0 	0.0 	0.0 	0.0 	0.0 	0.18 	0.18 	0.0 	0.0 	0.24 	0.0 	0.0 	0.0 	0.0 	0.4 	0.0 	
160 	0.0 	0.4 	0.0 	0.42 	0.0 	0.0 	0.18 	0.0 	0.0 	0.0 	0.0 	0.0 	0.0 	0.0 	0.0 	0.0 	0.0 	0.0 	0.0 	0.0 	
161 	0.0 	0.0 	0.24 	0.0 	0.0 	0.0 	0.0 	0.0 	0.0 	0.0 	0.0 	0.36 	0.0 	0.0 	0.0 	0.0 	0.4 	0.0 	0.0 	0.0 	
162 	1.0 	0.0 	0.0 	0.0 	0.0 	0.0 	0.0 	0.0 	0.0 	0.0 	0.0 	0.0 	0.0 	0.0 	0.0 	0.0 	0.0 	0.0 	0.0 	0.0 	
163 	0.0 	0.0 	0.0 	0.0 	0.0 	0.24 	0.4 	0.0 	0.0 	0.0 	0.0 	0.0 	0.0 	0.36 	0.0 	0.0 	0.0 	0.0 	0.0 	0.0 	
164 	0.0 	0.0 	0.0 	0.0 	0.0 	0.0 	0.0 	0.0 	0.0 	0.0 	0.0 	0.0 	0.0 	0.0 	0.0 	0.0 	0.0 	0.0 	0.0 	1.0 	
165 	0.0 	0.0 	0.0 	0.0 	0.0 	0.0 	0.0 	0.0 	0.0 	0.0 	0.0 	0.0 	0.0 	0.0 	0.0 	0.0 	1.0 	0.0 	0.0 	0.0 	
