	A 	R 	N 	D 	C 	Q 	E 	G 	H 	I 	L 	K 	M 	F 	P 	S 	T 	W 	Y 	V 	
1 	0.0 	0.0 	0.0 	0.0 	0.0 	0.0 	0.0 	0.0 	0.0 	0.0 	0.0 	0.0 	0.0 	0.0 	0.0 	0.0 	0.0 	0.0 	0.0 	0.0 	
2 	0.0 	0.0 	0.0 	0.0 	0.0 	0.0 	0.0 	0.0 	0.0 	0.0 	0.0 	0.0 	1.0 	0.0 	0.0 	0.0 	0.0 	0.0 	0.0 	0.0 	
3 	1.0 	0.0 	0.0 	0.0 	0.0 	0.0 	0.0 	0.0 	0.0 	0.0 	0.0 	0.0 	0.0 	0.0 	0.0 	0.0 	0.0 	0.0 	0.0 	0.0 	
4 	0.0 	0.0 	0.0 	0.0 	0.0 	0.0 	0.0 	0.0 	0.0 	0.0 	0.0 	0.0 	0.0 	0.0 	0.0 	0.66 	0.0 	0.0 	0.0 	0.34 	
5 	0.0 	0.0 	0.0 	0.0 	0.0 	0.0 	0.0 	0.0 	0.0 	0.0 	0.16 	0.0 	0.17 	0.0 	0.0 	0.0 	0.0 	0.0 	0.0 	0.67 	
6 	0.0 	0.0 	0.0 	0.0 	0.0 	0.17 	0.0 	0.0 	0.0 	0.14 	0.26 	0.0 	0.34 	0.09 	0.0 	0.0 	0.0 	0.0 	0.0 	0.0 	
7 	0.09 	0.16 	0.08 	0.0 	0.0 	0.0 	0.07 	0.0 	0.06 	0.0 	0.07 	0.32 	0.0 	0.0 	0.0 	0.15 	0.0 	0.0 	0.0 	0.0 	
8 	0.19 	0.0 	0.08 	0.09 	0.06 	0.0 	0.0 	0.0 	0.0 	0.11 	0.0 	0.0 	0.0 	0.08 	0.0 	0.07 	0.06 	0.0 	0.18 	0.07 	
9 	0.26 	0.0 	0.0 	0.0 	0.0 	0.0 	0.05 	0.33 	0.0 	0.0 	0.0 	0.0 	0.0 	0.0 	0.0 	0.28 	0.07 	0.0 	0.0 	0.0 	
10 	0.06 	0.0 	0.0 	0.0 	0.0 	0.0 	0.0 	0.0 	0.0 	0.09 	0.24 	0.0 	0.0 	0.18 	0.0 	0.23 	0.06 	0.0 	0.06 	0.07 	
11 	0.12 	0.26 	0.0 	0.0 	0.0 	0.0 	0.0 	0.0 	0.0 	0.0 	0.2 	0.11 	0.0 	0.0 	0.0 	0.17 	0.0 	0.07 	0.07 	0.0 	
12 	0.0 	0.06 	0.0 	0.0 	0.0 	0.0 	0.07 	0.0 	0.0 	0.0 	0.11 	0.0 	0.0 	0.0 	0.0 	0.45 	0.31 	0.0 	0.0 	0.0 	
13 	0.0 	0.0 	0.0 	0.44 	0.0 	0.13 	0.0 	0.06 	0.0 	0.05 	0.0 	0.13 	0.0 	0.06 	0.09 	0.0 	0.0 	0.0 	0.0 	0.06 	
14 	0.0 	0.15 	0.0 	0.0 	0.0 	0.18 	0.0 	0.0 	0.0 	0.11 	0.0 	0.39 	0.0 	0.0 	0.0 	0.0 	0.13 	0.0 	0.0 	0.05 	
15 	0.0 	0.0 	0.0 	0.0 	0.0 	0.0 	0.0 	0.93 	0.0 	0.0 	0.0 	0.0 	0.0 	0.0 	0.0 	0.07 	0.0 	0.0 	0.0 	0.0 	
16 	0.0 	0.21 	0.0 	0.0 	0.0 	0.21 	0.08 	0.0 	0.0 	0.0 	0.05 	0.2 	0.0 	0.0 	0.24 	0.0 	0.0 	0.0 	0.0 	0.0 	
17 	0.04 	0.07 	0.0 	0.0 	0.0 	0.0 	0.0 	0.0 	0.0 	0.12 	0.05 	0.35 	0.04 	0.0 	0.0 	0.04 	0.0 	0.0 	0.0 	0.26 	
18 	0.0 	0.61 	0.07 	0.0 	0.0 	0.05 	0.1 	0.04 	0.0 	0.0 	0.0 	0.03 	0.0 	0.0 	0.0 	0.0 	0.07 	0.0 	0.0 	0.0 	
19 	0.12 	0.0 	0.0 	0.09 	0.0 	0.03 	0.06 	0.05 	0.14 	0.0 	0.0 	0.21 	0.0 	0.0 	0.0 	0.23 	0.03 	0.0 	0.0 	0.04 	
20 	0.0 	0.0 	0.25 	0.05 	0.0 	0.0 	0.24 	0.03 	0.19 	0.05 	0.0 	0.0 	0.04 	0.0 	0.03 	0.08 	0.04 	0.0 	0.0 	0.0 	
21 	0.0 	0.0 	0.57 	0.04 	0.0 	0.0 	0.06 	0.0 	0.0 	0.0 	0.0 	0.0 	0.22 	0.0 	0.0 	0.07 	0.0 	0.0 	0.0 	0.04 	
22 	0.04 	0.0 	0.0 	0.08 	0.0 	0.39 	0.4 	0.0 	0.04 	0.0 	0.0 	0.0 	0.0 	0.0 	0.0 	0.0 	0.0 	0.0 	0.0 	0.05 	
23 	0.0 	0.02 	0.0 	0.83 	0.0 	0.0 	0.04 	0.04 	0.05 	0.0 	0.0 	0.0 	0.0 	0.0 	0.0 	0.0 	0.0 	0.0 	0.0 	0.03 	
24 	0.24 	0.09 	0.02 	0.09 	0.0 	0.0 	0.03 	0.03 	0.0 	0.0 	0.0 	0.0 	0.0 	0.21 	0.0 	0.1 	0.0 	0.0 	0.18 	0.0 	
25 	0.0 	0.0 	0.07 	0.0 	0.16 	0.1 	0.0 	0.32 	0.06 	0.09 	0.0 	0.0 	0.0 	0.05 	0.0 	0.03 	0.03 	0.0 	0.0 	0.1 	
26 	0.0 	0.09 	0.08 	0.07 	0.0 	0.03 	0.09 	0.03 	0.0 	0.08 	0.09 	0.07 	0.0 	0.09 	0.05 	0.05 	0.05 	0.0 	0.05 	0.09 	
27 	0.28 	0.05 	0.03 	0.1 	0.0 	0.06 	0.11 	0.0 	0.0 	0.0 	0.02 	0.04 	0.0 	0.09 	0.0 	0.07 	0.1 	0.0 	0.0 	0.03 	
28 	0.02 	0.07 	0.17 	0.22 	0.0 	0.0 	0.04 	0.18 	0.03 	0.0 	0.03 	0.14 	0.0 	0.0 	0.05 	0.01 	0.03 	0.0 	0.0 	0.01 	
29 	0.13 	0.09 	0.05 	0.0 	0.0 	0.1 	0.07 	0.22 	0.03 	0.05 	0.01 	0.02 	0.02 	0.04 	0.03 	0.03 	0.05 	0.0 	0.0 	0.04 	
30 	0.16 	0.03 	0.0 	0.04 	0.0 	0.03 	0.06 	0.04 	0.03 	0.13 	0.09 	0.03 	0.0 	0.0 	0.02 	0.1 	0.09 	0.0 	0.0 	0.14 	
31 	0.0 	0.0 	0.0 	0.0 	0.0 	0.0 	0.0 	0.0 	0.02 	0.06 	0.46 	0.0 	0.06 	0.21 	0.0 	0.0 	0.01 	0.0 	0.02 	0.13 	
32 	0.04 	0.0 	0.0 	0.0 	0.07 	0.0 	0.0 	0.0 	0.0 	0.03 	0.07 	0.0 	0.04 	0.4 	0.0 	0.02 	0.02 	0.0 	0.16 	0.12 	
33 	0.44 	0.0 	0.0 	0.0 	0.02 	0.0 	0.0 	0.4 	0.0 	0.03 	0.02 	0.0 	0.0 	0.0 	0.0 	0.0 	0.0 	0.0 	0.02 	0.05 	
34 	0.0 	0.0 	0.0 	0.0 	0.0 	0.0 	0.02 	0.0 	0.0 	0.19 	0.1 	0.0 	0.0 	0.01 	0.0 	0.0 	0.0 	0.0 	0.0 	0.68 	
35 	0.18 	0.0 	0.0 	0.0 	0.05 	0.0 	0.02 	0.0 	0.0 	0.0 	0.03 	0.0 	0.0 	0.44 	0.0 	0.05 	0.02 	0.0 	0.22 	0.0 	
36 	0.0 	0.0 	0.0 	0.96 	0.0 	0.0 	0.02 	0.01 	0.0 	0.0 	0.0 	0.0 	0.02 	0.0 	0.0 	0.0 	0.0 	0.0 	0.0 	0.0 	
37 	0.0 	0.0 	0.0 	0.0 	0.0 	0.0 	0.02 	0.95 	0.0 	0.0 	0.0 	0.0 	0.0 	0.0 	0.0 	0.02 	0.0 	0.0 	0.0 	0.01 	
38 	0.01 	0.0 	0.0 	0.0 	0.0 	0.0 	0.0 	0.0 	0.66 	0.0 	0.05 	0.0 	0.09 	0.06 	0.0 	0.0 	0.0 	0.02 	0.0 	0.1 	
39 	0.03 	0.0 	0.02 	0.05 	0.0 	0.0 	0.0 	0.8 	0.0 	0.0 	0.03 	0.02 	0.0 	0.0 	0.0 	0.05 	0.0 	0.0 	0.0 	0.0 	
40 	0.05 	0.02 	0.0 	0.01 	0.0 	0.02 	0.01 	0.74 	0.02 	0.0 	0.01 	0.02 	0.0 	0.02 	0.05 	0.02 	0.01 	0.0 	0.0 	0.01 	
41 	0.06 	0.15 	0.05 	0.03 	0.0 	0.01 	0.03 	0.01 	0.19 	0.01 	0.04 	0.04 	0.0 	0.02 	0.09 	0.05 	0.03 	0.08 	0.06 	0.06 	
42 	0.17 	0.04 	0.03 	0.04 	0.0 	0.01 	0.01 	0.48 	0.0 	0.01 	0.02 	0.01 	0.01 	0.01 	0.01 	0.08 	0.01 	0.0 	0.01 	0.03 	
43 	0.12 	0.05 	0.04 	0.19 	0.02 	0.0 	0.08 	0.08 	0.14 	0.03 	0.0 	0.08 	0.0 	0.0 	0.01 	0.05 	0.02 	0.0 	0.04 	0.04 	
44 	0.29 	0.02 	0.01 	0.07 	0.0 	0.0 	0.02 	0.0 	0.06 	0.07 	0.04 	0.04 	0.06 	0.06 	0.0 	0.03 	0.03 	0.0 	0.03 	0.18 	
45 	0.56 	0.02 	0.0 	0.0 	0.04 	0.02 	0.03 	0.0 	0.04 	0.0 	0.04 	0.01 	0.0 	0.01 	0.04 	0.07 	0.0 	0.0 	0.02 	0.09 	
46 	0.25 	0.07 	0.03 	0.03 	0.0 	0.06 	0.07 	0.08 	0.03 	0.02 	0.0 	0.04 	0.01 	0.0 	0.01 	0.25 	0.05 	0.0 	0.0 	0.0 	
47 	0.08 	0.04 	0.05 	0.04 	0.0 	0.04 	0.25 	0.02 	0.08 	0.0 	0.01 	0.12 	0.0 	0.05 	0.0 	0.0 	0.0 	0.0 	0.18 	0.02 	
48 	0.02 	0.01 	0.03 	0.0 	0.01 	0.01 	0.03 	0.0 	0.01 	0.07 	0.21 	0.01 	0.15 	0.18 	0.01 	0.02 	0.03 	0.01 	0.04 	0.12 	
49 	0.23 	0.03 	0.0 	0.02 	0.04 	0.05 	0.06 	0.04 	0.01 	0.0 	0.07 	0.09 	0.02 	0.03 	0.04 	0.12 	0.03 	0.0 	0.03 	0.09 	
50 	0.11 	0.1 	0.02 	0.03 	0.02 	0.01 	0.04 	0.06 	0.03 	0.07 	0.05 	0.15 	0.0 	0.0 	0.06 	0.09 	0.05 	0.0 	0.0 	0.13 	
51 	0.0 	0.12 	0.18 	0.02 	0.04 	0.08 	0.08 	0.02 	0.12 	0.01 	0.01 	0.16 	0.02 	0.01 	0.0 	0.05 	0.05 	0.01 	0.01 	0.01 	
52 	0.05 	0.02 	0.09 	0.05 	0.0 	0.0 	0.02 	0.0 	0.04 	0.08 	0.4 	0.02 	0.01 	0.03 	0.0 	0.0 	0.04 	0.0 	0.02 	0.12 	
53 	0.01 	0.0 	0.0 	0.0 	0.0 	0.0 	0.01 	0.0 	0.04 	0.08 	0.44 	0.0 	0.14 	0.17 	0.02 	0.02 	0.0 	0.0 	0.0 	0.05 	
54 	0.03 	0.07 	0.03 	0.1 	0.01 	0.02 	0.09 	0.13 	0.01 	0.02 	0.08 	0.04 	0.0 	0.03 	0.03 	0.22 	0.08 	0.01 	0.0 	0.01 	
55 	0.09 	0.08 	0.14 	0.04 	0.04 	0.05 	0.16 	0.01 	0.03 	0.01 	0.04 	0.11 	0.03 	0.02 	0.02 	0.08 	0.02 	0.0 	0.0 	0.04 	
56 	0.12 	0.02 	0.07 	0.02 	0.03 	0.01 	0.13 	0.05 	0.01 	0.1 	0.2 	0.05 	0.02 	0.02 	0.0 	0.05 	0.03 	0.0 	0.04 	0.04 	
57 	0.01 	0.03 	0.03 	0.01 	0.03 	0.0 	0.0 	0.03 	0.0 	0.1 	0.3 	0.02 	0.07 	0.1 	0.07 	0.01 	0.01 	0.11 	0.0 	0.07 	
58 	0.09 	0.08 	0.05 	0.02 	0.01 	0.03 	0.08 	0.03 	0.01 	0.04 	0.08 	0.12 	0.03 	0.01 	0.05 	0.1 	0.07 	0.0 	0.0 	0.1 	
59 	0.15 	0.04 	0.04 	0.04 	0.0 	0.06 	0.27 	0.03 	0.1 	0.0 	0.03 	0.1 	0.0 	0.01 	0.01 	0.05 	0.0 	0.0 	0.0 	0.06 	
60 	0.14 	0.0 	0.09 	0.05 	0.01 	0.02 	0.17 	0.03 	0.04 	0.02 	0.05 	0.09 	0.0 	0.02 	0.08 	0.14 	0.04 	0.0 	0.0 	0.01 	
61 	0.09 	0.03 	0.03 	0.13 	0.0 	0.06 	0.26 	0.05 	0.01 	0.01 	0.02 	0.05 	0.0 	0.03 	0.09 	0.08 	0.02 	0.0 	0.0 	0.03 	
62 	0.02 	0.02 	0.02 	0.12 	0.0 	0.03 	0.08 	0.03 	0.0 	0.13 	0.08 	0.03 	0.02 	0.14 	0.01 	0.06 	0.04 	0.01 	0.0 	0.16 	
63 	0.01 	0.19 	0.01 	0.19 	0.0 	0.02 	0.2 	0.01 	0.0 	0.03 	0.03 	0.15 	0.0 	0.01 	0.05 	0.03 	0.0 	0.03 	0.02 	0.01 	
64 	0.02 	0.05 	0.01 	0.15 	0.01 	0.06 	0.21 	0.03 	0.0 	0.01 	0.04 	0.1 	0.0 	0.02 	0.0 	0.08 	0.17 	0.0 	0.01 	0.03 	
65 	0.11 	0.01 	0.03 	0.08 	0.02 	0.02 	0.03 	0.12 	0.0 	0.0 	0.05 	0.14 	0.01 	0.03 	0.0 	0.08 	0.03 	0.17 	0.0 	0.06 	
66 	0.01 	0.02 	0.0 	0.04 	0.02 	0.0 	0.0 	0.01 	0.0 	0.1 	0.35 	0.01 	0.05 	0.15 	0.05 	0.0 	0.08 	0.02 	0.02 	0.07 	
67 	0.1 	0.1 	0.04 	0.1 	0.01 	0.05 	0.13 	0.04 	0.01 	0.03 	0.1 	0.11 	0.0 	0.04 	0.02 	0.04 	0.05 	0.0 	0.01 	0.02 	
68 	0.09 	0.12 	0.07 	0.03 	0.0 	0.09 	0.18 	0.02 	0.01 	0.02 	0.06 	0.17 	0.0 	0.01 	0.02 	0.09 	0.03 	0.0 	0.02 	0.0 	
69 	0.46 	0.02 	0.03 	0.01 	0.01 	0.04 	0.06 	0.03 	0.02 	0.02 	0.01 	0.0 	0.0 	0.0 	0.03 	0.09 	0.13 	0.0 	0.03 	0.02 	
70 	0.02 	0.0 	0.0 	0.0 	0.02 	0.01 	0.02 	0.0 	0.0 	0.21 	0.19 	0.0 	0.02 	0.22 	0.06 	0.01 	0.02 	0.0 	0.04 	0.15 	
71 	0.02 	0.19 	0.02 	0.02 	0.0 	0.05 	0.11 	0.02 	0.0 	0.04 	0.18 	0.16 	0.03 	0.03 	0.0 	0.03 	0.01 	0.0 	0.0 	0.09 	
72 	0.12 	0.1 	0.08 	0.06 	0.0 	0.11 	0.17 	0.02 	0.01 	0.03 	0.04 	0.05 	0.03 	0.0 	0.0 	0.1 	0.06 	0.0 	0.02 	0.01 	
73 	0.26 	0.0 	0.01 	0.03 	0.05 	0.0 	0.04 	0.1 	0.0 	0.1 	0.11 	0.02 	0.03 	0.02 	0.0 	0.05 	0.1 	0.0 	0.01 	0.07 	
74 	0.03 	0.03 	0.16 	0.23 	0.02 	0.0 	0.01 	0.0 	0.03 	0.02 	0.07 	0.0 	0.0 	0.21 	0.02 	0.03 	0.01 	0.01 	0.12 	0.01 	
75 	0.09 	0.11 	0.01 	0.03 	0.01 	0.06 	0.05 	0.04 	0.02 	0.02 	0.16 	0.15 	0.01 	0.02 	0.0 	0.1 	0.04 	0.0 	0.0 	0.08 	
76 	0.11 	0.14 	0.04 	0.04 	0.0 	0.06 	0.15 	0.0 	0.02 	0.02 	0.01 	0.21 	0.02 	0.03 	0.0 	0.09 	0.05 	0.0 	0.0 	0.02 	
77 	0.08 	0.01 	0.01 	0.02 	0.02 	0.01 	0.0 	0.0 	0.0 	0.13 	0.17 	0.01 	0.04 	0.1 	0.0 	0.03 	0.26 	0.0 	0.01 	0.08 	
78 	0.07 	0.02 	0.03 	0.19 	0.01 	0.01 	0.09 	0.0 	0.03 	0.02 	0.08 	0.02 	0.03 	0.06 	0.01 	0.11 	0.03 	0.01 	0.1 	0.08 	
79 	0.11 	0.05 	0.04 	0.09 	0.01 	0.09 	0.21 	0.04 	0.02 	0.01 	0.11 	0.11 	0.0 	0.0 	0.0 	0.09 	0.02 	0.0 	0.0 	0.02 	
80 	0.04 	0.09 	0.01 	0.05 	0.0 	0.08 	0.12 	0.01 	0.11 	0.03 	0.13 	0.08 	0.03 	0.09 	0.0 	0.02 	0.0 	0.02 	0.05 	0.03 	
81 	0.18 	0.05 	0.0 	0.01 	0.01 	0.02 	0.01 	0.06 	0.0 	0.04 	0.29 	0.02 	0.06 	0.07 	0.01 	0.01 	0.05 	0.02 	0.02 	0.07 	
82 	0.03 	0.06 	0.02 	0.1 	0.0 	0.15 	0.12 	0.05 	0.02 	0.01 	0.04 	0.16 	0.01 	0.02 	0.02 	0.1 	0.04 	0.0 	0.01 	0.03 	
83 	0.12 	0.06 	0.08 	0.13 	0.0 	0.06 	0.07 	0.01 	0.03 	0.05 	0.06 	0.06 	0.03 	0.01 	0.01 	0.12 	0.07 	0.0 	0.0 	0.03 	
84 	0.05 	0.05 	0.04 	0.09 	0.03 	0.05 	0.28 	0.06 	0.08 	0.0 	0.01 	0.12 	0.0 	0.02 	0.01 	0.05 	0.01 	0.01 	0.0 	0.04 	
85 	0.12 	0.05 	0.03 	0.06 	0.02 	0.02 	0.17 	0.04 	0.0 	0.04 	0.05 	0.04 	0.03 	0.0 	0.1 	0.11 	0.06 	0.01 	0.01 	0.06 	
86 	0.08 	0.05 	0.02 	0.23 	0.0 	0.05 	0.06 	0.01 	0.02 	0.02 	0.04 	0.02 	0.0 	0.06 	0.06 	0.05 	0.09 	0.03 	0.07 	0.06 	
87 	0.05 	0.07 	0.01 	0.04 	0.08 	0.02 	0.04 	0.14 	0.02 	0.03 	0.16 	0.06 	0.01 	0.03 	0.02 	0.07 	0.04 	0.0 	0.03 	0.08 	
88 	0.07 	0.04 	0.06 	0.08 	0.01 	0.03 	0.06 	0.28 	0.0 	0.01 	0.08 	0.01 	0.0 	0.0 	0.02 	0.19 	0.02 	0.0 	0.0 	0.02 	
89 	0.07 	0.05 	0.01 	0.04 	0.01 	0.01 	0.0 	0.42 	0.01 	0.0 	0.0 	0.03 	0.0 	0.01 	0.03 	0.19 	0.08 	0.0 	0.0 	0.03 	
90 	0.02 	0.0 	0.0 	0.02 	0.19 	0.0 	0.01 	0.11 	0.0 	0.0 	0.02 	0.0 	0.06 	0.0 	0.0 	0.29 	0.21 	0.0 	0.0 	0.05 	
91 	0.11 	0.0 	0.0 	0.0 	0.11 	0.0 	0.0 	0.42 	0.0 	0.0 	0.0 	0.0 	0.0 	0.0 	0.0 	0.1 	0.23 	0.0 	0.0 	0.01 	
92 	0.19 	0.0 	0.0 	0.0 	0.01 	0.0 	0.0 	0.02 	0.0 	0.0 	0.08 	0.0 	0.0 	0.0 	0.0 	0.19 	0.33 	0.0 	0.0 	0.14 	
93 	0.11 	0.0 	0.02 	0.0 	0.02 	0.0 	0.02 	0.0 	0.0 	0.03 	0.03 	0.01 	0.0 	0.01 	0.0 	0.05 	0.64 	0.0 	0.0 	0.06 	
94 	0.5 	0.0 	0.0 	0.02 	0.07 	0.0 	0.0 	0.06 	0.0 	0.03 	0.06 	0.0 	0.0 	0.05 	0.01 	0.04 	0.05 	0.0 	0.0 	0.1 	
95 	0.09 	0.0 	0.0 	0.0 	0.01 	0.0 	0.0 	0.0 	0.0 	0.06 	0.24 	0.0 	0.02 	0.0 	0.0 	0.02 	0.06 	0.0 	0.0 	0.49 	
96 	0.14 	0.0 	0.0 	0.02 	0.11 	0.0 	0.0 	0.01 	0.0 	0.08 	0.21 	0.0 	0.02 	0.0 	0.0 	0.03 	0.13 	0.0 	0.0 	0.24 	
97 	0.31 	0.01 	0.0 	0.0 	0.05 	0.0 	0.0 	0.03 	0.0 	0.15 	0.11 	0.0 	0.02 	0.02 	0.0 	0.03 	0.02 	0.01 	0.02 	0.2 	
98 	0.03 	0.02 	0.01 	0.03 	0.01 	0.01 	0.01 	0.03 	0.02 	0.18 	0.24 	0.02 	0.04 	0.06 	0.01 	0.03 	0.01 	0.04 	0.03 	0.19 	
99 	0.04 	0.03 	0.03 	0.1 	0.0 	0.02 	0.08 	0.04 	0.02 	0.14 	0.15 	0.07 	0.0 	0.05 	0.03 	0.05 	0.02 	0.0 	0.01 	0.1 	
100 	0.06 	0.12 	0.01 	0.04 	0.02 	0.05 	0.02 	0.09 	0.03 	0.1 	0.1 	0.03 	0.03 	0.04 	0.05 	0.06 	0.06 	0.02 	0.02 	0.06 	
101 	0.02 	0.08 	0.07 	0.13 	0.0 	0.07 	0.05 	0.22 	0.03 	0.01 	0.01 	0.06 	0.0 	0.01 	0.04 	0.17 	0.03 	0.0 	0.0 	0.01 	
102 	0.02 	0.12 	0.05 	0.09 	0.01 	0.08 	0.1 	0.18 	0.03 	0.01 	0.01 	0.13 	0.0 	0.01 	0.04 	0.07 	0.01 	0.0 	0.01 	0.02 	
103 	0.06 	0.04 	0.15 	0.08 	0.0 	0.02 	0.04 	0.14 	0.02 	0.05 	0.06 	0.05 	0.0 	0.04 	0.02 	0.1 	0.06 	0.02 	0.01 	0.03 	
104 	0.04 	0.07 	0.04 	0.07 	0.0 	0.09 	0.07 	0.03 	0.09 	0.05 	0.03 	0.14 	0.02 	0.02 	0.01 	0.07 	0.07 	0.0 	0.01 	0.08 	
105 	0.02 	0.0 	0.0 	0.0 	0.03 	0.0 	0.0 	0.0 	0.0 	0.13 	0.62 	0.0 	0.03 	0.0 	0.01 	0.01 	0.01 	0.02 	0.0 	0.12 	
106 	0.03 	0.0 	0.0 	0.0 	0.0 	0.05 	0.01 	0.01 	0.04 	0.11 	0.07 	0.04 	0.02 	0.05 	0.0 	0.01 	0.09 	0.03 	0.25 	0.2 	
107 	0.0 	0.0 	0.0 	0.0 	0.04 	0.0 	0.0 	0.0 	0.0 	0.16 	0.04 	0.0 	0.01 	0.06 	0.0 	0.01 	0.06 	0.0 	0.03 	0.6 	
108 	0.76 	0.0 	0.0 	0.0 	0.0 	0.0 	0.0 	0.08 	0.0 	0.03 	0.02 	0.0 	0.0 	0.01 	0.0 	0.06 	0.0 	0.02 	0.0 	0.02 	
109 	0.0 	0.0 	0.75 	0.0 	0.01 	0.0 	0.0 	0.0 	0.07 	0.0 	0.0 	0.02 	0.0 	0.0 	0.0 	0.09 	0.0 	0.05 	0.0 	0.0 	
110 	0.23 	0.0 	0.0 	0.0 	0.08 	0.0 	0.0 	0.0 	0.0 	0.12 	0.15 	0.0 	0.0 	0.0 	0.0 	0.01 	0.01 	0.0 	0.0 	0.39 	
111 	0.0 	0.0 	0.0 	0.0 	0.0 	0.0 	0.0 	1.0 	0.0 	0.0 	0.0 	0.0 	0.0 	0.0 	0.0 	0.0 	0.0 	0.0 	0.0 	0.0 	
112 	0.0 	0.0 	0.0 	0.95 	0.0 	0.0 	0.0 	0.0 	0.0 	0.0 	0.0 	0.02 	0.0 	0.0 	0.0 	0.02 	0.01 	0.0 	0.0 	0.0 	
113 	0.04 	0.0 	0.0 	0.0 	0.17 	0.0 	0.0 	0.0 	0.01 	0.0 	0.0 	0.0 	0.0 	0.0 	0.0 	0.73 	0.03 	0.0 	0.0 	0.01 	
114 	0.01 	0.73 	0.0 	0.0 	0.02 	0.07 	0.01 	0.06 	0.0 	0.0 	0.02 	0.01 	0.01 	0.0 	0.04 	0.01 	0.01 	0.01 	0.0 	0.0 	
115 	0.56 	0.0 	0.0 	0.0 	0.13 	0.0 	0.0 	0.05 	0.0 	0.04 	0.03 	0.0 	0.0 	0.03 	0.0 	0.03 	0.06 	0.0 	0.01 	0.06 	
116 	0.0 	0.0 	0.0 	0.0 	0.0 	0.0 	0.0 	0.02 	0.0 	0.12 	0.05 	0.01 	0.03 	0.05 	0.0 	0.0 	0.0 	0.0 	0.07 	0.65 	
117 	0.02 	0.01 	0.0 	0.0 	0.0 	0.0 	0.0 	0.0 	0.0 	0.09 	0.68 	0.0 	0.07 	0.0 	0.0 	0.01 	0.0 	0.0 	0.0 	0.12 	
118 	0.06 	0.0 	0.01 	0.01 	0.28 	0.0 	0.02 	0.08 	0.01 	0.06 	0.08 	0.02 	0.01 	0.02 	0.0 	0.27 	0.02 	0.0 	0.01 	0.04 	
119 	0.02 	0.57 	0.02 	0.0 	0.01 	0.08 	0.03 	0.0 	0.01 	0.01 	0.01 	0.11 	0.01 	0.01 	0.0 	0.04 	0.04 	0.0 	0.01 	0.03 	
120 	0.09 	0.07 	0.22 	0.11 	0.01 	0.02 	0.06 	0.21 	0.01 	0.0 	0.0 	0.08 	0.01 	0.0 	0.0 	0.06 	0.0 	0.0 	0.01 	0.02 	
121 	0.01 	0.01 	0.06 	0.05 	0.0 	0.01 	0.02 	0.73 	0.0 	0.01 	0.0 	0.03 	0.01 	0.0 	0.0 	0.06 	0.0 	0.0 	0.02 	0.01 	
122 	0.04 	0.07 	0.03 	0.05 	0.0 	0.14 	0.12 	0.03 	0.03 	0.01 	0.01 	0.22 	0.01 	0.0 	0.0 	0.06 	0.06 	0.0 	0.0 	0.11 	
123 	0.43 	0.0 	0.01 	0.0 	0.01 	0.0 	0.01 	0.0 	0.0 	0.04 	0.04 	0.0 	0.01 	0.04 	0.15 	0.04 	0.05 	0.0 	0.03 	0.12 	
124 	0.04 	0.02 	0.02 	0.0 	0.01 	0.01 	0.05 	0.0 	0.04 	0.17 	0.09 	0.09 	0.07 	0.03 	0.0 	0.05 	0.05 	0.0 	0.05 	0.21 	
125 	0.12 	0.02 	0.02 	0.07 	0.0 	0.24 	0.09 	0.01 	0.06 	0.0 	0.04 	0.06 	0.01 	0.07 	0.13 	0.02 	0.02 	0.0 	0.01 	0.0 	
126 	0.02 	0.04 	0.0 	0.0 	0.01 	0.01 	0.0 	0.0 	0.0 	0.05 	0.65 	0.0 	0.13 	0.01 	0.0 	0.02 	0.0 	0.0 	0.0 	0.05 	
127 	0.01 	0.0 	0.01 	0.0 	0.0 	0.0 	0.0 	0.0 	0.0 	0.02 	0.01 	0.0 	0.02 	0.0 	0.0 	0.49 	0.4 	0.0 	0.0 	0.0 	
128 	0.07 	0.08 	0.03 	0.05 	0.0 	0.02 	0.12 	0.02 	0.01 	0.06 	0.02 	0.16 	0.0 	0.04 	0.01 	0.09 	0.04 	0.0 	0.04 	0.15 	
129 	0.01 	0.0 	0.04 	0.68 	0.0 	0.0 	0.08 	0.01 	0.0 	0.0 	0.02 	0.04 	0.0 	0.02 	0.03 	0.02 	0.0 	0.0 	0.01 	0.02 	
130 	0.0 	0.01 	0.0 	0.01 	0.0 	0.05 	0.0 	0.0 	0.78 	0.0 	0.01 	0.02 	0.0 	0.03 	0.02 	0.01 	0.0 	0.0 	0.02 	0.0 	
131 	0.0 	0.15 	0.11 	0.03 	0.0 	0.03 	0.05 	0.01 	0.02 	0.0 	0.01 	0.29 	0.0 	0.0 	0.01 	0.12 	0.14 	0.0 	0.0 	0.01 	
132 	0.08 	0.03 	0.0 	0.01 	0.03 	0.01 	0.07 	0.0 	0.03 	0.0 	0.15 	0.0 	0.01 	0.05 	0.42 	0.03 	0.01 	0.0 	0.0 	0.07 	
133 	0.1 	0.01 	0.07 	0.16 	0.01 	0.0 	0.15 	0.02 	0.02 	0.03 	0.02 	0.0 	0.01 	0.01 	0.06 	0.12 	0.05 	0.0 	0.05 	0.09 	
134 	0.03 	0.22 	0.14 	0.08 	0.02 	0.07 	0.07 	0.04 	0.02 	0.03 	0.03 	0.03 	0.01 	0.08 	0.0 	0.08 	0.02 	0.0 	0.03 	0.01 	
135 	0.02 	0.04 	0.07 	0.09 	0.0 	0.07 	0.42 	0.0 	0.0 	0.02 	0.02 	0.07 	0.0 	0.0 	0.07 	0.05 	0.03 	0.0 	0.01 	0.0 	
136 	0.08 	0.11 	0.01 	0.19 	0.01 	0.02 	0.09 	0.02 	0.0 	0.04 	0.17 	0.06 	0.03 	0.0 	0.04 	0.05 	0.03 	0.0 	0.0 	0.06 	
137 	0.03 	0.01 	0.0 	0.03 	0.01 	0.02 	0.47 	0.01 	0.01 	0.07 	0.06 	0.03 	0.01 	0.0 	0.04 	0.03 	0.0 	0.0 	0.01 	0.13 	
138 	0.03 	0.45 	0.03 	0.04 	0.0 	0.03 	0.09 	0.01 	0.01 	0.0 	0.01 	0.21 	0.01 	0.03 	0.0 	0.01 	0.01 	0.0 	0.03 	0.01 	
139 	0.19 	0.03 	0.07 	0.03 	0.0 	0.07 	0.15 	0.04 	0.02 	0.09 	0.02 	0.06 	0.06 	0.0 	0.0 	0.06 	0.04 	0.0 	0.0 	0.05 	
140 	0.05 	0.01 	0.03 	0.03 	0.01 	0.05 	0.06 	0.53 	0.01 	0.02 	0.05 	0.04 	0.01 	0.01 	0.02 	0.01 	0.02 	0.0 	0.01 	0.03 	
141 	0.03 	0.3 	0.01 	0.01 	0.0 	0.08 	0.1 	0.13 	0.02 	0.01 	0.01 	0.04 	0.0 	0.12 	0.0 	0.05 	0.01 	0.01 	0.05 	0.02 	
142 	0.05 	0.02 	0.03 	0.01 	0.01 	0.0 	0.0 	0.0 	0.0 	0.26 	0.1 	0.02 	0.01 	0.04 	0.0 	0.01 	0.02 	0.01 	0.0 	0.42 	
143 	0.06 	0.02 	0.03 	0.03 	0.02 	0.04 	0.05 	0.03 	0.02 	0.1 	0.03 	0.07 	0.02 	0.02 	0.04 	0.14 	0.18 	0.0 	0.0 	0.11 	
144 	0.04 	0.14 	0.11 	0.05 	0.01 	0.04 	0.05 	0.06 	0.02 	0.02 	0.03 	0.11 	0.02 	0.01 	0.16 	0.03 	0.02 	0.01 	0.02 	0.05 	
145 	0.13 	0.04 	0.02 	0.06 	0.04 	0.04 	0.14 	0.06 	0.04 	0.0 	0.06 	0.01 	0.04 	0.07 	0.03 	0.05 	0.01 	0.1 	0.03 	0.05 	
146 	0.05 	0.05 	0.07 	0.17 	0.0 	0.06 	0.12 	0.14 	0.02 	0.04 	0.11 	0.04 	0.01 	0.01 	0.03 	0.01 	0.0 	0.0 	0.0 	0.05 	
147 	0.19 	0.02 	0.01 	0.05 	0.02 	0.01 	0.03 	0.47 	0.0 	0.02 	0.04 	0.03 	0.01 	0.0 	0.01 	0.05 	0.02 	0.0 	0.01 	0.01 	
148 	0.1 	0.05 	0.01 	0.09 	0.0 	0.07 	0.11 	0.02 	0.04 	0.03 	0.04 	0.02 	0.08 	0.04 	0.02 	0.07 	0.08 	0.02 	0.02 	0.07 	
149 	0.04 	0.05 	0.09 	0.01 	0.02 	0.0 	0.0 	0.06 	0.03 	0.05 	0.09 	0.0 	0.0 	0.0 	0.03 	0.1 	0.03 	0.27 	0.03 	0.09 	
150 	0.06 	0.39 	0.03 	0.04 	0.0 	0.02 	0.02 	0.02 	0.11 	0.02 	0.05 	0.0 	0.02 	0.01 	0.02 	0.04 	0.04 	0.02 	0.04 	0.04 	
151 	0.05 	0.01 	0.01 	0.01 	0.0 	0.0 	0.03 	0.04 	0.0 	0.1 	0.09 	0.02 	0.01 	0.01 	0.26 	0.01 	0.0 	0.0 	0.02 	0.31 	
152 	0.04 	0.07 	0.17 	0.08 	0.0 	0.15 	0.05 	0.13 	0.0 	0.01 	0.04 	0.08 	0.0 	0.05 	0.0 	0.06 	0.01 	0.0 	0.01 	0.02 	
153 	0.01 	0.14 	0.05 	0.03 	0.01 	0.01 	0.04 	0.47 	0.01 	0.0 	0.04 	0.07 	0.01 	0.0 	0.0 	0.01 	0.01 	0.0 	0.01 	0.06 	
154 	0.06 	0.03 	0.12 	0.07 	0.01 	0.01 	0.01 	0.06 	0.03 	0.06 	0.16 	0.04 	0.02 	0.0 	0.0 	0.16 	0.04 	0.01 	0.04 	0.07 	
155 	0.09 	0.02 	0.01 	0.0 	0.05 	0.01 	0.02 	0.0 	0.0 	0.11 	0.33 	0.03 	0.03 	0.05 	0.01 	0.02 	0.0 	0.0 	0.03 	0.18 	
156 	0.21 	0.02 	0.0 	0.0 	0.04 	0.0 	0.02 	0.05 	0.0 	0.06 	0.28 	0.0 	0.06 	0.02 	0.0 	0.02 	0.02 	0.0 	0.0 	0.18 	
157 	0.1 	0.0 	0.01 	0.03 	0.01 	0.02 	0.0 	0.01 	0.0 	0.02 	0.07 	0.0 	0.04 	0.03 	0.0 	0.25 	0.22 	0.03 	0.0 	0.14 	
158 	0.01 	0.59 	0.04 	0.02 	0.01 	0.03 	0.02 	0.02 	0.0 	0.0 	0.01 	0.09 	0.04 	0.02 	0.01 	0.03 	0.0 	0.0 	0.0 	0.06 	
159 	0.33 	0.01 	0.02 	0.03 	0.0 	0.0 	0.02 	0.02 	0.0 	0.02 	0.02 	0.01 	0.03 	0.0 	0.02 	0.41 	0.03 	0.0 	0.0 	0.0 	
160 	0.0 	0.1 	0.0 	0.0 	0.0 	0.0 	0.04 	0.02 	0.01 	0.29 	0.33 	0.02 	0.0 	0.11 	0.01 	0.01 	0.0 	0.0 	0.03 	0.03 	
161 	0.06 	0.0 	0.01 	0.02 	0.0 	0.0 	0.01 	0.72 	0.01 	0.0 	0.03 	0.04 	0.0 	0.0 	0.0 	0.04 	0.02 	0.0 	0.0 	0.01 	
162 	0.02 	0.01 	0.03 	0.16 	0.04 	0.12 	0.01 	0.02 	0.01 	0.1 	0.1 	0.03 	0.02 	0.05 	0.02 	0.07 	0.06 	0.0 	0.04 	0.1 	
163 	0.07 	0.01 	0.04 	0.07 	0.0 	0.0 	0.1 	0.25 	0.06 	0.07 	0.03 	0.15 	0.01 	0.02 	0.01 	0.02 	0.03 	0.01 	0.01 	0.03 	
164 	0.02 	0.04 	0.03 	0.13 	0.0 	0.07 	0.1 	0.04 	0.04 	0.02 	0.04 	0.01 	0.01 	0.02 	0.23 	0.09 	0.02 	0.0 	0.02 	0.06 	
165 	0.01 	0.04 	0.02 	0.0 	0.01 	0.03 	0.07 	0.02 	0.1 	0.03 	0.16 	0.08 	0.03 	0.06 	0.08 	0.1 	0.03 	0.0 	0.1 	0.02 	
166 	0.15 	0.03 	0.01 	0.02 	0.03 	0.0 	0.03 	0.0 	0.0 	0.14 	0.15 	0.08 	0.01 	0.05 	0.02 	0.06 	0.01 	0.0 	0.01 	0.19 	
167 	0.06 	0.06 	0.03 	0.06 	0.0 	0.06 	0.3 	0.03 	0.0 	0.03 	0.06 	0.07 	0.01 	0.0 	0.04 	0.11 	0.02 	0.0 	0.0 	0.05 	
168 	0.09 	0.0 	0.0 	0.0 	0.0 	0.03 	0.02 	0.0 	0.01 	0.01 	0.0 	0.04 	0.0 	0.0 	0.67 	0.03 	0.0 	0.0 	0.03 	0.05 	
169 	0.04 	0.0 	0.01 	0.36 	0.01 	0.03 	0.27 	0.02 	0.03 	0.02 	0.0 	0.02 	0.0 	0.01 	0.01 	0.07 	0.04 	0.0 	0.02 	0.05 	
170 	0.03 	0.0 	0.0 	0.01 	0.0 	0.03 	0.04 	0.02 	0.02 	0.21 	0.07 	0.01 	0.0 	0.07 	0.1 	0.04 	0.12 	0.0 	0.02 	0.23 	
171 	0.03 	0.07 	0.03 	0.01 	0.01 	0.09 	0.03 	0.05 	0.04 	0.05 	0.05 	0.09 	0.02 	0.07 	0.0 	0.11 	0.15 	0.0 	0.05 	0.06 	
172 	0.05 	0.05 	0.02 	0.03 	0.02 	0.04 	0.06 	0.02 	0.04 	0.07 	0.05 	0.03 	0.06 	0.02 	0.01 	0.12 	0.12 	0.0 	0.0 	0.21 	
173 	0.02 	0.11 	0.0 	0.03 	0.02 	0.01 	0.06 	0.0 	0.06 	0.13 	0.05 	0.06 	0.02 	0.06 	0.01 	0.01 	0.11 	0.01 	0.02 	0.2 	
174 	0.02 	0.04 	0.02 	0.14 	0.01 	0.13 	0.12 	0.01 	0.01 	0.07 	0.05 	0.06 	0.0 	0.0 	0.1 	0.05 	0.09 	0.0 	0.0 	0.08 	
175 	0.06 	0.03 	0.0 	0.02 	0.04 	0.01 	0.02 	0.01 	0.01 	0.17 	0.4 	0.0 	0.0 	0.03 	0.02 	0.01 	0.06 	0.0 	0.0 	0.11 	
176 	0.04 	0.04 	0.03 	0.09 	0.0 	0.1 	0.2 	0.06 	0.03 	0.0 	0.01 	0.09 	0.0 	0.0 	0.0 	0.11 	0.17 	0.0 	0.01 	0.02 	
177 	0.13 	0.03 	0.01 	0.13 	0.01 	0.05 	0.09 	0.02 	0.03 	0.01 	0.03 	0.06 	0.0 	0.0 	0.23 	0.12 	0.04 	0.0 	0.02 	0.0 	
178 	0.04 	0.01 	0.03 	0.28 	0.02 	0.07 	0.07 	0.17 	0.04 	0.0 	0.03 	0.06 	0.01 	0.0 	0.01 	0.08 	0.06 	0.02 	0.0 	0.01 	
179 	0.0 	0.01 	0.02 	0.56 	0.0 	0.02 	0.32 	0.05 	0.0 	0.0 	0.0 	0.0 	0.0 	0.0 	0.0 	0.0 	0.0 	0.0 	0.0 	0.0 	
180 	0.0 	0.07 	0.0 	0.0 	0.03 	0.01 	0.02 	0.0 	0.01 	0.03 	0.08 	0.01 	0.01 	0.61 	0.0 	0.0 	0.02 	0.0 	0.06 	0.02 	
181 	0.01 	0.0 	0.0 	0.0 	0.0 	0.0 	0.0 	0.0 	0.0 	0.16 	0.56 	0.0 	0.05 	0.05 	0.0 	0.0 	0.0 	0.0 	0.01 	0.14 	
182 	0.0 	0.0 	0.0 	0.0 	0.0 	0.0 	0.0 	0.0 	0.0 	0.52 	0.23 	0.0 	0.0 	0.0 	0.0 	0.0 	0.0 	0.0 	0.0 	0.23 	
183 	0.0 	0.0 	0.0 	0.0 	0.0 	0.0 	0.0 	0.0 	0.0 	0.21 	0.59 	0.0 	0.09 	0.03 	0.0 	0.0 	0.01 	0.0 	0.0 	0.04 	
184 	0.68 	0.0 	0.01 	0.0 	0.07 	0.0 	0.0 	0.15 	0.0 	0.0 	0.0 	0.0 	0.02 	0.0 	0.0 	0.03 	0.02 	0.0 	0.0 	0.0 	
185 	0.0 	0.0 	0.03 	0.0 	0.26 	0.0 	0.0 	0.0 	0.0 	0.0 	0.0 	0.0 	0.0 	0.0 	0.0 	0.53 	0.16 	0.0 	0.0 	0.0 	
186 	0.0 	0.02 	0.02 	0.85 	0.0 	0.0 	0.01 	0.0 	0.04 	0.0 	0.0 	0.05 	0.0 	0.0 	0.01 	0.0 	0.0 	0.0 	0.0 	0.0 	
187 	0.01 	0.0 	0.0 	0.0 	0.0 	0.0 	0.01 	0.94 	0.0 	0.0 	0.0 	0.01 	0.0 	0.0 	0.0 	0.0 	0.02 	0.0 	0.0 	0.0 	
188 	0.0 	0.02 	0.0 	0.0 	0.0 	0.0 	0.0 	0.0 	0.0 	0.23 	0.55 	0.0 	0.0 	0.02 	0.0 	0.0 	0.0 	0.0 	0.0 	0.17 	
189 	0.0 	0.0 	0.02 	0.0 	0.0 	0.0 	0.0 	0.0 	0.0 	0.0 	0.02 	0.0 	0.0 	0.14 	0.0 	0.02 	0.04 	0.72 	0.04 	0.0 	
190 	0.04 	0.0 	0.09 	0.61 	0.02 	0.02 	0.15 	0.0 	0.0 	0.0 	0.0 	0.06 	0.0 	0.02 	0.0 	0.0 	0.0 	0.0 	0.0 	0.0 	
191 	0.05 	0.0 	0.08 	0.01 	0.04 	0.01 	0.0 	0.04 	0.05 	0.01 	0.0 	0.06 	0.06 	0.04 	0.01 	0.03 	0.03 	0.0 	0.06 	0.43 	
192 	0.01 	0.0 	0.01 	0.0 	0.0 	0.0 	0.0 	0.0 	0.0 	0.07 	0.25 	0.01 	0.26 	0.07 	0.02 	0.0 	0.02 	0.01 	0.0 	0.27 	
193 	0.02 	0.06 	0.07 	0.06 	0.0 	0.0 	0.05 	0.02 	0.0 	0.0 	0.0 	0.05 	0.01 	0.01 	0.09 	0.45 	0.12 	0.0 	0.0 	0.0 	
194 	0.01 	0.0 	0.38 	0.06 	0.0 	0.0 	0.06 	0.04 	0.06 	0.01 	0.0 	0.01 	0.0 	0.01 	0.07 	0.21 	0.01 	0.0 	0.05 	0.01 	
195 	0.02 	0.01 	0.03 	0.06 	0.0 	0.4 	0.27 	0.0 	0.03 	0.02 	0.0 	0.02 	0.0 	0.0 	0.0 	0.06 	0.03 	0.0 	0.01 	0.02 	
196 	0.03 	0.01 	0.04 	0.1 	0.03 	0.05 	0.5 	0.03 	0.02 	0.0 	0.04 	0.01 	0.06 	0.0 	0.0 	0.0 	0.05 	0.0 	0.01 	0.03 	
197 	0.5 	0.0 	0.02 	0.03 	0.01 	0.0 	0.0 	0.0 	0.0 	0.12 	0.1 	0.0 	0.01 	0.03 	0.0 	0.0 	0.0 	0.0 	0.0 	0.18 	
198 	0.04 	0.01 	0.0 	0.0 	0.12 	0.0 	0.02 	0.0 	0.02 	0.07 	0.11 	0.01 	0.01 	0.02 	0.01 	0.0 	0.01 	0.01 	0.03 	0.53 	
199 	0.04 	0.01 	0.07 	0.4 	0.0 	0.06 	0.19 	0.07 	0.0 	0.0 	0.0 	0.04 	0.0 	0.0 	0.0 	0.08 	0.02 	0.0 	0.0 	0.0 	
200 	0.09 	0.0 	0.0 	0.0 	0.03 	0.02 	0.01 	0.0 	0.0 	0.31 	0.23 	0.01 	0.04 	0.15 	0.0 	0.0 	0.01 	0.0 	0.01 	0.09 	
201 	0.19 	0.02 	0.0 	0.0 	0.03 	0.0 	0.01 	0.0 	0.0 	0.11 	0.11 	0.06 	0.01 	0.0 	0.0 	0.03 	0.01 	0.0 	0.0 	0.42 	
202 	0.04 	0.38 	0.02 	0.01 	0.0 	0.11 	0.03 	0.01 	0.02 	0.0 	0.03 	0.14 	0.0 	0.01 	0.0 	0.06 	0.12 	0.01 	0.0 	0.0 	
203 	0.07 	0.08 	0.09 	0.02 	0.03 	0.02 	0.03 	0.07 	0.02 	0.05 	0.0 	0.17 	0.0 	0.01 	0.0 	0.25 	0.06 	0.0 	0.01 	0.03 	
204 	0.05 	0.01 	0.06 	0.06 	0.02 	0.08 	0.08 	0.09 	0.05 	0.0 	0.08 	0.13 	0.01 	0.03 	0.13 	0.06 	0.04 	0.0 	0.0 	0.02 	
205 	0.05 	0.03 	0.06 	0.34 	0.0 	0.04 	0.1 	0.01 	0.03 	0.04 	0.05 	0.02 	0.01 	0.0 	0.07 	0.12 	0.02 	0.0 	0.0 	0.03 	
206 	0.12 	0.09 	0.0 	0.01 	0.01 	0.0 	0.02 	0.05 	0.0 	0.04 	0.17 	0.02 	0.0 	0.0 	0.31 	0.05 	0.03 	0.0 	0.02 	0.06 	
207 	0.12 	0.04 	0.04 	0.04 	0.0 	0.19 	0.17 	0.01 	0.01 	0.0 	0.08 	0.09 	0.06 	0.01 	0.01 	0.08 	0.02 	0.0 	0.0 	0.02 	
208 	0.18 	0.07 	0.02 	0.02 	0.0 	0.05 	0.24 	0.05 	0.01 	0.02 	0.06 	0.08 	0.02 	0.01 	0.0 	0.07 	0.05 	0.0 	0.0 	0.05 	
209 	0.47 	0.02 	0.0 	0.01 	0.07 	0.01 	0.0 	0.01 	0.0 	0.13 	0.03 	0.05 	0.01 	0.0 	0.03 	0.05 	0.03 	0.0 	0.0 	0.09 	
210 	0.51 	0.0 	0.01 	0.0 	0.19 	0.0 	0.04 	0.01 	0.0 	0.0 	0.0 	0.0 	0.0 	0.0 	0.0 	0.14 	0.02 	0.0 	0.0 	0.08 	
211 	0.02 	0.17 	0.08 	0.05 	0.0 	0.06 	0.19 	0.01 	0.03 	0.0 	0.01 	0.26 	0.02 	0.01 	0.01 	0.03 	0.05 	0.0 	0.0 	0.01 	
212 	0.04 	0.18 	0.02 	0.0 	0.02 	0.07 	0.19 	0.0 	0.02 	0.0 	0.07 	0.23 	0.01 	0.02 	0.0 	0.06 	0.01 	0.01 	0.03 	0.02 	
213 	0.0 	0.03 	0.0 	0.0 	0.0 	0.0 	0.01 	0.0 	0.0 	0.08 	0.71 	0.01 	0.02 	0.03 	0.0 	0.0 	0.0 	0.0 	0.0 	0.12 	
214 	0.13 	0.03 	0.0 	0.0 	0.05 	0.02 	0.0 	0.02 	0.0 	0.09 	0.11 	0.01 	0.03 	0.01 	0.01 	0.03 	0.08 	0.0 	0.01 	0.37 	
215 	0.05 	0.06 	0.03 	0.25 	0.0 	0.08 	0.24 	0.01 	0.0 	0.0 	0.01 	0.15 	0.03 	0.0 	0.0 	0.01 	0.07 	0.0 	0.0 	0.0 	
216 	0.08 	0.04 	0.01 	0.01 	0.01 	0.07 	0.23 	0.0 	0.01 	0.02 	0.16 	0.09 	0.02 	0.04 	0.0 	0.01 	0.09 	0.0 	0.03 	0.07 	
217 	0.75 	0.0 	0.0 	0.0 	0.07 	0.0 	0.03 	0.01 	0.0 	0.02 	0.0 	0.0 	0.01 	0.0 	0.0 	0.09 	0.01 	0.0 	0.0 	0.01 	
218 	0.04 	0.07 	0.09 	0.0 	0.0 	0.04 	0.0 	0.03 	0.0 	0.21 	0.28 	0.01 	0.0 	0.02 	0.0 	0.04 	0.02 	0.0 	0.03 	0.11 	
219 	0.1 	0.1 	0.03 	0.09 	0.01 	0.17 	0.05 	0.02 	0.03 	0.0 	0.03 	0.08 	0.0 	0.0 	0.01 	0.18 	0.07 	0.0 	0.01 	0.02 	
220 	0.06 	0.43 	0.04 	0.0 	0.0 	0.01 	0.02 	0.1 	0.0 	0.01 	0.03 	0.07 	0.03 	0.0 	0.0 	0.04 	0.02 	0.0 	0.14 	0.01 	
221 	0.05 	0.05 	0.03 	0.02 	0.0 	0.03 	0.02 	0.56 	0.0 	0.03 	0.03 	0.07 	0.0 	0.0 	0.0 	0.05 	0.05 	0.01 	0.0 	0.0 	
222 	0.06 	0.0 	0.0 	0.0 	0.07 	0.0 	0.0 	0.25 	0.0 	0.0 	0.02 	0.03 	0.0 	0.0 	0.0 	0.46 	0.1 	0.0 	0.0 	0.0 	
223 	0.06 	0.06 	0.04 	0.01 	0.1 	0.03 	0.14 	0.03 	0.04 	0.02 	0.09 	0.17 	0.02 	0.04 	0.02 	0.08 	0.08 	0.0 	0.0 	0.0 	
224 	0.0 	0.0 	0.02 	0.94 	0.0 	0.0 	0.02 	0.0 	0.0 	0.0 	0.0 	0.0 	0.0 	0.0 	0.0 	0.01 	0.0 	0.0 	0.0 	0.01 	
225 	0.0 	0.0 	0.67 	0.26 	0.0 	0.0 	0.0 	0.0 	0.0 	0.0 	0.0 	0.02 	0.0 	0.0 	0.0 	0.05 	0.0 	0.0 	0.0 	0.0 	
226 	0.01 	0.0 	0.0 	0.0 	0.02 	0.0 	0.0 	0.0 	0.0 	0.49 	0.07 	0.0 	0.19 	0.0 	0.0 	0.04 	0.09 	0.0 	0.0 	0.09 	
227 	0.01 	0.0 	0.0 	0.0 	0.0 	0.0 	0.0 	0.01 	0.0 	0.0 	0.02 	0.0 	0.02 	0.0 	0.0 	0.32 	0.62 	0.0 	0.0 	0.0 	
228 	0.16 	0.0 	0.0 	0.0 	0.21 	0.0 	0.0 	0.0 	0.0 	0.13 	0.02 	0.0 	0.01 	0.0 	0.0 	0.0 	0.01 	0.0 	0.0 	0.44 	
229 	0.03 	0.0 	0.02 	0.0 	0.02 	0.0 	0.0 	0.0 	0.0 	0.35 	0.05 	0.0 	0.16 	0.0 	0.0 	0.01 	0.0 	0.0 	0.0 	0.37 	
230 	0.0 	0.0 	0.0 	0.0 	0.05 	0.0 	0.0 	0.0 	0.0 	0.13 	0.23 	0.0 	0.02 	0.0 	0.0 	0.0 	0.0 	0.0 	0.01 	0.55 	
231 	0.03 	0.0 	0.0 	0.0 	0.0 	0.0 	0.0 	0.0 	0.0 	0.24 	0.07 	0.0 	0.0 	0.0 	0.0 	0.0 	0.0 	0.0 	0.0 	0.66 	
232 	0.04 	0.09 	0.05 	0.2 	0.03 	0.12 	0.03 	0.01 	0.0 	0.01 	0.0 	0.08 	0.0 	0.09 	0.09 	0.12 	0.01 	0.0 	0.04 	0.0 	
233 	0.0 	0.01 	0.0 	0.0 	0.0 	0.0 	0.0 	0.0 	0.0 	0.1 	0.52 	0.0 	0.02 	0.29 	0.0 	0.0 	0.0 	0.0 	0.0 	0.07 	
234 	0.0 	0.0 	0.26 	0.26 	0.0 	0.0 	0.0 	0.42 	0.0 	0.0 	0.0 	0.0 	0.0 	0.0 	0.0 	0.06 	0.0 	0.0 	0.0 	0.0 	
