	A 	R 	N 	D 	C 	Q 	E 	G 	H 	I 	L 	K 	M 	F 	P 	S 	T 	W 	Y 	V 	
1 	0.0 	0.0 	0.0 	0.09 	0.0 	0.42 	0.29 	0.0 	0.0 	0.0 	0.0 	0.2 	0.0 	0.0 	0.0 	0.0 	0.0 	0.0 	0.0 	0.0 	
2 	0.02 	0.0 	0.26 	0.0 	0.0 	0.0 	0.0 	0.0 	0.0 	0.0 	0.0 	0.03 	0.07 	0.0 	0.06 	0.18 	0.35 	0.0 	0.0 	0.04 	
3 	0.07 	0.0 	0.2 	0.14 	0.0 	0.06 	0.15 	0.0 	0.0 	0.0 	0.0 	0.0 	0.0 	0.0 	0.14 	0.15 	0.1 	0.0 	0.0 	0.0 	
4 	0.3 	0.0 	0.0 	0.04 	0.0 	0.1 	0.07 	0.0 	0.0 	0.0 	0.07 	0.1 	0.0 	0.0 	0.03 	0.17 	0.05 	0.0 	0.0 	0.07 	
5 	0.06 	0.0 	0.0 	0.0 	0.0 	0.0 	0.0 	0.02 	0.06 	0.11 	0.36 	0.0 	0.02 	0.02 	0.0 	0.0 	0.05 	0.0 	0.02 	0.29 	
6 	0.13 	0.0 	0.03 	0.04 	0.0 	0.12 	0.2 	0.0 	0.05 	0.05 	0.11 	0.12 	0.0 	0.0 	0.0 	0.06 	0.08 	0.0 	0.0 	0.02 	
7 	0.04 	0.12 	0.05 	0.15 	0.0 	0.25 	0.2 	0.04 	0.0 	0.0 	0.0 	0.14 	0.0 	0.0 	0.0 	0.0 	0.0 	0.0 	0.0 	0.0 	
8 	0.04 	0.15 	0.0 	0.11 	0.0 	0.19 	0.24 	0.0 	0.0 	0.04 	0.0 	0.12 	0.0 	0.0 	0.01 	0.06 	0.05 	0.0 	0.0 	0.0 	
9 	0.02 	0.0 	0.0 	0.0 	0.0 	0.0 	0.0 	0.0 	0.0 	0.21 	0.42 	0.0 	0.0 	0.23 	0.0 	0.0 	0.0 	0.0 	0.0 	0.12 	
10 	0.29 	0.16 	0.03 	0.05 	0.0 	0.02 	0.05 	0.0 	0.0 	0.0 	0.0 	0.17 	0.0 	0.0 	0.04 	0.12 	0.04 	0.0 	0.0 	0.02 	
11 	0.24 	0.04 	0.06 	0.13 	0.0 	0.13 	0.1 	0.02 	0.0 	0.04 	0.02 	0.08 	0.0 	0.0 	0.0 	0.11 	0.01 	0.0 	0.0 	0.02 	
12 	0.1 	0.0 	0.0 	0.0 	0.0 	0.0 	0.02 	0.0 	0.0 	0.18 	0.63 	0.0 	0.0 	0.0 	0.0 	0.03 	0.0 	0.04 	0.0 	0.0 	
13 	0.0 	0.0 	0.0 	0.0 	0.0 	0.02 	0.78 	0.0 	0.0 	0.0 	0.11 	0.0 	0.0 	0.0 	0.0 	0.0 	0.0 	0.0 	0.0 	0.1 	
14 	0.02 	0.14 	0.08 	0.04 	0.0 	0.07 	0.06 	0.0 	0.07 	0.04 	0.0 	0.28 	0.0 	0.0 	0.0 	0.11 	0.07 	0.0 	0.0 	0.03 	
15 	0.12 	0.08 	0.03 	0.05 	0.0 	0.18 	0.17 	0.09 	0.0 	0.0 	0.0 	0.15 	0.0 	0.0 	0.0 	0.09 	0.03 	0.0 	0.01 	0.0 	
16 	0.02 	0.0 	0.0 	0.02 	0.06 	0.0 	0.0 	0.07 	0.05 	0.0 	0.17 	0.09 	0.0 	0.23 	0.0 	0.15 	0.0 	0.0 	0.12 	0.02 	
17 	0.02 	0.02 	0.14 	0.2 	0.0 	0.05 	0.0 	0.29 	0.02 	0.0 	0.0 	0.09 	0.0 	0.0 	0.06 	0.1 	0.0 	0.0 	0.0 	0.0 	
18 	0.6 	0.0 	0.0 	0.0 	0.0 	0.0 	0.0 	0.29 	0.0 	0.0 	0.07 	0.0 	0.0 	0.0 	0.0 	0.0 	0.0 	0.0 	0.0 	0.04 	
19 	0.0 	0.61 	0.0 	0.0 	0.0 	0.0 	0.06 	0.0 	0.07 	0.0 	0.02 	0.07 	0.0 	0.0 	0.0 	0.01 	0.15 	0.0 	0.0 	0.0 	
20 	0.0 	0.0 	0.0 	0.0 	0.0 	0.0 	0.0 	0.07 	0.0 	0.3 	0.4 	0.0 	0.0 	0.02 	0.02 	0.0 	0.0 	0.0 	0.0 	0.19 	
21 	0.0 	0.0 	0.0 	0.0 	0.0 	0.0 	0.0 	0.93 	0.0 	0.0 	0.0 	0.0 	0.0 	0.0 	0.0 	0.07 	0.0 	0.0 	0.0 	0.0 	
22 	0.02 	0.0 	0.0 	0.0 	0.0 	0.0 	0.0 	0.0 	0.0 	0.1 	0.09 	0.0 	0.09 	0.07 	0.0 	0.0 	0.0 	0.0 	0.02 	0.62 	
23 	0.29 	0.0 	0.0 	0.0 	0.0 	0.0 	0.0 	0.0 	0.0 	0.04 	0.07 	0.0 	0.0 	0.1 	0.0 	0.08 	0.09 	0.0 	0.33 	0.02 	
24 	0.41 	0.0 	0.0 	0.0 	0.0 	0.0 	0.05 	0.0 	0.0 	0.04 	0.17 	0.0 	0.02 	0.0 	0.0 	0.0 	0.0 	0.0 	0.0 	0.32 	
25 	0.02 	0.08 	0.0 	0.0 	0.0 	0.0 	0.0 	0.0 	0.02 	0.34 	0.21 	0.0 	0.08 	0.02 	0.02 	0.0 	0.0 	0.11 	0.04 	0.06 	
26 	0.03 	0.01 	0.13 	0.65 	0.0 	0.01 	0.04 	0.05 	0.0 	0.01 	0.01 	0.01 	0.0 	0.01 	0.01 	0.01 	0.01 	0.0 	0.0 	0.01 	
27 	0.04 	0.0 	0.0 	0.0 	0.0 	0.0 	0.0 	0.0 	0.0 	0.01 	0.18 	0.0 	0.0 	0.0 	0.04 	0.02 	0.65 	0.0 	0.0 	0.06 	
28 	0.19 	0.02 	0.1 	0.12 	0.0 	0.07 	0.05 	0.31 	0.0 	0.0 	0.0 	0.03 	0.0 	0.0 	0.0 	0.02 	0.02 	0.0 	0.07 	0.0 	
29 	0.0 	0.0 	0.16 	0.18 	0.0 	0.0 	0.0 	0.0 	0.0 	0.0 	0.0 	0.05 	0.0 	0.0 	0.0 	0.27 	0.35 	0.0 	0.0 	0.0 	
30 	0.0 	0.07 	0.18 	0.01 	0.0 	0.0 	0.0 	0.68 	0.0 	0.0 	0.04 	0.0 	0.0 	0.0 	0.0 	0.0 	0.02 	0.0 	0.0 	0.0 	
31 	0.09 	0.2 	0.02 	0.1 	0.0 	0.08 	0.21 	0.0 	0.02 	0.0 	0.0 	0.11 	0.0 	0.0 	0.0 	0.08 	0.07 	0.03 	0.0 	0.0 	
32 	0.02 	0.07 	0.0 	0.0 	0.0 	0.11 	0.15 	0.02 	0.0 	0.02 	0.04 	0.02 	0.05 	0.0 	0.04 	0.1 	0.3 	0.0 	0.05 	0.02 	
33 	0.0 	0.02 	0.0 	0.0 	0.0 	0.0 	0.0 	0.0 	0.0 	0.24 	0.24 	0.0 	0.0 	0.03 	0.0 	0.04 	0.01 	0.12 	0.0 	0.29 	
34 	0.2 	0.05 	0.02 	0.05 	0.0 	0.0 	0.04 	0.11 	0.0 	0.0 	0.19 	0.08 	0.0 	0.0 	0.0 	0.18 	0.08 	0.0 	0.0 	0.0 	
35 	0.0 	0.0 	0.0 	0.0 	0.0 	0.0 	0.0 	0.0 	0.22 	0.11 	0.0 	0.0 	0.0 	0.06 	0.0 	0.0 	0.0 	0.03 	0.52 	0.06 	
36 	0.0 	0.66 	0.24 	0.07 	0.0 	0.0 	0.0 	0.0 	0.02 	0.0 	0.0 	0.02 	0.0 	0.0 	0.0 	0.0 	0.0 	0.0 	0.0 	0.0 	
37 	0.32 	0.0 	0.06 	0.08 	0.0 	0.02 	0.03 	0.2 	0.01 	0.0 	0.02 	0.0 	0.0 	0.0 	0.19 	0.06 	0.0 	0.0 	0.0 	0.0 	
38 	0.02 	0.02 	0.18 	0.52 	0.0 	0.0 	0.06 	0.04 	0.06 	0.0 	0.0 	0.06 	0.0 	0.04 	0.0 	0.0 	0.0 	0.0 	0.0 	0.0 	
39 	0.02 	0.0 	0.0 	0.02 	0.0 	0.07 	0.71 	0.0 	0.0 	0.0 	0.0 	0.03 	0.0 	0.0 	0.0 	0.06 	0.07 	0.0 	0.0 	0.05 	
40 	0.0 	0.67 	0.0 	0.0 	0.0 	0.0 	0.07 	0.0 	0.05 	0.0 	0.06 	0.04 	0.02 	0.0 	0.0 	0.0 	0.0 	0.0 	0.04 	0.06 	
41 	0.0 	0.0 	0.0 	0.0 	0.0 	0.0 	0.0 	0.0 	0.0 	0.0 	0.07 	0.0 	0.0 	0.88 	0.0 	0.0 	0.0 	0.0 	0.06 	0.0 	
42 	0.31 	0.0 	0.0 	0.0 	0.0 	0.0 	0.0 	0.02 	0.0 	0.0 	0.03 	0.0 	0.0 	0.0 	0.65 	0.0 	0.0 	0.0 	0.0 	0.0 	
43 	0.0 	0.0 	0.0 	0.0 	0.0 	0.0 	0.0 	0.0 	0.0 	0.02 	0.19 	0.0 	0.44 	0.12 	0.0 	0.0 	0.07 	0.0 	0.13 	0.04 	
44 	0.28 	0.0 	0.11 	0.0 	0.31 	0.04 	0.0 	0.02 	0.02 	0.0 	0.05 	0.0 	0.09 	0.0 	0.0 	0.02 	0.05 	0.0 	0.0 	0.02 	
45 	0.0 	0.0 	0.0 	0.0 	0.0 	0.0 	0.0 	0.0 	0.0 	0.0 	0.0 	0.0 	0.0 	0.0 	0.0 	1.0 	0.0 	0.0 	0.0 	0.0 	
46 	0.0 	0.0 	0.0 	0.0 	0.0 	0.0 	0.0 	0.0 	0.0 	0.0 	0.07 	0.0 	0.02 	0.0 	0.0 	0.05 	0.65 	0.0 	0.0 	0.22 	
47 	0.0 	0.0 	0.0 	0.0 	0.0 	0.0 	0.0 	0.01 	0.02 	0.05 	0.0 	0.0 	0.0 	0.61 	0.0 	0.15 	0.0 	0.0 	0.06 	0.09 	
48 	0.0 	0.0 	0.0 	0.0 	0.0 	0.0 	0.0 	0.0 	0.0 	0.0 	0.0 	1.0 	0.0 	0.0 	0.0 	0.0 	0.0 	0.0 	0.0 	0.0 	
49 	0.25 	0.0 	0.0 	0.0 	0.0 	0.0 	0.0 	0.1 	0.0 	0.0 	0.11 	0.0 	0.0 	0.06 	0.0 	0.04 	0.18 	0.0 	0.0 	0.26 	
50 	0.0 	0.0 	0.0 	0.0 	0.0 	0.0 	0.0 	0.0 	0.14 	0.09 	0.34 	0.0 	0.13 	0.11 	0.11 	0.0 	0.0 	0.0 	0.02 	0.04 	
51 	0.39 	0.0 	0.03 	0.0 	0.0 	0.09 	0.02 	0.0 	0.0 	0.04 	0.29 	0.0 	0.0 	0.0 	0.0 	0.04 	0.01 	0.0 	0.0 	0.09 	
52 	0.61 	0.0 	0.0 	0.0 	0.22 	0.0 	0.0 	0.0 	0.0 	0.0 	0.0 	0.0 	0.0 	0.0 	0.0 	0.05 	0.0 	0.0 	0.0 	0.12 	
53 	0.5 	0.0 	0.0 	0.0 	0.0 	0.0 	0.0 	0.24 	0.0 	0.0 	0.17 	0.0 	0.04 	0.0 	0.0 	0.05 	0.0 	0.0 	0.0 	0.0 	
54 	0.71 	0.02 	0.02 	0.0 	0.0 	0.0 	0.0 	0.0 	0.04 	0.03 	0.04 	0.05 	0.0 	0.0 	0.0 	0.0 	0.02 	0.0 	0.0 	0.07 	
55 	0.0 	0.0 	0.0 	0.0 	0.0 	0.0 	0.0 	0.0 	0.0 	0.09 	0.27 	0.0 	0.0 	0.0 	0.0 	0.0 	0.07 	0.0 	0.0 	0.58 	
56 	0.0 	0.0 	0.0 	0.0 	0.06 	0.0 	0.0 	0.0 	0.0 	0.0 	0.94 	0.0 	0.0 	0.0 	0.0 	0.0 	0.0 	0.0 	0.0 	0.0 	
57 	0.12 	0.14 	0.06 	0.1 	0.0 	0.12 	0.11 	0.0 	0.06 	0.0 	0.04 	0.15 	0.0 	0.0 	0.0 	0.06 	0.0 	0.0 	0.05 	0.0 	
58 	0.0 	0.2 	0.0 	0.2 	0.0 	0.32 	0.04 	0.02 	0.0 	0.0 	0.04 	0.11 	0.02 	0.0 	0.0 	0.02 	0.02 	0.0 	0.0 	0.0 	
59 	0.1 	0.0 	0.09 	0.0 	0.0 	0.0 	0.0 	0.0 	0.05 	0.07 	0.09 	0.03 	0.05 	0.06 	0.0 	0.16 	0.0 	0.03 	0.02 	0.26 	
60 	0.0 	0.07 	0.0 	0.4 	0.0 	0.06 	0.21 	0.0 	0.0 	0.0 	0.02 	0.0 	0.0 	0.0 	0.11 	0.11 	0.02 	0.0 	0.0 	0.0 	
61 	0.1 	0.1 	0.06 	0.04 	0.0 	0.12 	0.02 	0.02 	0.04 	0.08 	0.15 	0.1 	0.0 	0.0 	0.0 	0.06 	0.08 	0.0 	0.03 	0.0 	
62 	0.0 	0.04 	0.09 	0.14 	0.0 	0.16 	0.09 	0.28 	0.0 	0.0 	0.0 	0.13 	0.0 	0.0 	0.0 	0.03 	0.04 	0.0 	0.0 	0.0 	
63 	0.05 	0.07 	0.0 	0.02 	0.0 	0.02 	0.13 	0.17 	0.04 	0.0 	0.02 	0.28 	0.0 	0.0 	0.08 	0.09 	0.02 	0.0 	0.0 	0.0 	
64 	0.04 	0.03 	0.05 	0.02 	0.0 	0.05 	0.19 	0.07 	0.01 	0.15 	0.18 	0.01 	0.0 	0.01 	0.01 	0.03 	0.01 	0.0 	0.01 	0.11 	
65 	0.01 	0.03 	0.07 	0.2 	0.0 	0.09 	0.03 	0.01 	0.0 	0.02 	0.14 	0.01 	0.0 	0.06 	0.01 	0.2 	0.02 	0.0 	0.03 	0.05 	
66 	0.0 	0.0 	0.0 	0.0 	0.0 	0.0 	0.0 	0.07 	0.0 	0.04 	0.76 	0.0 	0.04 	0.03 	0.05 	0.0 	0.0 	0.0 	0.0 	0.02 	
67 	0.13 	0.0 	0.34 	0.37 	0.0 	0.01 	0.02 	0.04 	0.0 	0.0 	0.0 	0.02 	0.0 	0.0 	0.0 	0.05 	0.02 	0.0 	0.0 	0.0 	
68 	0.0 	0.16 	0.02 	0.04 	0.0 	0.29 	0.1 	0.0 	0.0 	0.0 	0.0 	0.17 	0.0 	0.0 	0.0 	0.1 	0.11 	0.0 	0.0 	0.0 	
69 	0.03 	0.26 	0.01 	0.0 	0.0 	0.07 	0.0 	0.0 	0.02 	0.06 	0.08 	0.11 	0.0 	0.0 	0.04 	0.02 	0.11 	0.0 	0.0 	0.18 	
70 	0.0 	0.0 	0.0 	0.0 	0.0 	0.0 	0.0 	0.0 	0.0 	0.42 	0.07 	0.0 	0.03 	0.0 	0.0 	0.0 	0.0 	0.0 	0.0 	0.48 	
71 	0.0 	0.09 	0.09 	0.0 	0.0 	0.0 	0.2 	0.0 	0.17 	0.08 	0.02 	0.05 	0.0 	0.04 	0.05 	0.09 	0.11 	0.0 	0.0 	0.01 	
72 	0.0 	0.0 	0.0 	0.0 	0.0 	0.0 	0.0 	0.0 	0.0 	0.35 	0.0 	0.0 	0.0 	0.03 	0.0 	0.0 	0.0 	0.0 	0.43 	0.18 	
73 	0.07 	0.09 	0.15 	0.02 	0.0 	0.0 	0.02 	0.04 	0.02 	0.0 	0.0 	0.24 	0.0 	0.0 	0.0 	0.16 	0.21 	0.0 	0.0 	0.0 	
74 	0.09 	0.16 	0.0 	0.03 	0.0 	0.13 	0.15 	0.0 	0.0 	0.0 	0.0 	0.28 	0.0 	0.0 	0.1 	0.04 	0.02 	0.0 	0.0 	0.0 	
75 	0.25 	0.03 	0.03 	0.23 	0.0 	0.05 	0.1 	0.07 	0.0 	0.0 	0.0 	0.06 	0.0 	0.0 	0.0 	0.18 	0.0 	0.0 	0.0 	0.0 	
76 	0.06 	0.07 	0.02 	0.59 	0.0 	0.05 	0.06 	0.0 	0.0 	0.0 	0.0 	0.12 	0.02 	0.0 	0.0 	0.02 	0.0 	0.0 	0.0 	0.0 	
77 	0.0 	0.0 	0.0 	0.02 	0.0 	0.0 	0.0 	0.0 	0.0 	0.14 	0.67 	0.0 	0.05 	0.0 	0.0 	0.0 	0.0 	0.0 	0.02 	0.11 	
78 	0.02 	0.02 	0.05 	0.0 	0.0 	0.0 	0.05 	0.0 	0.0 	0.04 	0.12 	0.07 	0.0 	0.0 	0.0 	0.02 	0.1 	0.0 	0.0 	0.52 	
79 	0.06 	0.0 	0.11 	0.11 	0.0 	0.02 	0.09 	0.02 	0.0 	0.0 	0.0 	0.03 	0.0 	0.02 	0.09 	0.1 	0.32 	0.0 	0.02 	0.02 	
80 	0.02 	0.0 	0.08 	0.0 	0.0 	0.0 	0.0 	0.0 	0.09 	0.02 	0.0 	0.0 	0.0 	0.02 	0.07 	0.0 	0.0 	0.15 	0.56 	0.0 	
81 	0.13 	0.0 	0.11 	0.02 	0.0 	0.0 	0.0 	0.08 	0.0 	0.02 	0.0 	0.0 	0.0 	0.0 	0.0 	0.64 	0.0 	0.0 	0.0 	0.0 	
82 	0.0 	0.0 	0.0 	0.0 	0.0 	0.0 	0.0 	0.0 	0.0 	0.0 	0.0 	0.0 	0.0 	0.0 	1.0 	0.0 	0.0 	0.0 	0.0 	0.0 	
83 	0.0 	0.0 	0.0 	0.0 	0.0 	0.0 	0.04 	0.0 	0.0 	0.33 	0.11 	0.0 	0.06 	0.0 	0.0 	0.0 	0.0 	0.0 	0.0 	0.47 	
84 	0.08 	0.05 	0.0 	0.0 	0.04 	0.0 	0.0 	0.0 	0.0 	0.05 	0.08 	0.0 	0.04 	0.0 	0.0 	0.11 	0.54 	0.0 	0.0 	0.0 	
85 	0.0 	0.11 	0.0 	0.0 	0.0 	0.04 	0.53 	0.04 	0.0 	0.0 	0.0 	0.21 	0.0 	0.0 	0.03 	0.0 	0.03 	0.0 	0.0 	0.0 	
86 	0.07 	0.02 	0.0 	0.09 	0.0 	0.02 	0.03 	0.0 	0.0 	0.0 	0.0 	0.64 	0.0 	0.07 	0.0 	0.0 	0.06 	0.0 	0.0 	0.0 	
87 	0.0 	0.15 	0.07 	0.0 	0.0 	0.05 	0.0 	0.0 	0.4 	0.0 	0.02 	0.0 	0.0 	0.05 	0.0 	0.02 	0.0 	0.0 	0.25 	0.0 	
88 	0.07 	0.0 	0.0 	0.0 	0.0 	0.09 	0.0 	0.0 	0.07 	0.04 	0.19 	0.03 	0.0 	0.04 	0.0 	0.06 	0.0 	0.0 	0.0 	0.42 	
89 	0.12 	0.0 	0.06 	0.28 	0.0 	0.04 	0.03 	0.31 	0.0 	0.0 	0.0 	0.0 	0.0 	0.0 	0.07 	0.02 	0.03 	0.0 	0.0 	0.03 	
90 	0.13 	0.0 	0.03 	0.13 	0.0 	0.05 	0.02 	0.1 	0.02 	0.0 	0.0 	0.14 	0.0 	0.05 	0.06 	0.04 	0.23 	0.0 	0.0 	0.0 	
91 	0.05 	0.07 	0.03 	0.05 	0.0 	0.02 	0.08 	0.49 	0.0 	0.0 	0.0 	0.0 	0.0 	0.0 	0.04 	0.06 	0.12 	0.0 	0.0 	0.0 	
92 	0.0 	0.0 	0.0 	0.0 	0.0 	0.0 	0.0 	0.0 	0.0 	0.16 	0.08 	0.0 	0.63 	0.04 	0.0 	0.0 	0.0 	0.0 	0.0 	0.09 	
93 	0.07 	0.0 	0.0 	0.0 	0.0 	0.0 	0.0 	0.0 	0.0 	0.0 	0.0 	0.03 	0.0 	0.0 	0.0 	0.19 	0.72 	0.0 	0.0 	0.0 	
94 	0.0 	0.0 	0.0 	0.0 	0.0 	0.0 	0.0 	0.02 	0.0 	0.11 	0.51 	0.0 	0.0 	0.02 	0.0 	0.0 	0.0 	0.0 	0.0 	0.33 	
95 	0.24 	0.21 	0.0 	0.14 	0.0 	0.04 	0.04 	0.15 	0.0 	0.0 	0.0 	0.1 	0.0 	0.0 	0.0 	0.05 	0.02 	0.0 	0.0 	0.0 	
96 	0.05 	0.02 	0.0 	0.25 	0.0 	0.1 	0.57 	0.0 	0.0 	0.0 	0.0 	0.02 	0.0 	0.0 	0.0 	0.0 	0.0 	0.0 	0.0 	0.0 	
97 	0.05 	0.0 	0.0 	0.0 	0.0 	0.0 	0.0 	0.0 	0.0 	0.08 	0.82 	0.0 	0.03 	0.01 	0.0 	0.0 	0.0 	0.0 	0.0 	0.0 	
98 	0.1 	0.0 	0.0 	0.0 	0.51 	0.0 	0.0 	0.01 	0.0 	0.03 	0.16 	0.0 	0.05 	0.0 	0.0 	0.14 	0.0 	0.0 	0.0 	0.0 	
99 	0.23 	0.08 	0.0 	0.16 	0.0 	0.15 	0.18 	0.0 	0.02 	0.0 	0.03 	0.0 	0.0 	0.05 	0.0 	0.04 	0.0 	0.0 	0.07 	0.0 	
100 	0.77 	0.0 	0.0 	0.0 	0.0 	0.0 	0.0 	0.0 	0.0 	0.0 	0.07 	0.0 	0.0 	0.0 	0.0 	0.0 	0.0 	0.0 	0.14 	0.02 	
101 	0.43 	0.0 	0.0 	0.0 	0.0 	0.0 	0.0 	0.0 	0.0 	0.0 	0.0 	0.0 	0.0 	0.0 	0.0 	0.25 	0.3 	0.0 	0.0 	0.02 	
102 	0.0 	0.0 	0.0 	0.0 	0.0 	0.0 	0.0 	0.0 	0.0 	0.34 	0.27 	0.0 	0.08 	0.0 	0.0 	0.0 	0.07 	0.0 	0.0 	0.25 	
103 	0.02 	0.2 	0.0 	0.03 	0.02 	0.2 	0.0 	0.0 	0.0 	0.02 	0.0 	0.0 	0.0 	0.0 	0.0 	0.22 	0.29 	0.0 	0.0 	0.0 	
104 	0.02 	0.04 	0.0 	0.0 	0.0 	0.12 	0.02 	0.0 	0.04 	0.0 	0.05 	0.0 	0.06 	0.04 	0.0 	0.03 	0.09 	0.0 	0.39 	0.09 	
105 	0.0 	0.0 	0.0 	0.0 	0.0 	0.0 	0.0 	0.0 	0.0 	0.0 	0.0 	0.0 	0.0 	0.0 	0.0 	1.0 	0.0 	0.0 	0.0 	0.0 	
106 	0.0 	0.0 	0.0 	1.0 	0.0 	0.0 	0.0 	0.0 	0.0 	0.0 	0.0 	0.0 	0.0 	0.0 	0.0 	0.0 	0.0 	0.0 	0.0 	0.0 	
107 	0.0 	0.0 	0.9 	0.0 	0.0 	0.0 	0.0 	0.09 	0.0 	0.0 	0.0 	0.0 	0.0 	0.0 	0.0 	0.02 	0.0 	0.0 	0.0 	0.0 	
108 	0.07 	0.0 	0.1 	0.0 	0.04 	0.0 	0.0 	0.09 	0.0 	0.0 	0.0 	0.0 	0.0 	0.0 	0.0 	0.07 	0.55 	0.0 	0.0 	0.08 	
109 	0.96 	0.0 	0.0 	0.0 	0.0 	0.0 	0.0 	0.0 	0.0 	0.0 	0.0 	0.0 	0.0 	0.0 	0.0 	0.04 	0.0 	0.0 	0.0 	0.0 	
110 	0.42 	0.0 	0.03 	0.0 	0.09 	0.01 	0.0 	0.14 	0.02 	0.0 	0.0 	0.0 	0.11 	0.0 	0.0 	0.12 	0.05 	0.0 	0.0 	0.0 	
111 	0.0 	0.0 	0.85 	0.15 	0.0 	0.0 	0.0 	0.0 	0.0 	0.0 	0.0 	0.0 	0.0 	0.0 	0.0 	0.0 	0.0 	0.0 	0.0 	0.0 	
112 	0.07 	0.0 	0.0 	0.0 	0.0 	0.03 	0.0 	0.0 	0.0 	0.26 	0.48 	0.13 	0.0 	0.02 	0.0 	0.0 	0.0 	0.0 	0.0 	0.02 	
113 	0.0 	0.0 	0.0 	0.0 	0.0 	0.0 	0.0 	0.0 	0.0 	0.21 	0.67 	0.0 	0.09 	0.0 	0.0 	0.0 	0.0 	0.0 	0.0 	0.02 	
114 	0.0 	0.0 	0.0 	0.0 	0.0 	0.0 	0.0 	0.0 	0.0 	0.19 	0.49 	0.0 	0.02 	0.31 	0.0 	0.0 	0.0 	0.0 	0.0 	0.0 	
115 	0.09 	0.09 	0.03 	0.11 	0.0 	0.04 	0.23 	0.06 	0.02 	0.0 	0.0 	0.23 	0.0 	0.0 	0.0 	0.05 	0.02 	0.0 	0.0 	0.0 	
116 	0.1 	0.04 	0.0 	0.1 	0.0 	0.09 	0.16 	0.0 	0.09 	0.0 	0.08 	0.1 	0.0 	0.0 	0.0 	0.0 	0.1 	0.0 	0.1 	0.03 	
117 	0.06 	0.0 	0.0 	0.0 	0.0 	0.0 	0.0 	0.0 	0.0 	0.29 	0.42 	0.0 	0.06 	0.0 	0.0 	0.0 	0.0 	0.0 	0.0 	0.18 	
118 	0.02 	0.0 	0.0 	0.02 	0.0 	0.0 	0.0 	0.84 	0.0 	0.0 	0.0 	0.0 	0.0 	0.0 	0.0 	0.0 	0.07 	0.0 	0.0 	0.06 	
119 	0.0 	0.0 	0.06 	0.0 	0.0 	0.0 	0.0 	0.88 	0.0 	0.0 	0.0 	0.0 	0.0 	0.0 	0.07 	0.0 	0.0 	0.0 	0.0 	0.0 	
120 	0.02 	0.02 	0.0 	0.0 	0.0 	0.0 	0.0 	0.0 	0.0 	0.07 	0.05 	0.0 	0.0 	0.0 	0.74 	0.0 	0.01 	0.0 	0.0 	0.08 	
121 	0.34 	0.02 	0.0 	0.01 	0.0 	0.02 	0.17 	0.03 	0.0 	0.0 	0.0 	0.24 	0.0 	0.0 	0.02 	0.03 	0.12 	0.0 	0.0 	0.0 	
122 	0.3 	0.0 	0.01 	0.0 	0.0 	0.14 	0.02 	0.35 	0.05 	0.0 	0.0 	0.09 	0.0 	0.0 	0.0 	0.04 	0.0 	0.0 	0.0 	0.0 	
123 	0.0 	0.0 	0.0 	0.0 	0.0 	0.0 	0.0 	0.0 	0.0 	0.07 	0.19 	0.0 	0.03 	0.15 	0.0 	0.02 	0.06 	0.0 	0.06 	0.42 	
124 	0.0 	0.0 	0.12 	0.11 	0.0 	0.02 	0.14 	0.0 	0.04 	0.0 	0.0 	0.04 	0.0 	0.0 	0.0 	0.0 	0.52 	0.0 	0.0 	0.0 	
125 	0.28 	0.13 	0.0 	0.14 	0.0 	0.19 	0.01 	0.02 	0.0 	0.0 	0.0 	0.17 	0.0 	0.0 	0.0 	0.06 	0.0 	0.0 	0.0 	0.0 	
126 	0.05 	0.03 	0.0 	0.0 	0.0 	0.0 	0.01 	0.0 	0.0 	0.04 	0.0 	0.0 	0.07 	0.58 	0.0 	0.05 	0.02 	0.0 	0.13 	0.02 	
127 	0.15 	0.0 	0.0 	0.0 	0.07 	0.0 	0.0 	0.0 	0.0 	0.14 	0.45 	0.0 	0.07 	0.03 	0.0 	0.0 	0.0 	0.0 	0.0 	0.08 	
128 	0.06 	0.66 	0.0 	0.0 	0.0 	0.05 	0.04 	0.0 	0.06 	0.0 	0.0 	0.11 	0.0 	0.0 	0.0 	0.0 	0.02 	0.0 	0.0 	0.0 	
129 	0.05 	0.05 	0.02 	0.0 	0.0 	0.17 	0.15 	0.02 	0.01 	0.0 	0.0 	0.04 	0.0 	0.0 	0.0 	0.43 	0.07 	0.0 	0.0 	0.0 	
130 	0.0 	0.0 	0.0 	0.0 	0.0 	0.0 	0.0 	0.0 	0.0 	0.45 	0.28 	0.0 	0.1 	0.0 	0.0 	0.0 	0.0 	0.07 	0.0 	0.1 	
131 	0.0 	0.0 	0.01 	0.0 	0.0 	0.0 	0.0 	0.88 	0.0 	0.0 	0.0 	0.0 	0.0 	0.0 	0.06 	0.05 	0.0 	0.0 	0.0 	0.0 	
132 	0.04 	0.06 	0.0 	0.82 	0.0 	0.0 	0.0 	0.0 	0.0 	0.09 	0.0 	0.0 	0.0 	0.0 	0.0 	0.0 	0.0 	0.0 	0.0 	0.0 	
133 	0.05 	0.07 	0.07 	0.12 	0.0 	0.02 	0.16 	0.0 	0.1 	0.0 	0.07 	0.13 	0.0 	0.0 	0.05 	0.06 	0.09 	0.0 	0.0 	0.03 	
134 	0.0 	0.02 	0.0 	0.02 	0.0 	0.0 	0.13 	0.0 	0.0 	0.03 	0.0 	0.0 	0.05 	0.0 	0.0 	0.1 	0.31 	0.0 	0.0 	0.33 	
135 	0.0 	0.0 	0.0 	0.0 	0.0 	0.0 	0.0 	0.0 	0.0 	0.0 	0.0 	0.0 	0.0 	0.27 	0.0 	0.1 	0.52 	0.0 	0.01 	0.1 	
136 	0.04 	0.62 	0.11 	0.0 	0.0 	0.08 	0.0 	0.0 	0.02 	0.0 	0.0 	0.03 	0.04 	0.0 	0.0 	0.04 	0.0 	0.0 	0.0 	0.0 	
137 	0.1 	0.0 	0.0 	0.0 	0.0 	0.0 	0.0 	0.0 	0.0 	0.06 	0.6 	0.0 	0.06 	0.0 	0.04 	0.05 	0.04 	0.0 	0.0 	0.04 	
138 	0.09 	0.0 	0.03 	0.63 	0.0 	0.0 	0.12 	0.0 	0.0 	0.0 	0.0 	0.01 	0.0 	0.0 	0.0 	0.05 	0.0 	0.0 	0.0 	0.07 	
139 	0.06 	0.8 	0.04 	0.0 	0.0 	0.0 	0.05 	0.0 	0.0 	0.0 	0.0 	0.0 	0.0 	0.0 	0.0 	0.0 	0.0 	0.0 	0.06 	0.0 	
140 	0.0 	0.0 	0.08 	0.0 	0.0 	0.0 	0.04 	0.0 	0.0 	0.08 	0.04 	0.05 	0.0 	0.16 	0.0 	0.0 	0.19 	0.3 	0.05 	0.02 	
141 	0.0 	0.0 	0.0 	0.0 	0.0 	0.0 	1.0 	0.0 	0.0 	0.0 	0.0 	0.0 	0.0 	0.0 	0.0 	0.0 	0.0 	0.0 	0.0 	0.0 	
142 	0.04 	0.0 	0.0 	0.05 	0.0 	0.02 	0.06 	0.0 	0.0 	0.03 	0.05 	0.0 	0.0 	0.0 	0.61 	0.0 	0.12 	0.0 	0.0 	0.02 	
143 	0.05 	0.0 	0.0 	0.12 	0.0 	0.11 	0.52 	0.05 	0.0 	0.0 	0.04 	0.03 	0.0 	0.02 	0.0 	0.0 	0.07 	0.0 	0.0 	0.0 	
144 	0.0 	0.0 	0.0 	0.0 	0.0 	0.0 	0.0 	0.0 	0.0 	0.0 	0.86 	0.0 	0.14 	0.0 	0.0 	0.0 	0.0 	0.0 	0.0 	0.0 	
145 	0.0 	0.0 	0.73 	0.07 	0.0 	0.0 	0.0 	0.02 	0.09 	0.0 	0.0 	0.0 	0.0 	0.0 	0.0 	0.09 	0.0 	0.0 	0.0 	0.0 	
146 	0.1 	0.09 	0.0 	0.03 	0.0 	0.02 	0.23 	0.0 	0.0 	0.0 	0.0 	0.0 	0.0 	0.0 	0.0 	0.27 	0.16 	0.0 	0.03 	0.07 	
147 	0.54 	0.0 	0.0 	0.12 	0.0 	0.0 	0.0 	0.09 	0.0 	0.0 	0.0 	0.0 	0.0 	0.05 	0.0 	0.08 	0.0 	0.04 	0.03 	0.05 	
148 	0.06 	0.02 	0.03 	0.04 	0.0 	0.0 	0.12 	0.0 	0.1 	0.28 	0.04 	0.07 	0.0 	0.05 	0.04 	0.03 	0.03 	0.0 	0.0 	0.08 	
149 	0.01 	0.0 	0.06 	0.0 	0.0 	0.04 	0.05 	0.0 	0.02 	0.0 	0.06 	0.03 	0.0 	0.0 	0.64 	0.03 	0.0 	0.0 	0.04 	0.0 	
150 	0.05 	0.0 	0.06 	0.04 	0.0 	0.0 	0.0 	0.68 	0.0 	0.0 	0.01 	0.09 	0.0 	0.0 	0.0 	0.0 	0.0 	0.0 	0.0 	0.05 	
151 	0.06 	0.1 	0.0 	0.56 	0.0 	0.04 	0.1 	0.0 	0.0 	0.0 	0.01 	0.0 	0.0 	0.0 	0.0 	0.05 	0.0 	0.0 	0.0 	0.05 	
152 	0.05 	0.08 	0.0 	0.0 	0.0 	0.0 	0.14 	0.0 	0.0 	0.08 	0.07 	0.12 	0.0 	0.0 	0.15 	0.0 	0.07 	0.0 	0.14 	0.1 	
153 	0.07 	0.65 	0.0 	0.0 	0.0 	0.06 	0.0 	0.0 	0.02 	0.0 	0.0 	0.03 	0.0 	0.0 	0.0 	0.09 	0.09 	0.0 	0.0 	0.0 	
154 	0.0 	0.0 	0.21 	0.79 	0.0 	0.0 	0.0 	0.0 	0.0 	0.0 	0.0 	0.0 	0.0 	0.0 	0.0 	0.0 	0.0 	0.0 	0.0 	0.0 	
155 	0.0 	0.0 	0.0 	0.0 	0.0 	0.0 	0.0 	0.0 	0.0 	0.0 	0.0 	0.0 	0.0 	0.0 	0.0 	0.0 	0.86 	0.09 	0.06 	0.0 	
156 	0.04 	0.0 	0.0 	0.0 	0.0 	0.0 	0.0 	0.07 	0.0 	0.0 	0.0 	0.0 	0.0 	0.0 	0.0 	0.34 	0.56 	0.0 	0.0 	0.0 	
157 	0.0 	0.0 	0.0 	0.0 	0.01 	0.0 	0.0 	0.0 	0.0 	0.0 	0.0 	0.04 	0.02 	0.0 	0.0 	0.25 	0.68 	0.0 	0.0 	0.0 	
158 	0.18 	0.0 	0.0 	0.0 	0.0 	0.0 	0.0 	0.0 	0.0 	0.0 	0.0 	0.0 	0.04 	0.0 	0.77 	0.0 	0.0 	0.0 	0.0 	0.0 	
159 	0.22 	0.26 	0.04 	0.0 	0.0 	0.01 	0.0 	0.02 	0.02 	0.07 	0.1 	0.19 	0.0 	0.0 	0.0 	0.05 	0.0 	0.0 	0.02 	0.0 	
160 	0.81 	0.0 	0.0 	0.0 	0.0 	0.02 	0.0 	0.1 	0.0 	0.0 	0.0 	0.0 	0.0 	0.0 	0.04 	0.03 	0.0 	0.0 	0.0 	0.0 	
161 	0.1 	0.0 	0.0 	0.0 	0.0 	0.0 	0.0 	0.02 	0.0 	0.22 	0.11 	0.0 	0.32 	0.13 	0.0 	0.0 	0.0 	0.0 	0.04 	0.06 	
162 	0.63 	0.0 	0.0 	0.0 	0.0 	0.0 	0.0 	0.08 	0.0 	0.0 	0.0 	0.0 	0.0 	0.0 	0.0 	0.03 	0.07 	0.0 	0.0 	0.19 	
163 	0.12 	0.13 	0.06 	0.08 	0.0 	0.03 	0.14 	0.0 	0.02 	0.01 	0.02 	0.15 	0.08 	0.0 	0.0 	0.04 	0.09 	0.0 	0.0 	0.02 	
164 	0.0 	0.0 	0.07 	0.11 	0.0 	0.0 	0.0 	0.02 	0.0 	0.04 	0.17 	0.0 	0.0 	0.0 	0.0 	0.2 	0.34 	0.0 	0.0 	0.04 	
165 	0.0 	0.0 	0.0 	0.0 	0.0 	0.0 	0.0 	0.0 	0.0 	0.0 	0.76 	0.0 	0.09 	0.02 	0.0 	0.0 	0.0 	0.0 	0.12 	0.0 	
166 	0.0 	0.35 	0.19 	0.0 	0.0 	0.12 	0.08 	0.07 	0.01 	0.0 	0.0 	0.17 	0.0 	0.0 	0.0 	0.0 	0.0 	0.0 	0.0 	0.0 	
167 	0.34 	0.16 	0.03 	0.01 	0.0 	0.06 	0.04 	0.0 	0.0 	0.0 	0.0 	0.26 	0.0 	0.0 	0.0 	0.02 	0.06 	0.02 	0.0 	0.0 	
168 	0.07 	0.0 	0.0 	0.0 	0.0 	0.0 	0.0 	0.0 	0.0 	0.05 	0.62 	0.0 	0.0 	0.2 	0.0 	0.0 	0.0 	0.0 	0.04 	0.02 	
169 	0.07 	0.07 	0.0 	0.05 	0.0 	0.0 	0.04 	0.0 	0.0 	0.1 	0.22 	0.02 	0.0 	0.06 	0.0 	0.0 	0.18 	0.0 	0.0 	0.19 	
170 	0.05 	0.0 	0.0 	0.0 	0.0 	0.04 	0.05 	0.0 	0.0 	0.02 	0.47 	0.0 	0.0 	0.05 	0.02 	0.0 	0.17 	0.0 	0.0 	0.13 	
171 	0.02 	0.0 	0.03 	0.03 	0.0 	0.0 	0.09 	0.64 	0.0 	0.0 	0.0 	0.09 	0.0 	0.0 	0.0 	0.1 	0.0 	0.0 	0.0 	0.0 	
172 	0.0 	0.07 	0.2 	0.28 	0.0 	0.03 	0.11 	0.1 	0.01 	0.0 	0.0 	0.05 	0.0 	0.0 	0.0 	0.09 	0.06 	0.0 	0.0 	0.0 	
173 	0.46 	0.02 	0.0 	0.0 	0.0 	0.04 	0.0 	0.0 	0.02 	0.05 	0.14 	0.04 	0.0 	0.0 	0.0 	0.0 	0.1 	0.0 	0.0 	0.14 	
174 	0.0 	0.0 	0.0 	0.0 	0.0 	0.0 	0.0 	0.0 	0.0 	0.06 	0.88 	0.0 	0.0 	0.05 	0.0 	0.0 	0.0 	0.0 	0.0 	0.02 	
175 	0.16 	0.05 	0.05 	0.06 	0.0 	0.02 	0.0 	0.09 	0.0 	0.0 	0.0 	0.0 	0.0 	0.0 	0.15 	0.35 	0.06 	0.0 	0.0 	0.0 	
176 	0.18 	0.02 	0.08 	0.09 	0.0 	0.03 	0.21 	0.01 	0.01 	0.02 	0.04 	0.03 	0.0 	0.0 	0.21 	0.03 	0.02 	0.0 	0.0 	0.0 	
177 	0.09 	0.07 	0.02 	0.08 	0.0 	0.07 	0.23 	0.04 	0.03 	0.0 	0.0 	0.08 	0.02 	0.0 	0.11 	0.07 	0.06 	0.0 	0.0 	0.02 	
178 	0.05 	0.0 	0.04 	0.15 	0.0 	0.17 	0.11 	0.02 	0.0 	0.0 	0.0 	0.17 	0.0 	0.0 	0.07 	0.22 	0.0 	0.0 	0.0 	0.02 	
179 	0.07 	0.57 	0.0 	0.0 	0.0 	0.2 	0.0 	0.0 	0.0 	0.0 	0.0 	0.17 	0.0 	0.0 	0.0 	0.0 	0.0 	0.0 	0.0 	0.0 	
180 	0.29 	0.06 	0.01 	0.06 	0.0 	0.11 	0.14 	0.05 	0.0 	0.0 	0.0 	0.15 	0.01 	0.0 	0.0 	0.1 	0.03 	0.0 	0.0 	0.0 	
181 	0.0 	0.12 	0.0 	0.0 	0.0 	0.39 	0.0 	0.0 	0.0 	0.1 	0.17 	0.08 	0.0 	0.13 	0.0 	0.0 	0.02 	0.0 	0.0 	0.0 	
182 	0.0 	0.0 	0.0 	0.0 	0.0 	0.0 	0.0 	0.0 	0.0 	0.06 	0.87 	0.0 	0.0 	0.01 	0.0 	0.0 	0.0 	0.0 	0.05 	0.0 	
183 	0.07 	0.08 	0.02 	0.02 	0.0 	0.03 	0.09 	0.0 	0.0 	0.07 	0.06 	0.07 	0.0 	0.0 	0.0 	0.0 	0.25 	0.11 	0.0 	0.12 	
184 	0.01 	0.04 	0.09 	0.26 	0.0 	0.1 	0.16 	0.04 	0.0 	0.0 	0.0 	0.04 	0.0 	0.0 	0.0 	0.07 	0.16 	0.0 	0.02 	0.02 	
185 	0.0 	0.0 	0.0 	0.0 	0.0 	0.0 	0.0 	0.0 	0.0 	0.0 	0.09 	0.0 	0.0 	0.0 	0.0 	0.0 	0.1 	0.79 	0.0 	0.0 	
186 	0.0 	0.0 	0.0 	0.0 	0.0 	0.0 	0.0 	0.0 	0.0 	0.0 	0.45 	0.0 	0.53 	0.0 	0.0 	0.0 	0.0 	0.0 	0.0 	0.0 	
187 	0.09 	0.13 	0.0 	0.02 	0.0 	0.0 	0.02 	0.0 	0.0 	0.11 	0.12 	0.3 	0.0 	0.0 	0.0 	0.02 	0.0 	0.0 	0.0 	0.18 	
188 	0.2 	0.09 	0.16 	0.14 	0.0 	0.0 	0.1 	0.26 	0.03 	0.0 	0.0 	0.0 	0.0 	0.0 	0.0 	0.0 	0.02 	0.0 	0.0 	0.0 	
189 	0.0 	0.0 	0.67 	0.11 	0.06 	0.0 	0.0 	0.03 	0.0 	0.0 	0.0 	0.0 	0.0 	0.0 	0.0 	0.02 	0.09 	0.0 	0.0 	0.0 	
190 	0.09 	0.08 	0.0 	0.0 	0.0 	0.1 	0.09 	0.03 	0.0 	0.0 	0.01 	0.15 	0.0 	0.0 	0.0 	0.01 	0.41 	0.0 	0.0 	0.01 	
191 	0.01 	0.0 	0.0 	0.0 	0.0 	0.0 	0.01 	0.01 	0.0 	0.0 	0.01 	0.0 	0.0 	0.0 	0.0 	0.03 	0.68 	0.0 	0.0 	0.22 	
192 	0.12 	0.0 	0.03 	0.0 	0.0 	0.0 	0.01 	0.61 	0.0 	0.0 	0.01 	0.0 	0.0 	0.0 	0.0 	0.08 	0.1 	0.0 	0.0 	0.01 	
193 	0.14 	0.03 	0.04 	0.34 	0.0 	0.0 	0.01 	0.24 	0.0 	0.0 	0.03 	0.01 	0.0 	0.0 	0.05 	0.02 	0.02 	0.0 	0.0 	0.06 	
194 	0.27 	0.0 	0.14 	0.08 	0.0 	0.05 	0.1 	0.03 	0.03 	0.0 	0.01 	0.08 	0.0 	0.0 	0.1 	0.01 	0.08 	0.0 	0.0 	0.01 	
195 	0.0 	0.25 	0.0 	0.0 	0.02 	0.0 	0.0 	0.02 	0.0 	0.0 	0.46 	0.05 	0.0 	0.0 	0.0 	0.12 	0.05 	0.0 	0.0 	0.03 	
196 	0.0 	0.0 	0.0 	0.0 	0.0 	0.0 	0.0 	0.0 	0.0 	0.53 	0.34 	0.0 	0.02 	0.11 	0.0 	0.0 	0.0 	0.0 	0.0 	0.0 	
197 	0.06 	0.8 	0.0 	0.0 	0.0 	0.01 	0.0 	0.0 	0.0 	0.0 	0.0 	0.13 	0.0 	0.0 	0.0 	0.0 	0.0 	0.0 	0.0 	0.0 	
198 	0.63 	0.0 	0.0 	0.03 	0.0 	0.0 	0.0 	0.09 	0.07 	0.0 	0.0 	0.09 	0.0 	0.0 	0.0 	0.09 	0.02 	0.0 	0.0 	0.0 	
199 	0.05 	0.07 	0.0 	0.0 	0.0 	0.0 	0.03 	0.53 	0.0 	0.0 	0.04 	0.0 	0.05 	0.0 	0.06 	0.06 	0.0 	0.0 	0.04 	0.08 	
200 	0.07 	0.0 	0.0 	0.0 	0.0 	0.0 	0.0 	0.0 	0.0 	0.01 	0.64 	0.0 	0.0 	0.02 	0.0 	0.0 	0.02 	0.0 	0.0 	0.24 	
201 	0.07 	0.02 	0.0 	0.0 	0.0 	0.0 	0.03 	0.02 	0.0 	0.0 	0.0 	0.06 	0.0 	0.0 	0.81 	0.0 	0.0 	0.0 	0.0 	0.0 	
202 	0.3 	0.0 	0.0 	0.08 	0.0 	0.02 	0.14 	0.0 	0.0 	0.01 	0.0 	0.17 	0.0 	0.0 	0.08 	0.06 	0.12 	0.0 	0.0 	0.02 	
203 	0.03 	0.0 	0.05 	0.38 	0.0 	0.0 	0.0 	0.33 	0.01 	0.0 	0.02 	0.06 	0.0 	0.0 	0.0 	0.09 	0.01 	0.0 	0.0 	0.0 	
204 	0.0 	0.0 	0.0 	0.0 	0.0 	0.0 	0.0 	0.0 	0.0 	0.0 	0.0 	0.0 	0.0 	0.07 	0.0 	0.0 	0.09 	0.76 	0.03 	0.06 	
205 	0.09 	0.06 	0.03 	0.0 	0.0 	0.0 	0.05 	0.0 	0.0 	0.06 	0.05 	0.12 	0.0 	0.05 	0.0 	0.02 	0.14 	0.0 	0.0 	0.33 	
206 	0.01 	0.0 	0.0 	0.01 	0.0 	0.0 	0.0 	0.0 	0.0 	0.25 	0.07 	0.0 	0.0 	0.0 	0.0 	0.07 	0.02 	0.0 	0.0 	0.57 	
207 	0.39 	0.02 	0.0 	0.07 	0.0 	0.0 	0.02 	0.43 	0.0 	0.02 	0.03 	0.0 	0.0 	0.0 	0.0 	0.0 	0.0 	0.0 	0.02 	0.0 	
208 	0.07 	0.0 	0.0 	0.79 	0.0 	0.0 	0.0 	0.0 	0.14 	0.0 	0.0 	0.0 	0.0 	0.0 	0.0 	0.0 	0.0 	0.0 	0.0 	0.0 	
209 	0.07 	0.07 	0.0 	0.0 	0.0 	0.0 	0.0 	0.0 	0.0 	0.0 	0.0 	0.87 	0.0 	0.0 	0.0 	0.0 	0.0 	0.0 	0.0 	0.0 	
210 	0.0 	0.0 	0.0 	0.0 	0.0 	0.0 	0.0 	0.0 	0.0 	0.0 	0.0 	0.0 	0.0 	0.0 	0.0 	0.25 	0.75 	0.0 	0.0 	0.0 	
211 	0.0 	0.0 	0.0 	0.0 	0.0 	0.0 	0.0 	0.93 	0.0 	0.0 	0.0 	0.0 	0.0 	0.0 	0.0 	0.0 	0.0 	0.07 	0.0 	0.0 	
212 	0.35 	0.0 	0.0 	0.0 	0.0 	0.05 	0.0 	0.09 	0.0 	0.0 	0.0 	0.0 	0.0 	0.0 	0.0 	0.4 	0.11 	0.0 	0.0 	0.0 	
213 	0.04 	0.0 	0.02 	0.0 	0.0 	0.0 	0.0 	0.79 	0.0 	0.0 	0.0 	0.0 	0.0 	0.0 	0.01 	0.11 	0.0 	0.0 	0.0 	0.02 	
214 	0.06 	0.02 	0.0 	0.25 	0.0 	0.0 	0.07 	0.12 	0.0 	0.0 	0.0 	0.15 	0.0 	0.0 	0.0 	0.21 	0.03 	0.0 	0.07 	0.01 	
215 	0.0 	0.1 	0.0 	0.0 	0.0 	0.0 	0.03 	0.0 	0.04 	0.02 	0.06 	0.0 	0.0 	0.05 	0.0 	0.0 	0.11 	0.0 	0.57 	0.0 	
216 	0.13 	0.0 	0.05 	0.03 	0.0 	0.0 	0.04 	0.74 	0.0 	0.0 	0.0 	0.0 	0.0 	0.0 	0.0 	0.0 	0.0 	0.0 	0.0 	0.0 	
217 	0.29 	0.02 	0.0 	0.0 	0.0 	0.0 	0.0 	0.03 	0.0 	0.0 	0.0 	0.0 	0.0 	0.0 	0.0 	0.17 	0.45 	0.0 	0.0 	0.04 	
218 	0.1 	0.49 	0.07 	0.05 	0.0 	0.0 	0.0 	0.0 	0.06 	0.0 	0.0 	0.04 	0.0 	0.0 	0.0 	0.0 	0.19 	0.0 	0.0 	0.0 	
219 	0.02 	0.0 	0.78 	0.0 	0.0 	0.0 	0.0 	0.05 	0.07 	0.0 	0.01 	0.0 	0.0 	0.0 	0.0 	0.07 	0.0 	0.0 	0.0 	0.0 	
220 	0.0 	0.0 	0.0 	0.71 	0.0 	0.0 	0.08 	0.0 	0.0 	0.18 	0.03 	0.0 	0.0 	0.0 	0.0 	0.0 	0.0 	0.0 	0.0 	0.0 	
221 	0.14 	0.0 	0.0 	0.0 	0.0 	0.0 	0.0 	0.0 	0.0 	0.4 	0.04 	0.0 	0.02 	0.0 	0.0 	0.0 	0.07 	0.0 	0.05 	0.28 	
222 	0.75 	0.0 	0.0 	0.0 	0.0 	0.0 	0.0 	0.25 	0.0 	0.0 	0.0 	0.0 	0.0 	0.0 	0.0 	0.0 	0.0 	0.0 	0.0 	0.0 	
223 	0.02 	0.0 	0.0 	0.0 	0.0 	0.0 	0.0 	0.0 	0.0 	0.18 	0.03 	0.0 	0.0 	0.03 	0.0 	0.0 	0.0 	0.0 	0.06 	0.69 	
224 	0.09 	0.0 	0.0 	0.0 	0.0 	0.0 	0.0 	0.0 	0.0 	0.4 	0.11 	0.0 	0.02 	0.0 	0.0 	0.0 	0.04 	0.0 	0.0 	0.36 	
225 	0.0 	0.04 	0.0 	0.0 	0.06 	0.05 	0.07 	0.05 	0.0 	0.0 	0.09 	0.0 	0.0 	0.02 	0.0 	0.0 	0.0 	0.6 	0.03 	0.0 	
226 	0.0 	0.02 	0.04 	0.0 	0.0 	0.0 	0.0 	0.0 	0.07 	0.02 	0.1 	0.0 	0.0 	0.0 	0.66 	0.07 	0.03 	0.0 	0.0 	0.0 	
227 	0.1 	0.0 	0.02 	0.1 	0.0 	0.03 	0.18 	0.0 	0.0 	0.0 	0.0 	0.09 	0.0 	0.0 	0.45 	0.0 	0.03 	0.0 	0.0 	0.0 	
228 	0.02 	0.0 	0.32 	0.2 	0.0 	0.0 	0.02 	0.32 	0.03 	0.0 	0.0 	0.03 	0.0 	0.0 	0.0 	0.02 	0.04 	0.0 	0.0 	0.0 	
229 	0.0 	0.38 	0.09 	0.0 	0.0 	0.06 	0.0 	0.26 	0.06 	0.0 	0.0 	0.11 	0.0 	0.0 	0.0 	0.03 	0.0 	0.0 	0.0 	0.0 	
230 	0.44 	0.06 	0.0 	0.03 	0.0 	0.09 	0.0 	0.0 	0.0 	0.06 	0.02 	0.16 	0.0 	0.0 	0.07 	0.06 	0.0 	0.0 	0.0 	0.02 	
231 	0.0 	0.0 	0.0 	0.0 	0.0 	0.0 	0.04 	0.0 	0.0 	0.0 	0.03 	0.0 	0.0 	0.0 	0.74 	0.08 	0.02 	0.0 	0.0 	0.07 	
232 	0.0 	0.05 	0.0 	0.0 	0.0 	0.0 	0.0 	0.0 	0.0 	0.33 	0.28 	0.0 	0.0 	0.07 	0.0 	0.0 	0.0 	0.05 	0.16 	0.07 	
233 	0.07 	0.0 	0.0 	0.0 	0.0 	0.0 	0.0 	0.0 	0.0 	0.24 	0.06 	0.0 	0.0 	0.04 	0.0 	0.0 	0.06 	0.0 	0.05 	0.5 	
234 	0.05 	0.0 	0.0 	0.0 	0.0 	0.0 	0.0 	0.0 	0.0 	0.17 	0.39 	0.0 	0.08 	0.0 	0.0 	0.0 	0.0 	0.0 	0.0 	0.32 	
235 	0.42 	0.0 	0.02 	0.0 	0.0 	0.0 	0.0 	0.02 	0.0 	0.0 	0.01 	0.0 	0.02 	0.0 	0.0 	0.18 	0.09 	0.0 	0.0 	0.23 	
236 	0.09 	0.0 	0.0 	0.0 	0.0 	0.0 	0.0 	0.0 	0.0 	0.28 	0.07 	0.0 	0.03 	0.0 	0.0 	0.0 	0.12 	0.0 	0.0 	0.41 	
237 	0.0 	0.02 	0.0 	0.0 	0.0 	0.02 	0.0 	0.0 	0.0 	0.0 	0.26 	0.0 	0.1 	0.24 	0.0 	0.0 	0.0 	0.0 	0.35 	0.0 	
238 	0.0 	0.0 	0.0 	0.0 	0.0 	0.0 	0.0 	0.0 	0.0 	0.11 	0.11 	0.0 	0.0 	0.13 	0.0 	0.23 	0.26 	0.0 	0.0 	0.16 	
239 	0.07 	0.05 	0.06 	0.02 	0.0 	0.05 	0.0 	0.0 	0.09 	0.0 	0.0 	0.11 	0.05 	0.0 	0.0 	0.16 	0.35 	0.0 	0.0 	0.0 	
240 	0.06 	0.14 	0.0 	0.2 	0.0 	0.33 	0.02 	0.06 	0.03 	0.0 	0.0 	0.15 	0.0 	0.0 	0.0 	0.0 	0.0 	0.0 	0.0 	0.0 	
241 	0.0 	0.02 	0.02 	0.14 	0.0 	0.01 	0.02 	0.06 	0.04 	0.0 	0.0 	0.02 	0.0 	0.14 	0.17 	0.12 	0.19 	0.0 	0.0 	0.07 	
242 	0.07 	0.02 	0.04 	0.11 	0.0 	0.12 	0.18 	0.02 	0.04 	0.0 	0.0 	0.11 	0.0 	0.0 	0.1 	0.03 	0.12 	0.0 	0.05 	0.0 	
243 	0.24 	0.0 	0.0 	0.04 	0.0 	0.16 	0.12 	0.06 	0.0 	0.02 	0.0 	0.2 	0.0 	0.0 	0.14 	0.0 	0.0 	0.0 	0.02 	0.0 	
244 	0.02 	0.02 	0.1 	0.4 	0.0 	0.0 	0.1 	0.0 	0.0 	0.0 	0.0 	0.07 	0.0 	0.0 	0.0 	0.22 	0.08 	0.0 	0.0 	0.0 	
245 	0.47 	0.0 	0.0 	0.11 	0.0 	0.0 	0.0 	0.02 	0.0 	0.02 	0.0 	0.06 	0.11 	0.09 	0.0 	0.11 	0.0 	0.0 	0.02 	0.0 	
246 	0.09 	0.04 	0.01 	0.02 	0.0 	0.09 	0.36 	0.0 	0.0 	0.01 	0.0 	0.25 	0.0 	0.0 	0.04 	0.06 	0.02 	0.0 	0.0 	0.02 	
247 	0.09 	0.03 	0.07 	0.06 	0.0 	0.08 	0.1 	0.03 	0.05 	0.0 	0.02 	0.0 	0.0 	0.02 	0.18 	0.06 	0.06 	0.0 	0.11 	0.03 	
248 	0.14 	0.32 	0.15 	0.23 	0.0 	0.0 	0.02 	0.0 	0.02 	0.0 	0.02 	0.04 	0.0 	0.0 	0.0 	0.06 	0.0 	0.0 	0.0 	0.0 	
249 	0.07 	0.09 	0.32 	0.22 	0.0 	0.0 	0.14 	0.0 	0.0 	0.0 	0.0 	0.06 	0.0 	0.0 	0.0 	0.08 	0.02 	0.0 	0.0 	0.0 	
250 	0.23 	0.02 	0.05 	0.16 	0.0 	0.15 	0.15 	0.02 	0.0 	0.0 	0.0 	0.1 	0.0 	0.0 	0.08 	0.0 	0.04 	0.0 	0.0 	0.02 	
251 	0.1 	0.0 	0.0 	0.0 	0.0 	0.04 	0.0 	0.0 	0.02 	0.17 	0.43 	0.0 	0.0 	0.0 	0.0 	0.0 	0.02 	0.0 	0.06 	0.17 	
252 	0.0 	0.0 	0.0 	0.0 	0.0 	0.0 	0.0 	0.0 	0.0 	0.5 	0.24 	0.0 	0.1 	0.0 	0.0 	0.0 	0.0 	0.0 	0.0 	0.16 	
253 	0.79 	0.0 	0.0 	0.0 	0.0 	0.0 	0.02 	0.03 	0.0 	0.02 	0.0 	0.04 	0.0 	0.0 	0.0 	0.03 	0.0 	0.0 	0.0 	0.07 	
254 	0.08 	0.09 	0.0 	0.11 	0.0 	0.17 	0.28 	0.04 	0.06 	0.0 	0.0 	0.13 	0.0 	0.0 	0.0 	0.06 	0.0 	0.0 	0.0 	0.0 	
255 	0.43 	0.0 	0.0 	0.0 	0.0 	0.0 	0.0 	0.0 	0.0 	0.29 	0.08 	0.0 	0.0 	0.0 	0.0 	0.0 	0.05 	0.0 	0.0 	0.15 	
256 	0.43 	0.0 	0.0 	0.0 	0.0 	0.0 	0.0 	0.27 	0.0 	0.0 	0.0 	0.0 	0.0 	0.0 	0.01 	0.14 	0.15 	0.0 	0.0 	0.0 	
257 	0.14 	0.35 	0.0 	0.0 	0.0 	0.06 	0.08 	0.0 	0.02 	0.0 	0.02 	0.25 	0.0 	0.0 	0.0 	0.02 	0.04 	0.0 	0.0 	0.02 	
258 	0.07 	0.07 	0.0 	0.0 	0.02 	0.04 	0.04 	0.0 	0.0 	0.21 	0.06 	0.0 	0.05 	0.0 	0.0 	0.1 	0.04 	0.0 	0.0 	0.29 	
259 	0.15 	0.0 	0.0 	0.0 	0.0 	0.0 	0.0 	0.0 	0.0 	0.19 	0.2 	0.0 	0.0 	0.0 	0.0 	0.0 	0.0 	0.0 	0.0 	0.47 	
260 	0.16 	0.07 	0.0 	0.0 	0.0 	0.0 	0.0 	0.0 	0.0 	0.09 	0.1 	0.03 	0.05 	0.08 	0.0 	0.02 	0.09 	0.0 	0.19 	0.12 	
261 	0.01 	0.0 	0.03 	0.3 	0.0 	0.07 	0.22 	0.02 	0.04 	0.0 	0.0 	0.14 	0.0 	0.0 	0.03 	0.11 	0.04 	0.0 	0.0 	0.0 	
262 	0.25 	0.11 	0.02 	0.03 	0.0 	0.02 	0.02 	0.2 	0.0 	0.0 	0.08 	0.0 	0.0 	0.0 	0.0 	0.07 	0.16 	0.0 	0.0 	0.03 	
263 	0.0 	0.0 	0.0 	0.0 	0.0 	0.0 	0.0 	0.0 	0.0 	0.09 	0.72 	0.0 	0.07 	0.02 	0.0 	0.0 	0.0 	0.0 	0.0 	0.1 	
