	A 	R 	N 	D 	C 	Q 	E 	G 	H 	I 	L 	K 	M 	F 	P 	S 	T 	W 	Y 	V 	
1 	0.9 	0.0 	0.0 	0.0 	0.0 	0.0 	0.0 	0.0 	0.0 	0.0 	0.0 	0.0 	0.0 	0.0 	0.0 	0.1 	0.0 	0.0 	0.0 	0.0 	
2 	0.0 	0.02 	0.12 	0.0 	0.0 	0.0 	0.0 	0.0 	0.0 	0.0 	0.0 	0.2 	0.0 	0.0 	0.0 	0.0 	0.59 	0.0 	0.0 	0.07 	
3 	0.0 	0.0 	0.0 	0.0 	0.0 	0.0 	0.0 	0.0 	0.0 	0.19 	0.09 	0.0 	0.03 	0.62 	0.0 	0.0 	0.0 	0.0 	0.0 	0.06 	
4 	0.0 	0.03 	0.04 	0.16 	0.0 	0.0 	0.16 	0.0 	0.0 	0.12 	0.0 	0.0 	0.0 	0.0 	0.0 	0.06 	0.43 	0.0 	0.0 	0.0 	
5 	0.0 	0.0 	0.0 	0.0 	0.0 	0.0 	0.0 	0.0 	0.0 	0.47 	0.12 	0.0 	0.05 	0.22 	0.0 	0.0 	0.0 	0.0 	0.0 	0.15 	
6 	0.0 	0.14 	0.0 	0.0 	0.0 	0.0 	0.07 	0.0 	0.01 	0.07 	0.01 	0.15 	0.0 	0.0 	0.0 	0.0 	0.24 	0.0 	0.06 	0.25 	
7 	0.0 	0.0 	1.0 	0.0 	0.0 	0.0 	0.0 	0.0 	0.0 	0.0 	0.0 	0.0 	0.0 	0.0 	0.0 	0.0 	0.0 	0.0 	0.0 	0.0 	
8 	0.0 	0.11 	0.45 	0.0 	0.0 	0.2 	0.0 	0.0 	0.0 	0.0 	0.0 	0.24 	0.0 	0.0 	0.0 	0.0 	0.0 	0.0 	0.0 	0.0 	
9 	0.0 	0.0 	0.0 	0.0 	0.9 	0.0 	0.0 	0.0 	0.0 	0.0 	0.0 	0.0 	0.0 	0.0 	0.0 	0.0 	0.0 	0.0 	0.0 	0.0 	
10 	0.0 	0.0 	0.0 	0.05 	0.0 	0.02 	0.03 	0.17 	0.0 	0.0 	0.0 	0.06 	0.0 	0.0 	0.45 	0.16 	0.07 	0.0 	0.0 	0.0 	
11 	0.0 	0.05 	0.03 	0.0 	0.0 	0.0 	0.05 	0.0 	0.06 	0.0 	0.0 	0.0 	0.0 	0.11 	0.0 	0.02 	0.03 	0.0 	0.65 	0.0 	
12 	0.0 	0.0 	0.0 	0.0 	0.0 	0.0 	0.0 	0.0 	0.0 	0.0 	0.0 	0.0 	0.03 	0.0 	0.06 	0.09 	0.82 	0.0 	0.0 	0.0 	
13 	0.0 	0.0 	0.0 	0.0 	0.0 	0.0 	0.0 	0.0 	0.0 	0.15 	0.0 	0.0 	0.0 	0.0 	0.0 	0.0 	0.0 	0.0 	0.0 	0.85 	
14 	0.05 	0.0 	0.0 	0.0 	0.0 	0.0 	0.0 	0.0 	0.0 	0.0 	0.0 	0.0 	0.0 	0.0 	0.0 	0.0 	0.0 	0.93 	0.0 	0.0 	
15 	0.4 	0.0 	0.0 	0.0 	0.0 	0.0 	0.0 	0.0 	0.0 	0.0 	0.0 	0.0 	0.0 	0.0 	0.6 	0.0 	0.0 	0.0 	0.0 	0.0 	
16 	0.54 	0.0 	0.0 	0.0 	0.0 	0.0 	0.0 	0.46 	0.0 	0.0 	0.0 	0.0 	0.0 	0.0 	0.0 	0.0 	0.0 	0.0 	0.0 	0.0 	
17 	0.31 	0.0 	0.0 	0.0 	0.0 	0.0 	0.0 	0.17 	0.0 	0.14 	0.0 	0.0 	0.0 	0.05 	0.0 	0.05 	0.2 	0.0 	0.0 	0.05 	
18 	0.0 	0.0 	0.0 	0.0 	0.0 	0.1 	0.0 	0.0 	0.0 	0.08 	0.42 	0.0 	0.0 	0.01 	0.0 	0.2 	0.11 	0.0 	0.0 	0.07 	
19 	0.07 	0.0 	0.0 	0.0 	0.0 	0.0 	0.0 	0.0 	0.0 	0.0 	0.0 	0.04 	0.0 	0.03 	0.55 	0.06 	0.25 	0.0 	0.0 	0.0 	
20 	0.01 	0.01 	0.01 	0.01 	0.0 	0.01 	0.01 	0.71 	0.0 	0.01 	0.01 	0.01 	0.06 	0.01 	0.01 	0.07 	0.01 	0.0 	0.0 	0.05 	
21 	0.03 	0.02 	0.04 	0.19 	0.01 	0.1 	0.02 	0.2 	0.1 	0.02 	0.03 	0.02 	0.01 	0.01 	0.02 	0.08 	0.07 	0.0 	0.01 	0.02 	
22 	0.07 	0.02 	0.07 	0.02 	0.01 	0.01 	0.02 	0.26 	0.01 	0.02 	0.03 	0.02 	0.01 	0.01 	0.3 	0.02 	0.07 	0.0 	0.01 	0.02 	
23 	0.17 	0.02 	0.01 	0.05 	0.01 	0.27 	0.02 	0.06 	0.01 	0.02 	0.09 	0.04 	0.01 	0.01 	0.02 	0.02 	0.07 	0.0 	0.01 	0.09 	
24 	0.08 	0.02 	0.01 	0.02 	0.01 	0.13 	0.02 	0.02 	0.01 	0.05 	0.46 	0.02 	0.01 	0.01 	0.06 	0.02 	0.02 	0.0 	0.01 	0.02 	
25 	0.09 	0.01 	0.01 	0.05 	0.0 	0.09 	0.06 	0.1 	0.0 	0.03 	0.11 	0.01 	0.0 	0.03 	0.09 	0.2 	0.01 	0.0 	0.01 	0.1 	
26 	0.05 	0.06 	0.04 	0.08 	0.0 	0.01 	0.04 	0.22 	0.0 	0.01 	0.11 	0.03 	0.0 	0.01 	0.01 	0.07 	0.23 	0.0 	0.01 	0.01 	
27 	0.01 	0.01 	0.06 	0.01 	0.0 	0.0 	0.01 	0.58 	0.0 	0.01 	0.01 	0.01 	0.0 	0.0 	0.01 	0.01 	0.27 	0.0 	0.0 	0.01 	
28 	0.04 	0.01 	0.01 	0.01 	0.0 	0.0 	0.01 	0.87 	0.0 	0.01 	0.01 	0.01 	0.0 	0.0 	0.01 	0.01 	0.01 	0.0 	0.0 	0.01 	
29 	0.01 	0.2 	0.01 	0.01 	0.0 	0.02 	0.01 	0.01 	0.0 	0.03 	0.01 	0.06 	0.0 	0.56 	0.01 	0.01 	0.01 	0.0 	0.0 	0.05 	
30 	0.01 	0.19 	0.01 	0.01 	0.0 	0.19 	0.25 	0.01 	0.05 	0.01 	0.01 	0.08 	0.0 	0.0 	0.01 	0.06 	0.08 	0.0 	0.0 	0.04 	
31 	0.01 	0.01 	0.01 	0.01 	0.0 	0.0 	0.01 	0.01 	0.0 	0.01 	0.9 	0.01 	0.0 	0.0 	0.01 	0.01 	0.01 	0.0 	0.0 	0.01 	
32 	0.28 	0.0 	0.1 	0.2 	0.0 	0.0 	0.04 	0.07 	0.05 	0.0 	0.01 	0.08 	0.0 	0.0 	0.06 	0.02 	0.03 	0.0 	0.0 	0.04 	
33 	0.13 	0.09 	0.0 	0.0 	0.0 	0.16 	0.0 	0.0 	0.0 	0.0 	0.0 	0.07 	0.0 	0.0 	0.18 	0.31 	0.04 	0.0 	0.0 	0.0 	
34 	0.0 	0.0 	0.06 	0.0 	0.0 	0.06 	0.0 	0.72 	0.0 	0.0 	0.05 	0.09 	0.0 	0.0 	0.0 	0.0 	0.0 	0.0 	0.0 	0.0 	
35 	0.17 	0.0 	0.0 	0.0 	0.0 	0.42 	0.15 	0.05 	0.0 	0.02 	0.0 	0.06 	0.0 	0.0 	0.0 	0.0 	0.05 	0.0 	0.0 	0.02 	
36 	0.06 	0.02 	0.02 	0.0 	0.0 	0.0 	0.05 	0.0 	0.05 	0.0 	0.0 	0.0 	0.0 	0.0 	0.0 	0.55 	0.25 	0.0 	0.0 	0.0 	
37 	0.05 	0.17 	0.0 	0.0 	0.0 	0.03 	0.0 	0.0 	0.05 	0.0 	0.04 	0.0 	0.0 	0.06 	0.0 	0.04 	0.04 	0.4 	0.0 	0.03 	
38 	0.07 	0.07 	0.08 	0.0 	0.0 	0.08 	0.0 	0.0 	0.0 	0.02 	0.0 	0.0 	0.0 	0.0 	0.05 	0.28 	0.21 	0.02 	0.0 	0.07 	
39 	0.0 	0.0 	0.0 	0.0 	0.0 	0.0 	0.0 	0.03 	0.0 	0.29 	0.34 	0.0 	0.0 	0.09 	0.0 	0.0 	0.0 	0.0 	0.0 	0.22 	
40 	0.03 	0.0 	0.37 	0.14 	0.0 	0.16 	0.07 	0.03 	0.0 	0.0 	0.0 	0.0 	0.0 	0.0 	0.05 	0.0 	0.09 	0.02 	0.0 	0.0 	
41 	0.26 	0.0 	0.0 	0.0 	0.0 	0.0 	0.0 	0.0 	0.0 	0.0 	0.1 	0.0 	0.02 	0.0 	0.04 	0.0 	0.06 	0.0 	0.0 	0.47 	
42 	0.13 	0.0 	0.01 	0.02 	0.0 	0.05 	0.04 	0.02 	0.0 	0.0 	0.0 	0.0 	0.0 	0.0 	0.66 	0.03 	0.0 	0.0 	0.0 	0.0 	
43 	0.44 	0.04 	0.06 	0.01 	0.0 	0.01 	0.01 	0.03 	0.0 	0.01 	0.02 	0.01 	0.0 	0.01 	0.28 	0.05 	0.01 	0.0 	0.01 	0.01 	
44 	0.09 	0.04 	0.01 	0.01 	0.0 	0.01 	0.01 	0.54 	0.0 	0.01 	0.01 	0.01 	0.0 	0.01 	0.01 	0.15 	0.01 	0.0 	0.0 	0.07 	
45 	0.02 	0.01 	0.01 	0.01 	0.0 	0.01 	0.02 	0.02 	0.06 	0.01 	0.08 	0.01 	0.01 	0.01 	0.19 	0.03 	0.46 	0.0 	0.01 	0.02 	
46 	0.08 	0.0 	0.05 	0.0 	0.0 	0.04 	0.0 	0.0 	0.0 	0.0 	0.0 	0.14 	0.0 	0.0 	0.0 	0.06 	0.1 	0.48 	0.0 	0.02 	
47 	0.06 	0.02 	0.03 	0.0 	0.0 	0.05 	0.0 	0.14 	0.0 	0.0 	0.0 	0.05 	0.1 	0.0 	0.0 	0.48 	0.02 	0.0 	0.0 	0.0 	
48 	0.35 	0.0 	0.0 	0.0 	0.0 	0.0 	0.0 	0.65 	0.0 	0.0 	0.0 	0.0 	0.0 	0.0 	0.0 	0.0 	0.0 	0.0 	0.0 	0.0 	
49 	0.06 	0.89 	0.0 	0.0 	0.0 	0.0 	0.0 	0.0 	0.0 	0.0 	0.0 	0.05 	0.0 	0.0 	0.0 	0.0 	0.0 	0.0 	0.0 	0.0 	
50 	0.0 	0.0 	0.0 	0.0 	0.0 	0.0 	0.0 	0.0 	0.0 	0.4 	0.05 	0.0 	0.0 	0.41 	0.0 	0.0 	0.0 	0.0 	0.0 	0.14 	
51 	0.0 	0.0 	0.0 	0.0 	0.0 	0.0 	0.0 	0.0 	0.0 	0.0 	0.0 	0.0 	0.0 	0.03 	0.0 	0.0 	0.0 	0.97 	0.0 	0.0 	
52 	0.36 	0.0 	0.0 	0.0 	0.0 	0.0 	0.0 	0.59 	0.0 	0.0 	0.0 	0.0 	0.0 	0.0 	0.05 	0.0 	0.0 	0.0 	0.0 	0.0 	
53 	0.0 	1.0 	0.0 	0.0 	0.0 	0.0 	0.0 	0.0 	0.0 	0.0 	0.0 	0.0 	0.0 	0.0 	0.0 	0.0 	0.0 	0.0 	0.0 	0.0 	
54 	0.0 	0.05 	0.0 	0.0 	0.0 	0.0 	0.0 	0.0 	0.05 	0.0 	0.0 	0.0 	0.0 	0.0 	0.0 	0.08 	0.81 	0.0 	0.0 	0.0 	
55 	0.0 	0.14 	0.15 	0.11 	0.0 	0.0 	0.0 	0.53 	0.03 	0.0 	0.0 	0.0 	0.0 	0.05 	0.0 	0.0 	0.0 	0.0 	0.0 	0.0 	
56 	0.0 	0.0 	0.0 	0.0 	0.95 	0.0 	0.0 	0.0 	0.0 	0.0 	0.0 	0.0 	0.0 	0.0 	0.0 	0.0 	0.0 	0.0 	0.0 	0.0 	
57 	0.0 	0.0 	0.31 	0.0 	0.0 	0.0 	0.0 	0.0 	0.0 	0.0 	0.0 	0.02 	0.0 	0.0 	0.0 	0.51 	0.11 	0.0 	0.05 	0.0 	
58 	0.0 	0.0 	0.0 	0.0 	0.0 	0.0 	0.0 	0.0 	0.0 	0.03 	0.0 	0.0 	0.0 	0.7 	0.0 	0.0 	0.22 	0.0 	0.06 	0.0 	
59 	0.0 	0.0 	0.15 	0.74 	0.0 	0.06 	0.0 	0.0 	0.0 	0.0 	0.0 	0.0 	0.0 	0.0 	0.0 	0.05 	0.0 	0.0 	0.0 	0.0 	
60 	0.34 	0.06 	0.04 	0.05 	0.0 	0.0 	0.0 	0.25 	0.06 	0.0 	0.0 	0.0 	0.0 	0.0 	0.0 	0.19 	0.0 	0.0 	0.0 	0.0 	
61 	0.13 	0.06 	0.07 	0.01 	0.0 	0.01 	0.01 	0.01 	0.0 	0.01 	0.01 	0.01 	0.0 	0.01 	0.01 	0.56 	0.09 	0.0 	0.0 	0.01 	
62 	0.0 	0.0 	0.0 	0.0 	0.0 	0.0 	0.0 	1.0 	0.0 	0.0 	0.0 	0.0 	0.0 	0.0 	0.0 	0.0 	0.0 	0.0 	0.0 	0.0 	
63 	0.0 	0.46 	0.08 	0.0 	0.0 	0.05 	0.0 	0.0 	0.0 	0.0 	0.0 	0.34 	0.0 	0.0 	0.0 	0.07 	0.0 	0.0 	0.0 	0.0 	
64 	0.0 	0.0 	0.0 	0.0 	0.0 	0.0 	0.0 	0.7 	0.0 	0.0 	0.0 	0.0 	0.0 	0.3 	0.0 	0.0 	0.0 	0.0 	0.0 	0.0 	
65 	0.0 	0.07 	0.02 	0.0 	0.0 	0.02 	0.0 	0.02 	0.04 	0.05 	0.0 	0.07 	0.0 	0.0 	0.0 	0.34 	0.25 	0.02 	0.06 	0.06 	
66 	0.0 	0.0 	0.0 	0.0 	1.0 	0.0 	0.0 	0.0 	0.0 	0.0 	0.0 	0.0 	0.0 	0.0 	0.0 	0.0 	0.0 	0.0 	0.0 	0.0 	
67 	0.31 	0.04 	0.03 	0.0 	0.0 	0.31 	0.14 	0.0 	0.0 	0.03 	0.03 	0.05 	0.0 	0.0 	0.0 	0.03 	0.0 	0.0 	0.0 	0.02 	
68 	0.0 	0.0 	0.0 	0.0 	0.0 	0.0 	0.0 	0.0 	0.0 	0.0 	0.0 	0.0 	0.0 	0.0 	0.0 	0.04 	0.96 	0.0 	0.0 	0.0 	
69 	0.16 	0.0 	0.0 	0.0 	0.0 	0.0 	0.0 	0.84 	0.0 	0.0 	0.0 	0.0 	0.0 	0.0 	0.0 	0.0 	0.0 	0.0 	0.0 	0.0 	
70 	0.0 	0.0 	0.0 	1.0 	0.0 	0.0 	0.0 	0.0 	0.0 	0.0 	0.0 	0.0 	0.0 	0.0 	0.0 	0.0 	0.0 	0.0 	0.0 	0.0 	
71 	0.0 	0.0 	0.0 	0.0 	1.0 	0.0 	0.0 	0.0 	0.0 	0.0 	0.0 	0.0 	0.0 	0.0 	0.0 	0.0 	0.0 	0.0 	0.0 	0.0 	
72 	0.11 	0.0 	0.17 	0.0 	0.0 	0.0 	0.0 	0.64 	0.0 	0.0 	0.0 	0.0 	0.0 	0.0 	0.0 	0.08 	0.0 	0.0 	0.0 	0.0 	
73 	0.0 	0.02 	0.06 	0.0 	0.0 	0.0 	0.0 	0.89 	0.0 	0.0 	0.0 	0.0 	0.0 	0.0 	0.0 	0.02 	0.0 	0.0 	0.0 	0.0 	
74 	0.08 	0.06 	0.0 	0.0 	0.0 	0.32 	0.0 	0.02 	0.0 	0.0 	0.14 	0.05 	0.05 	0.0 	0.0 	0.04 	0.04 	0.0 	0.0 	0.18 	
75 	0.0 	0.0 	0.0 	0.0 	0.0 	0.0 	0.0 	0.0 	0.0 	0.14 	0.7 	0.0 	0.0 	0.0 	0.0 	0.0 	0.0 	0.0 	0.0 	0.17 	
76 	0.08 	0.11 	0.1 	0.02 	0.0 	0.14 	0.19 	0.0 	0.0 	0.0 	0.0 	0.0 	0.06 	0.0 	0.0 	0.31 	0.0 	0.0 	0.0 	0.0 	
77 	0.0 	0.0 	0.0 	0.0 	1.0 	0.0 	0.0 	0.0 	0.0 	0.0 	0.0 	0.0 	0.0 	0.0 	0.0 	0.0 	0.0 	0.0 	0.0 	0.0 	
78 	0.0 	0.0 	0.34 	0.06 	0.0 	0.23 	0.0 	0.0 	0.0 	0.0 	0.0 	0.09 	0.0 	0.0 	0.0 	0.07 	0.21 	0.0 	0.0 	0.0 	
79 	0.07 	0.05 	0.0 	0.05 	0.0 	0.0 	0.0 	0.64 	0.0 	0.0 	0.1 	0.0 	0.0 	0.0 	0.0 	0.0 	0.0 	0.0 	0.0 	0.08 	
80 	0.2 	0.0 	0.09 	0.04 	0.0 	0.0 	0.0 	0.11 	0.0 	0.0 	0.0 	0.0 	0.0 	0.07 	0.0 	0.26 	0.03 	0.07 	0.13 	0.0 	
81 	0.04 	0.0 	0.0 	0.0 	0.0 	0.0 	0.0 	0.96 	0.0 	0.0 	0.0 	0.0 	0.0 	0.0 	0.0 	0.0 	0.0 	0.0 	0.0 	0.0 	
82 	0.43 	0.11 	0.0 	0.0 	0.0 	0.15 	0.04 	0.05 	0.0 	0.03 	0.0 	0.07 	0.0 	0.0 	0.0 	0.06 	0.03 	0.0 	0.0 	0.02 	
83 	0.14 	0.0 	0.0 	0.0 	0.0 	0.0 	0.0 	0.0 	0.0 	0.0 	0.01 	0.02 	0.0 	0.0 	0.59 	0.0 	0.06 	0.0 	0.0 	0.15 	
84 	0.0 	0.0 	0.0 	0.0 	0.0 	0.0 	0.0 	0.0 	0.0 	0.0 	0.0 	0.0 	0.0 	0.0 	1.0 	0.0 	0.0 	0.0 	0.0 	0.0 	
85 	0.55 	0.0 	0.18 	0.0 	0.0 	0.0 	0.0 	0.0 	0.0 	0.0 	0.02 	0.0 	0.0 	0.0 	0.0 	0.03 	0.13 	0.0 	0.0 	0.09 	
86 	0.0 	0.0 	0.0 	0.0 	0.0 	0.0 	0.0 	0.0 	0.0 	0.0 	0.0 	0.0 	0.0 	0.0 	0.0 	0.1 	0.9 	0.0 	0.0 	0.0 	
87 	0.0 	0.0 	0.0 	0.0 	0.0 	0.0 	0.0 	0.0 	0.0 	0.0 	0.95 	0.0 	0.0 	0.0 	0.0 	0.0 	0.0 	0.0 	0.0 	0.05 	
88 	0.69 	0.0 	0.0 	0.0 	0.0 	0.0 	0.0 	0.0 	0.0 	0.05 	0.03 	0.0 	0.0 	0.0 	0.0 	0.0 	0.0 	0.0 	0.0 	0.23 	
89 	0.0 	0.0 	0.0 	0.05 	0.0 	0.06 	0.89 	0.0 	0.0 	0.0 	0.0 	0.0 	0.0 	0.0 	0.0 	0.0 	0.0 	0.0 	0.0 	0.0 	
90 	0.0 	0.0 	0.0 	0.0 	0.0 	0.0 	0.0 	0.0 	0.0 	0.15 	0.03 	0.0 	0.05 	0.42 	0.0 	0.0 	0.0 	0.0 	0.34 	0.0 	
91 	0.21 	0.0 	0.06 	0.0 	0.0 	0.0 	0.0 	0.02 	0.0 	0.0 	0.0 	0.0 	0.0 	0.0 	0.0 	0.1 	0.56 	0.0 	0.0 	0.06 	
92 	0.0 	0.0 	0.0 	0.0 	0.0 	0.0 	0.0 	0.0 	0.04 	0.3 	0.62 	0.0 	0.0 	0.0 	0.0 	0.0 	0.0 	0.0 	0.0 	0.0 	
93 	0.17 	0.0 	0.31 	0.09 	0.0 	0.0 	0.0 	0.29 	0.06 	0.0 	0.01 	0.02 	0.0 	0.0 	0.0 	0.03 	0.0 	0.0 	0.0 	0.0 	
94 	0.17 	0.0 	0.1 	0.06 	0.0 	0.34 	0.0 	0.12 	0.06 	0.0 	0.0 	0.0 	0.0 	0.0 	0.08 	0.03 	0.0 	0.0 	0.0 	0.0 	
95 	0.0 	0.04 	0.0 	0.0 	0.0 	0.0 	0.07 	0.37 	0.0 	0.0 	0.0 	0.0 	0.0 	0.13 	0.06 	0.15 	0.05 	0.0 	0.11 	0.0 	
96 	0.06 	0.0 	0.26 	0.06 	0.0 	0.0 	0.0 	0.34 	0.08 	0.0 	0.01 	0.03 	0.0 	0.0 	0.0 	0.11 	0.0 	0.0 	0.0 	0.0 	
97 	0.06 	0.0 	0.15 	0.0 	0.0 	0.39 	0.0 	0.0 	0.0 	0.0 	0.16 	0.13 	0.09 	0.0 	0.0 	0.0 	0.0 	0.0 	0.0 	0.0 	
98 	0.0 	0.0 	0.0 	0.95 	0.0 	0.0 	0.0 	0.0 	0.05 	0.0 	0.0 	0.0 	0.0 	0.0 	0.0 	0.0 	0.0 	0.0 	0.0 	0.0 	
99 	0.0 	0.0 	0.0 	0.0 	0.0 	0.0 	0.0 	0.0 	0.0 	0.0 	0.0 	0.0 	0.0 	0.8 	0.0 	0.0 	0.0 	0.0 	0.2 	0.0 	
100 	0.0 	0.0 	0.0 	0.0 	0.0 	0.0 	0.0 	0.0 	0.0 	0.05 	0.0 	0.0 	0.0 	0.06 	0.0 	0.0 	0.0 	0.06 	0.77 	0.06 	
101 	0.0 	0.0 	0.0 	0.95 	0.0 	0.0 	0.0 	0.05 	0.0 	0.0 	0.0 	0.0 	0.0 	0.0 	0.0 	0.0 	0.0 	0.0 	0.0 	0.0 	
102 	0.0 	0.0 	0.0 	0.0 	0.0 	0.0 	0.0 	0.0 	0.0 	0.47 	0.04 	0.0 	0.0 	0.0 	0.0 	0.0 	0.0 	0.0 	0.0 	0.5 	
103 	0.0 	0.0 	0.0 	0.0 	0.0 	0.0 	0.0 	0.0 	0.0 	0.0 	0.0 	0.0 	0.0 	0.0 	0.0 	1.0 	0.0 	0.0 	0.0 	0.0 	
104 	0.0 	0.0 	0.07 	0.0 	0.0 	0.0 	0.0 	0.0 	0.0 	0.0 	0.7 	0.0 	0.0 	0.0 	0.0 	0.0 	0.0 	0.0 	0.0 	0.23 	
105 	0.0 	0.0 	0.0 	0.0 	0.0 	0.0 	0.0 	0.0 	0.0 	0.27 	0.03 	0.0 	0.0 	0.0 	0.0 	0.0 	0.0 	0.0 	0.0 	0.7 	
106 	0.0 	0.0 	0.0 	0.95 	0.0 	0.0 	0.0 	0.0 	0.0 	0.0 	0.0 	0.05 	0.0 	0.0 	0.0 	0.0 	0.0 	0.0 	0.0 	0.0 	
107 	0.0 	0.0 	0.0 	0.0 	0.0 	0.0 	0.0 	0.96 	0.0 	0.0 	0.0 	0.0 	0.0 	0.0 	0.0 	0.0 	0.0 	0.0 	0.0 	0.04 	
108 	0.0 	0.0 	0.0 	0.0 	0.0 	0.0 	0.0 	0.0 	0.0 	0.0 	0.0 	0.0 	0.0 	0.71 	0.0 	0.0 	0.0 	0.0 	0.29 	0.0 	
109 	0.0 	0.0 	1.0 	0.0 	0.0 	0.0 	0.0 	0.0 	0.0 	0.0 	0.0 	0.0 	0.0 	0.0 	0.0 	0.0 	0.0 	0.0 	0.0 	0.0 	
110 	0.05 	0.0 	0.0 	0.0 	0.0 	0.0 	0.0 	0.0 	0.0 	0.23 	0.43 	0.0 	0.0 	0.0 	0.0 	0.0 	0.0 	0.0 	0.0 	0.29 	
111 	0.22 	0.03 	0.0 	0.0 	0.0 	0.0 	0.0 	0.0 	0.0 	0.0 	0.0 	0.02 	0.0 	0.0 	0.73 	0.0 	0.0 	0.0 	0.0 	0.0 	
112 	0.0 	0.0 	0.0 	0.0 	0.0 	0.0 	0.0 	0.0 	0.0 	0.04 	0.28 	0.0 	0.65 	0.0 	0.0 	0.0 	0.0 	0.0 	0.0 	0.03 	
113 	0.07 	0.0 	0.03 	0.2 	0.0 	0.0 	0.07 	0.02 	0.0 	0.0 	0.03 	0.03 	0.0 	0.0 	0.0 	0.39 	0.12 	0.0 	0.0 	0.04 	
114 	0.05 	0.0 	0.0 	0.0 	0.0 	0.0 	0.0 	0.0 	0.0 	0.18 	0.03 	0.0 	0.03 	0.41 	0.0 	0.0 	0.0 	0.0 	0.0 	0.29 	
115 	0.18 	0.02 	0.06 	0.0 	0.0 	0.0 	0.03 	0.02 	0.0 	0.0 	0.02 	0.0 	0.03 	0.0 	0.0 	0.33 	0.17 	0.0 	0.0 	0.12 	
116 	0.07 	0.0 	0.0 	0.0 	0.1 	0.0 	0.0 	0.08 	0.0 	0.0 	0.03 	0.0 	0.0 	0.0 	0.67 	0.0 	0.0 	0.0 	0.0 	0.0 	
117 	0.03 	0.0 	0.0 	0.03 	0.0 	0.12 	0.0 	0.11 	0.06 	0.0 	0.01 	0.0 	0.0 	0.0 	0.0 	0.23 	0.33 	0.0 	0.0 	0.07 	
118 	0.03 	0.0 	0.14 	0.0 	0.0 	0.0 	0.06 	0.15 	0.0 	0.0 	0.01 	0.03 	0.0 	0.0 	0.0 	0.21 	0.35 	0.0 	0.0 	0.0 	
119 	0.06 	0.1 	0.04 	0.0 	0.0 	0.0 	0.0 	0.54 	0.0 	0.0 	0.01 	0.0 	0.0 	0.0 	0.09 	0.04 	0.03 	0.0 	0.0 	0.06 	
120 	0.01 	0.01 	0.12 	0.18 	0.0 	0.1 	0.05 	0.23 	0.0 	0.01 	0.01 	0.12 	0.0 	0.0 	0.01 	0.01 	0.11 	0.0 	0.0 	0.03 	
121 	0.01 	0.01 	0.01 	0.01 	0.84 	0.01 	0.01 	0.01 	0.0 	0.01 	0.02 	0.01 	0.0 	0.01 	0.01 	0.01 	0.01 	0.0 	0.01 	0.01 	
122 	0.01 	0.19 	0.04 	0.01 	0.0 	0.01 	0.01 	0.06 	0.08 	0.01 	0.05 	0.29 	0.0 	0.03 	0.06 	0.09 	0.05 	0.0 	0.01 	0.01 	
123 	0.16 	0.07 	0.07 	0.03 	0.0 	0.01 	0.01 	0.21 	0.0 	0.01 	0.02 	0.01 	0.03 	0.01 	0.05 	0.04 	0.15 	0.0 	0.06 	0.07 	
124 	0.18 	0.01 	0.01 	0.01 	0.0 	0.01 	0.01 	0.04 	0.0 	0.23 	0.05 	0.01 	0.0 	0.01 	0.09 	0.08 	0.1 	0.0 	0.01 	0.16 	
125 	0.17 	0.12 	0.01 	0.01 	0.0 	0.03 	0.01 	0.23 	0.04 	0.01 	0.03 	0.03 	0.0 	0.01 	0.01 	0.17 	0.08 	0.0 	0.01 	0.03 	
126 	0.01 	0.01 	0.0 	0.01 	0.9 	0.0 	0.01 	0.01 	0.0 	0.01 	0.01 	0.01 	0.0 	0.0 	0.01 	0.01 	0.01 	0.0 	0.0 	0.01 	
127 	0.16 	0.09 	0.05 	0.01 	0.0 	0.0 	0.01 	0.06 	0.0 	0.01 	0.08 	0.07 	0.0 	0.0 	0.09 	0.07 	0.14 	0.0 	0.0 	0.17 	
128 	0.54 	0.01 	0.0 	0.01 	0.0 	0.0 	0.01 	0.01 	0.0 	0.01 	0.01 	0.01 	0.0 	0.0 	0.01 	0.22 	0.09 	0.0 	0.0 	0.07 	
129 	0.01 	0.01 	0.32 	0.48 	0.0 	0.0 	0.01 	0.07 	0.0 	0.01 	0.01 	0.01 	0.0 	0.0 	0.04 	0.01 	0.01 	0.0 	0.0 	0.01 	
130 	0.01 	0.01 	0.0 	0.01 	0.0 	0.0 	0.01 	0.01 	0.0 	0.39 	0.23 	0.01 	0.0 	0.0 	0.01 	0.01 	0.01 	0.0 	0.0 	0.3 	
131 	0.04 	0.03 	0.66 	0.01 	0.0 	0.0 	0.01 	0.01 	0.0 	0.01 	0.06 	0.01 	0.0 	0.0 	0.01 	0.01 	0.06 	0.0 	0.0 	0.08 	
132 	0.19 	0.01 	0.0 	0.01 	0.0 	0.09 	0.1 	0.15 	0.0 	0.01 	0.06 	0.09 	0.02 	0.0 	0.01 	0.1 	0.06 	0.0 	0.0 	0.09 	
133 	0.08 	0.03 	0.0 	0.01 	0.05 	0.22 	0.06 	0.01 	0.0 	0.01 	0.01 	0.11 	0.04 	0.0 	0.01 	0.09 	0.08 	0.0 	0.0 	0.19 	
134 	0.01 	0.01 	0.0 	0.01 	0.9 	0.0 	0.01 	0.01 	0.0 	0.01 	0.01 	0.01 	0.0 	0.0 	0.01 	0.01 	0.01 	0.0 	0.0 	0.01 	
135 	0.01 	0.07 	0.0 	0.01 	0.0 	0.0 	0.01 	0.01 	0.0 	0.01 	0.01 	0.01 	0.0 	0.0 	0.84 	0.01 	0.01 	0.0 	0.0 	0.01 	
136 	0.37 	0.02 	0.07 	0.06 	0.0 	0.0 	0.01 	0.07 	0.0 	0.01 	0.01 	0.01 	0.0 	0.0 	0.01 	0.24 	0.04 	0.0 	0.0 	0.07 	
137 	0.15 	0.0 	0.0 	0.02 	0.0 	0.06 	0.44 	0.04 	0.0 	0.0 	0.01 	0.06 	0.03 	0.0 	0.05 	0.04 	0.0 	0.0 	0.0 	0.08 	
138 	0.01 	0.01 	0.0 	0.01 	0.0 	0.0 	0.01 	0.01 	0.0 	0.01 	0.91 	0.01 	0.0 	0.0 	0.01 	0.01 	0.01 	0.0 	0.0 	0.01 	
139 	0.01 	0.17 	0.0 	0.01 	0.0 	0.29 	0.06 	0.01 	0.0 	0.01 	0.01 	0.34 	0.0 	0.0 	0.01 	0.06 	0.01 	0.0 	0.0 	0.01 	
140 	0.12 	0.01 	0.01 	0.03 	0.07 	0.01 	0.01 	0.1 	0.0 	0.01 	0.01 	0.06 	0.0 	0.0 	0.01 	0.01 	0.06 	0.0 	0.0 	0.49 	
141 	0.02 	0.16 	0.01 	0.01 	0.0 	0.07 	0.01 	0.02 	0.0 	0.04 	0.02 	0.15 	0.07 	0.01 	0.25 	0.05 	0.06 	0.0 	0.01 	0.04 	
142 	0.06 	0.01 	0.03 	0.27 	0.01 	0.01 	0.02 	0.27 	0.01 	0.01 	0.03 	0.02 	0.01 	0.01 	0.01 	0.12 	0.02 	0.0 	0.01 	0.07 	
143 	0.1 	0.04 	0.04 	0.01 	0.0 	0.03 	0.01 	0.38 	0.0 	0.01 	0.01 	0.01 	0.0 	0.0 	0.01 	0.28 	0.01 	0.0 	0.0 	0.06 	
144 	0.24 	0.01 	0.0 	0.01 	0.0 	0.0 	0.01 	0.57 	0.0 	0.01 	0.01 	0.01 	0.0 	0.0 	0.01 	0.09 	0.01 	0.0 	0.0 	0.03 	
145 	0.01 	0.01 	0.01 	0.01 	0.87 	0.01 	0.01 	0.01 	0.0 	0.01 	0.01 	0.01 	0.0 	0.0 	0.01 	0.01 	0.01 	0.0 	0.0 	0.01 	
146 	0.01 	0.09 	0.29 	0.01 	0.0 	0.01 	0.01 	0.01 	0.0 	0.01 	0.09 	0.36 	0.05 	0.01 	0.01 	0.01 	0.01 	0.0 	0.01 	0.01 	
147 	0.01 	0.01 	0.24 	0.06 	0.0 	0.01 	0.01 	0.01 	0.0 	0.01 	0.02 	0.01 	0.0 	0.01 	0.01 	0.56 	0.01 	0.0 	0.01 	0.01 	
148 	0.68 	0.01 	0.01 	0.01 	0.0 	0.01 	0.01 	0.01 	0.0 	0.01 	0.02 	0.01 	0.0 	0.01 	0.18 	0.01 	0.01 	0.0 	0.01 	0.01 	
149 	0.01 	0.01 	0.01 	0.01 	0.84 	0.01 	0.01 	0.01 	0.0 	0.01 	0.02 	0.01 	0.0 	0.01 	0.01 	0.01 	0.01 	0.0 	0.01 	0.01 	
150 	0.12 	0.06 	0.03 	0.01 	0.0 	0.05 	0.12 	0.01 	0.0 	0.01 	0.11 	0.01 	0.0 	0.01 	0.03 	0.05 	0.28 	0.0 	0.01 	0.09 	
151 	0.38 	0.07 	0.01 	0.01 	0.0 	0.01 	0.01 	0.01 	0.0 	0.01 	0.02 	0.13 	0.0 	0.01 	0.01 	0.01 	0.07 	0.0 	0.01 	0.24 	
152 	0.01 	0.01 	0.01 	0.01 	0.0 	0.01 	0.01 	0.01 	0.0 	0.03 	0.04 	0.01 	0.05 	0.66 	0.01 	0.01 	0.01 	0.0 	0.09 	0.01 	
153 	0.01 	0.01 	0.26 	0.01 	0.0 	0.12 	0.01 	0.28 	0.0 	0.01 	0.02 	0.18 	0.0 	0.01 	0.01 	0.04 	0.01 	0.0 	0.01 	0.01 	
154 	0.01 	0.01 	0.01 	0.05 	0.0 	0.09 	0.04 	0.12 	0.0 	0.01 	0.06 	0.03 	0.0 	0.01 	0.01 	0.13 	0.4 	0.0 	0.01 	0.01 	
155 	0.03 	0.01 	0.08 	0.32 	0.0 	0.06 	0.01 	0.01 	0.0 	0.01 	0.01 	0.01 	0.0 	0.01 	0.31 	0.1 	0.01 	0.0 	0.0 	0.01 	
156 	0.07 	0.06 	0.01 	0.04 	0.0 	0.34 	0.34 	0.01 	0.0 	0.01 	0.01 	0.07 	0.0 	0.01 	0.01 	0.01 	0.01 	0.0 	0.0 	0.01 	
157 	0.01 	0.01 	0.01 	0.01 	0.0 	0.01 	0.01 	0.01 	0.03 	0.01 	0.05 	0.01 	0.0 	0.1 	0.01 	0.01 	0.01 	0.0 	0.71 	0.01 	
158 	0.01 	0.01 	0.01 	0.01 	0.84 	0.04 	0.01 	0.01 	0.0 	0.01 	0.01 	0.01 	0.0 	0.01 	0.01 	0.01 	0.01 	0.0 	0.0 	0.01 	
159 	0.01 	0.01 	0.01 	0.01 	0.87 	0.01 	0.01 	0.01 	0.0 	0.01 	0.01 	0.01 	0.0 	0.01 	0.01 	0.01 	0.01 	0.0 	0.0 	0.01 	
160 	0.01 	0.14 	0.04 	0.01 	0.0 	0.01 	0.01 	0.01 	0.0 	0.01 	0.01 	0.05 	0.0 	0.01 	0.01 	0.1 	0.56 	0.0 	0.0 	0.03 	
161 	0.01 	0.01 	0.06 	0.04 	0.0 	0.06 	0.01 	0.22 	0.0 	0.01 	0.01 	0.01 	0.0 	0.01 	0.43 	0.05 	0.06 	0.0 	0.0 	0.01 	
162 	0.19 	0.01 	0.05 	0.08 	0.0 	0.12 	0.01 	0.23 	0.0 	0.01 	0.01 	0.01 	0.0 	0.01 	0.15 	0.06 	0.04 	0.0 	0.0 	0.01 	
163 	0.06 	0.01 	0.23 	0.03 	0.0 	0.01 	0.04 	0.01 	0.0 	0.01 	0.01 	0.13 	0.0 	0.01 	0.06 	0.17 	0.21 	0.0 	0.0 	0.01 	
164 	0.01 	0.01 	0.01 	0.01 	0.87 	0.01 	0.01 	0.01 	0.0 	0.01 	0.01 	0.01 	0.0 	0.01 	0.01 	0.01 	0.01 	0.0 	0.0 	0.01 	
165 	0.01 	0.06 	0.04 	0.01 	0.0 	0.05 	0.01 	0.25 	0.03 	0.01 	0.01 	0.13 	0.0 	0.01 	0.3 	0.08 	0.01 	0.0 	0.0 	0.01 	
166 	0.08 	0.01 	0.01 	0.03 	0.0 	0.04 	0.01 	0.01 	0.0 	0.01 	0.01 	0.01 	0.0 	0.01 	0.76 	0.01 	0.01 	0.0 	0.0 	0.01 	
167 	0.01 	0.01 	0.01 	0.01 	0.0 	0.01 	0.01 	0.01 	0.0 	0.01 	0.02 	0.01 	0.0 	0.01 	0.03 	0.15 	0.68 	0.0 	0.01 	0.01 	
168 	0.07 	0.01 	0.13 	0.17 	0.0 	0.01 	0.14 	0.04 	0.0 	0.06 	0.09 	0.07 	0.04 	0.02 	0.03 	0.09 	0.01 	0.0 	0.01 	0.01 	
169 	0.01 	0.01 	0.01 	0.01 	0.0 	0.01 	0.01 	0.01 	0.0 	0.01 	0.11 	0.01 	0.0 	0.1 	0.01 	0.01 	0.01 	0.0 	0.64 	0.01 	
170 	0.01 	0.01 	0.01 	0.01 	0.0 	0.01 	0.01 	0.01 	0.0 	0.01 	0.02 	0.01 	0.0 	0.01 	0.01 	0.84 	0.01 	0.0 	0.01 	0.01 	
171 	0.01 	0.3 	0.01 	0.01 	0.0 	0.14 	0.11 	0.01 	0.05 	0.01 	0.02 	0.19 	0.04 	0.01 	0.01 	0.01 	0.05 	0.0 	0.01 	0.01 	
172 	0.01 	0.01 	0.05 	0.01 	0.0 	0.01 	0.01 	0.01 	0.0 	0.27 	0.09 	0.01 	0.0 	0.35 	0.01 	0.01 	0.01 	0.02 	0.03 	0.07 	
173 	0.01 	0.01 	0.01 	0.01 	0.0 	0.01 	0.01 	0.01 	0.0 	0.01 	0.02 	0.01 	0.0 	0.84 	0.01 	0.01 	0.01 	0.0 	0.01 	0.01 	
174 	0.01 	0.01 	0.01 	0.04 	0.0 	0.01 	0.05 	0.01 	0.05 	0.01 	0.01 	0.75 	0.0 	0.01 	0.01 	0.01 	0.01 	0.0 	0.0 	0.01 	
175 	0.06 	0.08 	0.18 	0.03 	0.0 	0.13 	0.1 	0.07 	0.06 	0.01 	0.01 	0.05 	0.0 	0.01 	0.01 	0.11 	0.05 	0.0 	0.0 	0.04 	
176 	0.21 	0.21 	0.03 	0.01 	0.0 	0.3 	0.07 	0.01 	0.0 	0.06 	0.06 	0.01 	0.0 	0.0 	0.01 	0.01 	0.01 	0.0 	0.0 	0.01 	
177 	0.01 	0.0 	0.0 	0.0 	0.93 	0.0 	0.0 	0.01 	0.0 	0.0 	0.01 	0.0 	0.0 	0.0 	0.0 	0.01 	0.0 	0.0 	0.0 	0.0 	
178 	0.0 	0.0 	0.0 	0.0 	0.0 	0.0 	0.0 	0.0 	0.0 	0.0 	0.0 	0.0 	0.0 	0.0 	1.0 	0.0 	0.0 	0.0 	0.0 	0.0 	
179 	0.05 	0.08 	0.0 	0.45 	0.0 	0.28 	0.0 	0.0 	0.0 	0.0 	0.07 	0.03 	0.0 	0.0 	0.0 	0.0 	0.03 	0.0 	0.0 	0.0 	
180 	0.91 	0.0 	0.0 	0.0 	0.0 	0.0 	0.0 	0.0 	0.0 	0.0 	0.0 	0.0 	0.0 	0.0 	0.0 	0.03 	0.05 	0.0 	0.0 	0.0 	
181 	0.0 	0.0 	0.0 	0.0 	0.0 	0.0 	0.0 	0.0 	0.0 	0.0 	0.0 	0.0 	0.0 	0.11 	0.0 	0.0 	0.0 	0.0 	0.89 	0.0 	
182 	0.0 	0.0 	0.0 	0.0 	0.0 	0.03 	0.0 	0.0 	0.1 	0.0 	0.04 	0.0 	0.0 	0.0 	0.0 	0.78 	0.05 	0.0 	0.0 	0.0 	
183 	0.0 	0.0 	0.0 	0.0 	0.0 	0.04 	0.0 	0.0 	0.09 	0.0 	0.0 	0.0 	0.0 	0.04 	0.0 	0.0 	0.0 	0.0 	0.83 	0.0 	
184 	0.57 	0.0 	0.0 	0.0 	0.0 	0.0 	0.0 	0.0 	0.0 	0.0 	0.0 	0.0 	0.0 	0.0 	0.38 	0.0 	0.0 	0.0 	0.0 	0.05 	
185 	0.0 	0.0 	0.09 	0.0 	0.0 	0.14 	0.04 	0.0 	0.06 	0.0 	0.06 	0.21 	0.0 	0.06 	0.0 	0.0 	0.0 	0.0 	0.33 	0.0 	
186 	0.0 	0.0 	0.0 	1.0 	0.0 	0.0 	0.0 	0.0 	0.0 	0.0 	0.0 	0.0 	0.0 	0.0 	0.0 	0.0 	0.0 	0.0 	0.0 	0.0 	
187 	0.0 	0.0 	0.08 	0.72 	0.0 	0.0 	0.0 	0.0 	0.0 	0.0 	0.0 	0.05 	0.0 	0.0 	0.0 	0.05 	0.0 	0.0 	0.0 	0.09 	
188 	0.26 	0.02 	0.11 	0.0 	0.0 	0.02 	0.02 	0.0 	0.0 	0.0 	0.0 	0.0 	0.0 	0.0 	0.36 	0.1 	0.07 	0.0 	0.0 	0.03 	
189 	0.05 	0.0 	0.05 	0.0 	0.0 	0.0 	0.01 	0.03 	0.0 	0.0 	0.01 	0.1 	0.0 	0.0 	0.0 	0.19 	0.52 	0.0 	0.0 	0.01 	
190 	0.0 	0.0 	0.0 	0.0 	0.0 	0.0 	0.0 	0.0 	0.0 	0.0 	0.08 	0.0 	0.0 	0.0 	0.0 	0.28 	0.64 	0.0 	0.0 	0.0 	
191 	0.0 	0.0 	0.0 	0.0 	0.0 	0.0 	0.0 	0.0 	0.22 	0.03 	0.05 	0.0 	0.0 	0.54 	0.0 	0.0 	0.11 	0.0 	0.0 	0.05 	
192 	0.2 	0.04 	0.05 	0.0 	0.0 	0.0 	0.05 	0.0 	0.0 	0.0 	0.0 	0.0 	0.0 	0.11 	0.0 	0.04 	0.51 	0.0 	0.0 	0.0 	
193 	0.0 	0.05 	0.0 	0.0 	0.81 	0.0 	0.0 	0.0 	0.0 	0.0 	0.0 	0.0 	0.0 	0.0 	0.0 	0.0 	0.14 	0.0 	0.0 	0.0 	
194 	0.02 	0.0 	0.14 	0.0 	0.19 	0.0 	0.0 	0.0 	0.0 	0.0 	0.0 	0.0 	0.0 	0.03 	0.32 	0.28 	0.02 	0.0 	0.0 	0.0 	
195 	0.06 	0.0 	0.04 	0.0 	0.0 	0.0 	0.0 	0.43 	0.05 	0.0 	0.0 	0.0 	0.0 	0.0 	0.0 	0.3 	0.11 	0.0 	0.0 	0.0 	
196 	0.08 	0.02 	0.22 	0.03 	0.0 	0.0 	0.0 	0.44 	0.0 	0.0 	0.0 	0.03 	0.0 	0.0 	0.05 	0.09 	0.02 	0.0 	0.0 	0.0 	
197 	0.12 	0.05 	0.03 	0.0 	0.0 	0.0 	0.0 	0.0 	0.0 	0.0 	0.0 	0.05 	0.0 	0.0 	0.21 	0.21 	0.32 	0.0 	0.0 	0.0 	
198 	0.02 	0.05 	0.58 	0.29 	0.0 	0.0 	0.05 	0.0 	0.0 	0.0 	0.0 	0.0 	0.0 	0.0 	0.0 	0.0 	0.0 	0.0 	0.0 	0.0 	
199 	0.0 	0.0 	0.0 	0.0 	0.0 	0.0 	0.0 	0.0 	0.0 	0.0 	0.05 	0.0 	0.0 	0.0 	0.0 	0.0 	0.0 	0.0 	0.95 	0.0 	
200 	0.02 	0.16 	0.0 	0.0 	0.0 	0.17 	0.05 	0.0 	0.0 	0.03 	0.1 	0.23 	0.0 	0.0 	0.0 	0.06 	0.06 	0.0 	0.0 	0.11 	
201 	0.0 	0.0 	0.0 	0.0 	0.0 	0.0 	0.0 	0.0 	0.0 	0.59 	0.0 	0.0 	0.0 	0.0 	0.0 	0.0 	0.0 	0.0 	0.0 	0.41 	
202 	0.0 	0.0 	0.0 	0.0 	0.0 	0.0 	0.0 	0.0 	0.0 	0.1 	0.0 	0.0 	0.02 	0.0 	0.0 	0.0 	0.57 	0.0 	0.0 	0.31 	
203 	0.0 	0.0 	0.0 	0.0 	0.0 	0.0 	0.0 	0.0 	0.0 	0.0 	0.0 	0.0 	0.0 	1.0 	0.0 	0.0 	0.0 	0.0 	0.0 	0.0 	
204 	0.0 	0.0 	0.0 	0.0 	1.0 	0.0 	0.0 	0.0 	0.0 	0.0 	0.0 	0.0 	0.0 	0.0 	0.0 	0.0 	0.0 	0.0 	0.0 	0.0 	
205 	0.0 	0.0 	0.0 	0.0 	0.0 	0.0 	0.0 	0.0 	0.0 	0.0 	0.0 	0.0 	0.0 	0.0 	1.0 	0.0 	0.0 	0.0 	0.0 	0.0 	
206 	0.0 	0.0 	0.5 	0.0 	0.0 	0.0 	0.0 	0.0 	0.0 	0.0 	0.0 	0.0 	0.0 	0.0 	0.0 	0.29 	0.21 	0.0 	0.0 	0.0 	
