	A 	R 	N 	D 	C 	Q 	E 	G 	H 	I 	L 	K 	M 	F 	P 	S 	T 	W 	Y 	V 	
1 	0.0 	0.0 	0.0 	0.0 	0.0 	0.0 	0.0 	0.0 	0.0 	0.0 	0.0 	0.0 	0.0 	0.0 	0.0 	0.0 	0.0 	0.0 	1.0 	0.0 	
2 	0.05 	0.0 	0.0 	0.0 	0.0 	0.0 	0.0 	0.0 	0.0 	0.0 	0.0 	0.0 	0.0 	0.0 	0.0 	0.03 	0.92 	0.0 	0.0 	0.0 	
3 	0.01 	0.03 	0.06 	0.02 	0.0 	0.02 	0.0 	0.0 	0.0 	0.0 	0.01 	0.01 	0.0 	0.0 	0.0 	0.05 	0.77 	0.0 	0.0 	0.0 	
4 	0.0 	0.0 	0.0 	0.0 	0.0 	0.0 	0.0 	0.0 	0.0 	0.0 	0.0 	0.0 	0.0 	0.97 	0.0 	0.0 	0.0 	0.0 	0.03 	0.0 	
5 	0.08 	0.02 	0.13 	0.04 	0.0 	0.03 	0.29 	0.0 	0.06 	0.0 	0.02 	0.13 	0.0 	0.0 	0.0 	0.06 	0.14 	0.0 	0.0 	0.0 	
6 	0.04 	0.05 	0.0 	0.0 	0.0 	0.0 	0.02 	0.0 	0.08 	0.12 	0.17 	0.0 	0.0 	0.03 	0.0 	0.0 	0.0 	0.02 	0.28 	0.2 	
7 	0.02 	0.01 	0.0 	0.03 	0.0 	0.0 	0.03 	0.05 	0.0 	0.0 	0.0 	0.02 	0.0 	0.0 	0.02 	0.74 	0.09 	0.0 	0.0 	0.0 	
8 	0.07 	0.03 	0.16 	0.27 	0.0 	0.0 	0.04 	0.21 	0.0 	0.0 	0.02 	0.03 	0.0 	0.0 	0.08 	0.04 	0.04 	0.01 	0.0 	0.0 	
9 	0.06 	0.0 	0.0 	0.0 	0.0 	0.0 	0.04 	0.02 	0.02 	0.07 	0.43 	0.01 	0.0 	0.02 	0.09 	0.02 	0.02 	0.0 	0.04 	0.14 	
10 	0.16 	0.01 	0.31 	0.01 	0.0 	0.02 	0.03 	0.05 	0.02 	0.02 	0.0 	0.16 	0.0 	0.0 	0.0 	0.06 	0.07 	0.02 	0.04 	0.02 	
11 	0.04 	0.02 	0.0 	0.0 	0.02 	0.0 	0.02 	0.0 	0.02 	0.14 	0.13 	0.02 	0.0 	0.0 	0.19 	0.02 	0.05 	0.0 	0.0 	0.32 	
12 	0.24 	0.03 	0.13 	0.02 	0.0 	0.06 	0.04 	0.04 	0.0 	0.0 	0.0 	0.07 	0.0 	0.02 	0.03 	0.23 	0.06 	0.0 	0.02 	0.02 	
13 	0.06 	0.0 	0.13 	0.05 	0.0 	0.03 	0.0 	0.04 	0.0 	0.04 	0.22 	0.09 	0.01 	0.04 	0.02 	0.11 	0.12 	0.0 	0.0 	0.03 	
14 	0.03 	0.0 	0.02 	0.18 	0.06 	0.02 	0.01 	0.03 	0.02 	0.0 	0.02 	0.04 	0.0 	0.02 	0.07 	0.08 	0.15 	0.11 	0.11 	0.02 	
15 	0.07 	0.01 	0.03 	0.16 	0.0 	0.03 	0.2 	0.21 	0.02 	0.0 	0.01 	0.06 	0.0 	0.0 	0.02 	0.08 	0.04 	0.0 	0.02 	0.04 	
16 	0.12 	0.02 	0.08 	0.12 	0.0 	0.03 	0.18 	0.03 	0.04 	0.0 	0.0 	0.01 	0.03 	0.0 	0.0 	0.17 	0.08 	0.0 	0.0 	0.08 	
17 	0.09 	0.02 	0.03 	0.02 	0.0 	0.01 	0.02 	0.03 	0.0 	0.08 	0.18 	0.06 	0.03 	0.0 	0.09 	0.12 	0.11 	0.0 	0.0 	0.1 	
18 	0.08 	0.0 	0.0 	0.0 	0.0 	0.0 	0.0 	0.04 	0.0 	0.14 	0.22 	0.0 	0.02 	0.18 	0.02 	0.02 	0.08 	0.0 	0.08 	0.1 	
19 	0.04 	0.14 	0.16 	0.06 	0.0 	0.02 	0.06 	0.02 	0.0 	0.03 	0.0 	0.1 	0.0 	0.0 	0.01 	0.06 	0.27 	0.0 	0.0 	0.03 	
20 	0.12 	0.0 	0.0 	0.0 	0.0 	0.0 	0.0 	0.0 	0.0 	0.17 	0.0 	0.0 	0.0 	0.13 	0.0 	0.0 	0.03 	0.0 	0.0 	0.52 	
21 	0.02 	0.04 	0.01 	0.03 	0.0 	0.07 	0.02 	0.0 	0.11 	0.0 	0.0 	0.01 	0.0 	0.0 	0.0 	0.33 	0.28 	0.0 	0.0 	0.05 	
22 	0.18 	0.0 	0.0 	0.0 	0.0 	0.0 	0.0 	0.01 	0.0 	0.09 	0.1 	0.0 	0.0 	0.0 	0.0 	0.0 	0.03 	0.0 	0.02 	0.55 	
23 	0.04 	0.03 	0.04 	0.11 	0.0 	0.09 	0.15 	0.02 	0.03 	0.01 	0.02 	0.11 	0.0 	0.01 	0.03 	0.07 	0.24 	0.0 	0.01 	0.01 	
24 	0.0 	0.0 	0.0 	0.0 	0.0 	0.0 	0.0 	0.0 	0.0 	0.23 	0.02 	0.0 	0.0 	0.0 	0.0 	0.0 	0.07 	0.0 	0.0 	0.68 	
25 	0.04 	0.08 	0.0 	0.04 	0.0 	0.06 	0.04 	0.0 	0.0 	0.0 	0.0 	0.27 	0.0 	0.0 	0.0 	0.08 	0.36 	0.0 	0.0 	0.03 	
26 	0.0 	0.0 	0.93 	0.0 	0.0 	0.0 	0.0 	0.0 	0.0 	0.0 	0.0 	0.0 	0.0 	0.0 	0.04 	0.0 	0.03 	0.0 	0.0 	0.0 	
27 	0.02 	0.0 	0.06 	0.0 	0.0 	0.06 	0.0 	0.02 	0.02 	0.04 	0.01 	0.0 	0.02 	0.0 	0.0 	0.06 	0.63 	0.0 	0.0 	0.04 	
28 	0.02 	0.0 	0.0 	0.0 	0.0 	0.0 	0.0 	0.94 	0.0 	0.0 	0.0 	0.0 	0.0 	0.0 	0.0 	0.03 	0.0 	0.0 	0.0 	0.0 	
29 	0.03 	0.04 	0.1 	0.16 	0.0 	0.04 	0.08 	0.05 	0.01 	0.0 	0.02 	0.21 	0.0 	0.0 	0.06 	0.14 	0.06 	0.0 	0.0 	0.0 	
30 	0.04 	0.24 	0.0 	0.02 	0.02 	0.0 	0.0 	0.0 	0.01 	0.03 	0.05 	0.02 	0.1 	0.02 	0.0 	0.03 	0.03 	0.0 	0.0 	0.38 	
31 	0.37 	0.0 	0.02 	0.18 	0.0 	0.02 	0.09 	0.0 	0.0 	0.02 	0.0 	0.05 	0.0 	0.0 	0.05 	0.11 	0.09 	0.0 	0.0 	0.01 	
32 	0.04 	0.0 	0.0 	0.03 	0.0 	0.0 	0.0 	0.73 	0.0 	0.0 	0.0 	0.0 	0.0 	0.0 	0.0 	0.2 	0.0 	0.0 	0.0 	0.0 	
33 	0.32 	0.04 	0.0 	0.22 	0.0 	0.04 	0.0 	0.0 	0.0 	0.02 	0.0 	0.17 	0.0 	0.0 	0.0 	0.11 	0.06 	0.0 	0.01 	0.0 	
34 	0.06 	0.0 	0.0 	0.04 	0.0 	0.05 	0.45 	0.0 	0.17 	0.0 	0.0 	0.0 	0.0 	0.03 	0.0 	0.0 	0.04 	0.0 	0.16 	0.0 	
35 	0.0 	0.0 	0.0 	0.0 	0.0 	0.0 	0.0 	0.0 	0.0 	0.1 	0.0 	0.0 	0.0 	0.0 	0.02 	0.06 	0.25 	0.0 	0.0 	0.58 	
36 	0.28 	0.0 	0.0 	0.0 	0.0 	0.0 	0.0 	0.0 	0.0 	0.07 	0.06 	0.0 	0.02 	0.0 	0.15 	0.01 	0.0 	0.0 	0.0 	0.42 	
37 	0.0 	0.0 	0.0 	0.0 	0.0 	0.62 	0.0 	0.0 	0.0 	0.0 	0.24 	0.0 	0.09 	0.05 	0.0 	0.0 	0.0 	0.0 	0.0 	0.0 	
38 	0.03 	0.0 	0.0 	0.0 	0.0 	0.0 	0.0 	0.0 	0.0 	0.02 	0.62 	0.0 	0.06 	0.0 	0.0 	0.0 	0.0 	0.0 	0.0 	0.28 	
39 	0.0 	0.0 	0.0 	0.0 	0.0 	0.0 	0.0 	0.0 	0.0 	0.0 	0.0 	0.0 	0.0 	0.31 	0.0 	0.0 	0.0 	0.04 	0.65 	0.0 	
40 	0.13 	0.0 	0.0 	0.0 	0.0 	0.0 	0.0 	0.0 	0.0 	0.17 	0.17 	0.0 	0.0 	0.03 	0.0 	0.04 	0.05 	0.02 	0.01 	0.38 	
41 	0.06 	0.09 	0.1 	0.0 	0.0 	0.02 	0.07 	0.12 	0.01 	0.0 	0.01 	0.16 	0.0 	0.0 	0.0 	0.23 	0.1 	0.0 	0.0 	0.03 	
42 	0.14 	0.0 	0.02 	0.11 	0.0 	0.02 	0.0 	0.0 	0.06 	0.05 	0.1 	0.0 	0.02 	0.09 	0.2 	0.03 	0.14 	0.0 	0.03 	0.0 	
43 	0.0 	0.0 	0.0 	0.03 	0.0 	0.0 	0.05 	0.03 	0.0 	0.03 	0.06 	0.01 	0.0 	0.0 	0.59 	0.04 	0.09 	0.0 	0.0 	0.05 	
44 	0.09 	0.04 	0.12 	0.2 	0.0 	0.05 	0.05 	0.01 	0.02 	0.02 	0.02 	0.11 	0.0 	0.0 	0.07 	0.04 	0.08 	0.02 	0.01 	0.04 	
45 	0.27 	0.02 	0.03 	0.03 	0.05 	0.0 	0.01 	0.29 	0.0 	0.0 	0.01 	0.0 	0.0 	0.0 	0.0 	0.18 	0.05 	0.0 	0.0 	0.05 	
46 	0.11 	0.01 	0.01 	0.04 	0.0 	0.03 	0.02 	0.27 	0.0 	0.02 	0.03 	0.09 	0.0 	0.0 	0.09 	0.17 	0.02 	0.0 	0.0 	0.05 	
47 	0.08 	0.0 	0.0 	0.0 	0.0 	0.01 	0.05 	0.04 	0.06 	0.06 	0.05 	0.02 	0.02 	0.02 	0.24 	0.04 	0.05 	0.02 	0.0 	0.24 	
48 	0.09 	0.01 	0.13 	0.11 	0.0 	0.03 	0.1 	0.17 	0.0 	0.01 	0.02 	0.07 	0.0 	0.02 	0.12 	0.05 	0.04 	0.02 	0.0 	0.0 	
49 	0.06 	0.28 	0.01 	0.0 	0.0 	0.04 	0.08 	0.04 	0.03 	0.01 	0.0 	0.04 	0.0 	0.04 	0.12 	0.06 	0.11 	0.0 	0.05 	0.04 	
50 	0.04 	0.0 	0.0 	0.02 	0.0 	0.0 	0.02 	0.0 	0.0 	0.0 	0.0 	0.0 	0.0 	0.0 	0.86 	0.0 	0.02 	0.0 	0.01 	0.02 	
51 	0.02 	0.05 	0.09 	0.03 	0.0 	0.03 	0.06 	0.0 	0.0 	0.04 	0.07 	0.13 	0.0 	0.03 	0.09 	0.05 	0.01 	0.0 	0.0 	0.28 	
52 	0.0 	0.25 	0.0 	0.0 	0.0 	0.01 	0.0 	0.0 	0.03 	0.05 	0.0 	0.59 	0.0 	0.0 	0.0 	0.0 	0.02 	0.0 	0.0 	0.04 	
53 	0.0 	0.02 	0.0 	0.0 	0.0 	0.37 	0.25 	0.0 	0.04 	0.0 	0.0 	0.0 	0.03 	0.0 	0.0 	0.02 	0.06 	0.1 	0.0 	0.12 	
54 	0.0 	0.0 	0.0 	0.0 	0.0 	0.0 	0.0 	0.0 	0.0 	0.0 	0.98 	0.0 	0.0 	0.0 	0.0 	0.0 	0.0 	0.0 	0.0 	0.02 	
55 	0.0 	0.38 	0.0 	0.0 	0.01 	0.02 	0.0 	0.01 	0.02 	0.04 	0.03 	0.22 	0.02 	0.0 	0.0 	0.0 	0.0 	0.0 	0.0 	0.25 	
56 	0.06 	0.0 	0.05 	0.01 	0.0 	0.05 	0.02 	0.76 	0.0 	0.0 	0.0 	0.03 	0.0 	0.0 	0.0 	0.01 	0.0 	0.0 	0.0 	0.0 	
57 	0.0 	0.0 	0.0 	0.0 	0.0 	0.0 	0.0 	0.0 	0.0 	0.0 	0.0 	0.0 	0.0 	0.86 	0.0 	0.0 	0.0 	0.02 	0.12 	0.0 	
58 	0.07 	0.01 	0.01 	0.21 	0.0 	0.05 	0.38 	0.0 	0.05 	0.0 	0.0 	0.03 	0.0 	0.0 	0.0 	0.05 	0.14 	0.0 	0.0 	0.0 	
59 	0.0 	0.31 	0.02 	0.0 	0.0 	0.0 	0.0 	0.0 	0.0 	0.0 	0.0 	0.68 	0.0 	0.0 	0.0 	0.0 	0.0 	0.0 	0.0 	0.0 	
60 	0.04 	0.0 	0.0 	0.0 	0.0 	0.0 	0.0 	0.0 	0.0 	0.15 	0.18 	0.0 	0.01 	0.0 	0.0 	0.02 	0.1 	0.0 	0.0 	0.48 	
61 	0.08 	0.07 	0.02 	0.06 	0.0 	0.05 	0.1 	0.07 	0.14 	0.03 	0.02 	0.12 	0.0 	0.01 	0.04 	0.09 	0.07 	0.0 	0.01 	0.01 	
62 	0.06 	0.02 	0.01 	0.02 	0.01 	0.04 	0.04 	0.05 	0.01 	0.06 	0.19 	0.02 	0.06 	0.11 	0.02 	0.03 	0.04 	0.0 	0.03 	0.19 	
63 	0.09 	0.0 	0.0 	0.0 	0.0 	0.0 	0.0 	0.04 	0.0 	0.12 	0.63 	0.0 	0.04 	0.0 	0.0 	0.0 	0.0 	0.0 	0.0 	0.06 	
64 	0.12 	0.04 	0.05 	0.0 	0.02 	0.13 	0.15 	0.05 	0.02 	0.0 	0.01 	0.23 	0.0 	0.0 	0.02 	0.1 	0.02 	0.0 	0.0 	0.02 	
65 	0.1 	0.03 	0.03 	0.0 	0.0 	0.0 	0.02 	0.01 	0.0 	0.0 	0.01 	0.04 	0.0 	0.0 	0.64 	0.06 	0.02 	0.0 	0.0 	0.03 	
66 	0.02 	0.0 	0.05 	0.0 	0.0 	0.0 	0.0 	0.8 	0.01 	0.0 	0.0 	0.02 	0.0 	0.0 	0.0 	0.08 	0.0 	0.0 	0.0 	0.0 	
67 	0.06 	0.03 	0.0 	0.02 	0.0 	0.11 	0.65 	0.01 	0.0 	0.0 	0.0 	0.05 	0.0 	0.0 	0.0 	0.04 	0.02 	0.0 	0.0 	0.01 	
68 	0.03 	0.04 	0.01 	0.01 	0.0 	0.04 	0.17 	0.0 	0.0 	0.0 	0.0 	0.14 	0.03 	0.0 	0.0 	0.29 	0.22 	0.0 	0.0 	0.0 	
69 	0.12 	0.12 	0.0 	0.0 	0.01 	0.15 	0.04 	0.07 	0.0 	0.0 	0.0 	0.34 	0.06 	0.0 	0.0 	0.01 	0.06 	0.0 	0.0 	0.02 	
70 	0.01 	0.07 	0.01 	0.02 	0.0 	0.07 	0.15 	0.0 	0.0 	0.01 	0.03 	0.07 	0.02 	0.01 	0.01 	0.04 	0.35 	0.0 	0.0 	0.13 	
71 	0.09 	0.0 	0.0 	0.0 	0.0 	0.0 	0.02 	0.0 	0.0 	0.08 	0.1 	0.0 	0.07 	0.01 	0.0 	0.0 	0.02 	0.05 	0.0 	0.56 	
72 	0.02 	0.12 	0.06 	0.06 	0.0 	0.06 	0.12 	0.01 	0.01 	0.01 	0.0 	0.06 	0.0 	0.0 	0.0 	0.15 	0.26 	0.0 	0.0 	0.07 	
73 	0.0 	0.0 	0.0 	0.0 	0.0 	0.0 	0.0 	0.0 	0.0 	0.28 	0.1 	0.0 	0.05 	0.37 	0.0 	0.0 	0.05 	0.0 	0.0 	0.13 	
74 	0.06 	0.04 	0.04 	0.07 	0.0 	0.02 	0.21 	0.0 	0.01 	0.0 	0.0 	0.12 	0.0 	0.0 	0.13 	0.03 	0.21 	0.0 	0.0 	0.06 	
75 	0.0 	0.0 	0.0 	0.0 	0.0 	0.0 	0.0 	0.0 	0.0 	0.2 	0.4 	0.0 	0.01 	0.03 	0.0 	0.0 	0.0 	0.0 	0.0 	0.36 	
76 	0.03 	0.04 	0.07 	0.2 	0.0 	0.01 	0.1 	0.04 	0.03 	0.0 	0.03 	0.03 	0.02 	0.0 	0.05 	0.05 	0.29 	0.0 	0.01 	0.0 	
77 	0.04 	0.33 	0.0 	0.0 	0.0 	0.0 	0.04 	0.02 	0.0 	0.09 	0.06 	0.1 	0.03 	0.04 	0.06 	0.0 	0.0 	0.0 	0.0 	0.19 	
78 	0.01 	0.32 	0.03 	0.06 	0.0 	0.0 	0.11 	0.1 	0.0 	0.0 	0.0 	0.27 	0.0 	0.01 	0.0 	0.02 	0.0 	0.0 	0.07 	0.0 	
79 	0.14 	0.01 	0.01 	0.45 	0.0 	0.03 	0.04 	0.0 	0.05 	0.0 	0.05 	0.0 	0.01 	0.0 	0.01 	0.12 	0.01 	0.0 	0.04 	0.02 	
80 	0.09 	0.0 	0.0 	0.0 	0.0 	0.0 	0.0 	0.0 	0.0 	0.08 	0.59 	0.0 	0.04 	0.08 	0.0 	0.0 	0.06 	0.0 	0.0 	0.07 	
81 	0.29 	0.0 	0.03 	0.0 	0.0 	0.01 	0.02 	0.02 	0.0 	0.0 	0.0 	0.03 	0.0 	0.0 	0.0 	0.48 	0.12 	0.0 	0.0 	0.0 	
82 	0.0 	0.12 	0.06 	0.0 	0.0 	0.0 	0.0 	0.0 	0.01 	0.03 	0.02 	0.0 	0.0 	0.16 	0.0 	0.13 	0.08 	0.0 	0.18 	0.2 	
83 	0.08 	0.0 	0.02 	0.0 	0.0 	0.0 	0.0 	0.0 	0.0 	0.02 	0.01 	0.0 	0.0 	0.11 	0.0 	0.0 	0.08 	0.47 	0.04 	0.17 	
84 	0.02 	0.0 	0.12 	0.59 	0.0 	0.0 	0.03 	0.03 	0.01 	0.0 	0.0 	0.0 	0.0 	0.01 	0.0 	0.06 	0.03 	0.07 	0.03 	0.0 	
85 	0.15 	0.02 	0.05 	0.15 	0.0 	0.07 	0.3 	0.02 	0.02 	0.0 	0.0 	0.01 	0.01 	0.0 	0.0 	0.02 	0.08 	0.0 	0.0 	0.1 	
86 	0.04 	0.02 	0.0 	0.09 	0.0 	0.35 	0.18 	0.17 	0.02 	0.02 	0.0 	0.04 	0.01 	0.04 	0.0 	0.01 	0.0 	0.0 	0.0 	0.0 	
87 	0.09 	0.01 	0.12 	0.19 	0.0 	0.08 	0.07 	0.09 	0.0 	0.0 	0.0 	0.26 	0.02 	0.0 	0.0 	0.03 	0.02 	0.0 	0.0 	0.0 	
88 	0.0 	0.15 	0.07 	0.0 	0.0 	0.0 	0.0 	0.0 	0.0 	0.0 	0.05 	0.05 	0.0 	0.01 	0.0 	0.0 	0.0 	0.6 	0.02 	0.03 	
89 	0.06 	0.08 	0.0 	0.02 	0.02 	0.01 	0.03 	0.0 	0.04 	0.05 	0.09 	0.16 	0.01 	0.0 	0.0 	0.02 	0.04 	0.0 	0.0 	0.37 	
90 	0.07 	0.0 	0.0 	0.0 	0.01 	0.0 	0.01 	0.0 	0.0 	0.17 	0.31 	0.0 	0.04 	0.0 	0.0 	0.14 	0.02 	0.0 	0.0 	0.21 	
91 	0.04 	0.0 	0.0 	0.01 	0.0 	0.05 	0.41 	0.02 	0.0 	0.0 	0.0 	0.02 	0.0 	0.03 	0.21 	0.0 	0.06 	0.0 	0.12 	0.04 	
92 	0.08 	0.03 	0.0 	0.02 	0.0 	0.0 	0.13 	0.02 	0.0 	0.02 	0.07 	0.15 	0.02 	0.0 	0.25 	0.17 	0.04 	0.0 	0.0 	0.01 	
93 	0.0 	0.0 	0.0 	0.02 	0.0 	0.0 	0.0 	0.93 	0.0 	0.0 	0.0 	0.0 	0.0 	0.0 	0.0 	0.0 	0.0 	0.0 	0.06 	0.0 	
94 	0.02 	0.05 	0.0 	0.1 	0.0 	0.04 	0.21 	0.01 	0.02 	0.01 	0.02 	0.18 	0.0 	0.0 	0.05 	0.07 	0.16 	0.0 	0.0 	0.06 	
95 	0.0 	0.02 	0.0 	0.0 	0.0 	0.0 	0.0 	0.0 	0.12 	0.0 	0.0 	0.06 	0.0 	0.21 	0.0 	0.0 	0.0 	0.0 	0.55 	0.02 	
96 	0.04 	0.03 	0.03 	0.0 	0.0 	0.08 	0.24 	0.04 	0.01 	0.02 	0.03 	0.22 	0.03 	0.04 	0.0 	0.01 	0.11 	0.01 	0.02 	0.03 	
97 	0.07 	0.0 	0.0 	0.0 	0.0 	0.0 	0.0 	0.0 	0.0 	0.27 	0.28 	0.0 	0.01 	0.04 	0.0 	0.0 	0.0 	0.0 	0.0 	0.33 	
98 	0.07 	0.03 	0.0 	0.0 	0.0 	0.05 	0.1 	0.0 	0.11 	0.01 	0.15 	0.02 	0.05 	0.11 	0.0 	0.05 	0.02 	0.09 	0.11 	0.03 	
99 	0.04 	0.0 	0.0 	0.0 	0.02 	0.0 	0.0 	0.0 	0.0 	0.24 	0.12 	0.0 	0.0 	0.0 	0.0 	0.0 	0.0 	0.0 	0.02 	0.56 	
100 	0.04 	0.0 	0.0 	0.05 	0.0 	0.0 	0.0 	0.78 	0.0 	0.0 	0.01 	0.0 	0.0 	0.0 	0.0 	0.0 	0.05 	0.0 	0.0 	0.04 	
101 	0.13 	0.08 	0.06 	0.09 	0.0 	0.03 	0.05 	0.1 	0.0 	0.0 	0.0 	0.0 	0.0 	0.03 	0.0 	0.12 	0.16 	0.0 	0.02 	0.11 	
102 	0.03 	0.0 	0.08 	0.06 	0.0 	0.03 	0.02 	0.04 	0.0 	0.0 	0.03 	0.0 	0.0 	0.0 	0.0 	0.6 	0.09 	0.0 	0.0 	0.0 	
103 	0.02 	0.0 	0.0 	0.0 	0.0 	0.0 	0.1 	0.11 	0.0 	0.0 	0.0 	0.0 	0.0 	0.0 	0.0 	0.57 	0.0 	0.03 	0.0 	0.15 	
104 	0.05 	0.44 	0.06 	0.03 	0.0 	0.07 	0.09 	0.0 	0.05 	0.02 	0.05 	0.04 	0.03 	0.0 	0.0 	0.03 	0.0 	0.0 	0.0 	0.02 	
105 	0.02 	0.04 	0.09 	0.56 	0.01 	0.03 	0.04 	0.04 	0.02 	0.0 	0.0 	0.06 	0.0 	0.0 	0.0 	0.05 	0.02 	0.0 	0.0 	0.0 	
106 	0.02 	0.0 	0.05 	0.02 	0.0 	0.0 	0.03 	0.0 	0.0 	0.3 	0.26 	0.02 	0.02 	0.03 	0.0 	0.0 	0.02 	0.0 	0.06 	0.17 	
107 	0.04 	0.22 	0.0 	0.04 	0.0 	0.0 	0.01 	0.0 	0.0 	0.0 	0.04 	0.14 	0.02 	0.0 	0.21 	0.05 	0.05 	0.0 	0.02 	0.14 	
108 	0.08 	0.01 	0.0 	0.02 	0.0 	0.01 	0.07 	0.04 	0.03 	0.01 	0.55 	0.01 	0.0 	0.0 	0.03 	0.03 	0.08 	0.0 	0.0 	0.02 	
109 	0.03 	0.1 	0.02 	0.01 	0.02 	0.11 	0.08 	0.04 	0.04 	0.0 	0.0 	0.17 	0.02 	0.0 	0.0 	0.13 	0.18 	0.0 	0.0 	0.05 	
110 	0.23 	0.0 	0.0 	0.01 	0.0 	0.0 	0.04 	0.31 	0.0 	0.01 	0.04 	0.03 	0.0 	0.09 	0.0 	0.04 	0.04 	0.0 	0.0 	0.15 	
111 	0.05 	0.03 	0.0 	0.04 	0.0 	0.02 	0.12 	0.0 	0.0 	0.0 	0.04 	0.07 	0.0 	0.0 	0.09 	0.32 	0.17 	0.0 	0.0 	0.04 	
112 	0.0 	0.0 	0.0 	0.0 	0.0 	0.0 	0.0 	0.0 	0.0 	0.13 	0.25 	0.0 	0.0 	0.49 	0.0 	0.03 	0.0 	0.0 	0.04 	0.05 	
113 	0.05 	0.11 	0.0 	0.0 	0.03 	0.02 	0.15 	0.04 	0.03 	0.0 	0.0 	0.04 	0.0 	0.0 	0.0 	0.06 	0.44 	0.0 	0.0 	0.02 	
114 	0.0 	0.0 	0.0 	0.0 	0.04 	0.0 	0.0 	0.07 	0.0 	0.18 	0.24 	0.0 	0.0 	0.0 	0.0 	0.0 	0.0 	0.0 	0.0 	0.47 	
115 	0.0 	0.08 	0.04 	0.17 	0.0 	0.12 	0.22 	0.03 	0.0 	0.0 	0.0 	0.21 	0.0 	0.0 	0.07 	0.04 	0.0 	0.0 	0.0 	0.0 	
116 	0.0 	0.09 	0.0 	0.0 	0.0 	0.11 	0.15 	0.17 	0.0 	0.0 	0.0 	0.24 	0.0 	0.0 	0.0 	0.07 	0.04 	0.0 	0.0 	0.13 	
117 	0.15 	0.0 	0.0 	0.18 	0.0 	0.0 	0.04 	0.0 	0.0 	0.0 	0.0 	0.08 	0.0 	0.0 	0.0 	0.14 	0.41 	0.0 	0.0 	0.0 	
118 	0.0 	0.35 	0.0 	0.0 	0.0 	0.04 	0.06 	0.08 	0.05 	0.04 	0.03 	0.12 	0.0 	0.0 	0.0 	0.0 	0.06 	0.0 	0.0 	0.16 	
119 	0.0 	0.04 	0.04 	0.0 	0.0 	0.0 	0.0 	0.0 	0.04 	0.0 	0.09 	0.17 	0.03 	0.08 	0.0 	0.0 	0.04 	0.0 	0.24 	0.23 	
120 	0.0 	0.0 	0.0 	0.0 	0.0 	0.0 	0.0 	0.0 	0.0 	0.09 	0.0 	0.0 	0.1 	0.14 	0.0 	0.0 	0.08 	0.53 	0.05 	0.0 	
121 	0.0 	0.14 	0.24 	0.0 	0.0 	0.11 	0.14 	0.0 	0.0 	0.0 	0.0 	0.36 	0.0 	0.0 	0.0 	0.0 	0.0 	0.0 	0.0 	0.0 	
122 	0.0 	0.0 	0.0 	0.0 	0.0 	0.0 	0.0 	0.0 	0.0 	0.0 	0.0 	0.0 	0.0 	0.0 	1.0 	0.0 	0.0 	0.0 	0.0 	0.0 	
