	A 	R 	N 	D 	C 	Q 	E 	G 	H 	I 	L 	K 	M 	F 	P 	S 	T 	W 	Y 	V 	
1 	0.0 	0.0 	0.0 	0.0 	0.0 	0.0 	0.0 	0.0 	0.0 	0.0 	0.5 	0.0 	0.5 	0.0 	0.0 	0.0 	0.0 	0.0 	0.0 	0.0 	
2 	0.0 	0.0 	0.0 	0.0 	0.0 	0.0 	0.0 	0.0 	0.0 	0.0 	0.62 	0.0 	0.0 	0.0 	0.0 	0.0 	0.0 	0.0 	0.0 	0.38 	
3 	0.0 	0.0 	0.36 	0.25 	0.0 	0.0 	0.0 	0.0 	0.0 	0.0 	0.0 	0.0 	0.0 	0.0 	0.0 	0.12 	0.27 	0.0 	0.0 	0.0 	
4 	0.0 	0.12 	0.0 	0.0 	0.0 	0.0 	0.0 	0.0 	0.0 	0.15 	0.25 	0.0 	0.0 	0.12 	0.0 	0.13 	0.0 	0.0 	0.13 	0.1 	
5 	0.0 	0.0 	0.0 	0.48 	0.0 	0.0 	0.1 	0.0 	0.0 	0.0 	0.0 	0.11 	0.0 	0.0 	0.0 	0.22 	0.1 	0.0 	0.0 	0.0 	
6 	0.0 	0.0 	0.23 	0.0 	0.0 	0.15 	0.0 	0.0 	0.0 	0.0 	0.0 	0.14 	0.0 	0.0 	0.0 	0.08 	0.33 	0.06 	0.0 	0.0 	
7 	0.05 	0.0 	0.0 	0.0 	0.0 	0.0 	0.0 	0.0 	0.0 	0.13 	0.0 	0.0 	0.04 	0.47 	0.0 	0.0 	0.06 	0.0 	0.04 	0.21 	
8 	0.3 	0.05 	0.0 	0.0 	0.0 	0.0 	0.0 	0.05 	0.0 	0.17 	0.12 	0.08 	0.0 	0.0 	0.0 	0.0 	0.05 	0.0 	0.0 	0.17 	
9 	0.12 	0.09 	0.06 	0.25 	0.0 	0.05 	0.29 	0.0 	0.05 	0.0 	0.0 	0.09 	0.0 	0.0 	0.0 	0.0 	0.0 	0.0 	0.0 	0.0 	
10 	0.05 	0.03 	0.0 	0.0 	0.0 	0.0 	0.0 	0.0 	0.0 	0.09 	0.04 	0.0 	0.27 	0.0 	0.0 	0.0 	0.0 	0.24 	0.0 	0.27 	
11 	0.0 	0.0 	0.0 	0.0 	0.0 	0.0 	0.0 	0.0 	0.0 	0.25 	0.65 	0.0 	0.04 	0.0 	0.0 	0.0 	0.0 	0.0 	0.0 	0.06 	
12 	0.0 	0.1 	0.1 	0.03 	0.06 	0.05 	0.21 	0.06 	0.0 	0.12 	0.07 	0.09 	0.0 	0.0 	0.0 	0.0 	0.05 	0.0 	0.0 	0.08 	
13 	0.22 	0.1 	0.05 	0.09 	0.0 	0.12 	0.0 	0.0 	0.0 	0.0 	0.1 	0.09 	0.0 	0.0 	0.0 	0.14 	0.08 	0.0 	0.0 	0.0 	
14 	0.15 	0.0 	0.0 	0.0 	0.05 	0.0 	0.0 	0.41 	0.0 	0.07 	0.0 	0.0 	0.05 	0.16 	0.0 	0.05 	0.06 	0.0 	0.0 	0.03 	
15 	0.28 	0.05 	0.06 	0.0 	0.16 	0.06 	0.0 	0.14 	0.0 	0.04 	0.06 	0.0 	0.05 	0.0 	0.0 	0.03 	0.0 	0.0 	0.0 	0.08 	
16 	0.09 	0.0 	0.04 	0.15 	0.0 	0.21 	0.23 	0.0 	0.0 	0.0 	0.06 	0.13 	0.0 	0.0 	0.0 	0.0 	0.11 	0.0 	0.0 	0.0 	
17 	0.04 	0.04 	0.3 	0.0 	0.0 	0.04 	0.05 	0.06 	0.0 	0.1 	0.05 	0.17 	0.0 	0.0 	0.0 	0.0 	0.06 	0.0 	0.0 	0.09 	
18 	0.0 	0.0 	0.0 	0.0 	0.05 	0.0 	0.0 	0.0 	0.0 	0.26 	0.4 	0.0 	0.0 	0.04 	0.0 	0.0 	0.0 	0.0 	0.0 	0.24 	
19 	0.15 	0.0 	0.11 	0.0 	0.0 	0.09 	0.09 	0.0 	0.0 	0.19 	0.11 	0.0 	0.0 	0.0 	0.0 	0.23 	0.0 	0.0 	0.0 	0.05 	
20 	0.05 	0.0 	0.21 	0.09 	0.0 	0.03 	0.29 	0.05 	0.0 	0.0 	0.0 	0.16 	0.0 	0.0 	0.0 	0.03 	0.08 	0.0 	0.0 	0.0 	
21 	0.05 	0.0 	0.49 	0.0 	0.0 	0.0 	0.09 	0.0 	0.02 	0.0 	0.14 	0.07 	0.0 	0.04 	0.0 	0.04 	0.0 	0.0 	0.0 	0.04 	
22 	0.15 	0.09 	0.0 	0.0 	0.0 	0.0 	0.36 	0.0 	0.0 	0.0 	0.0 	0.13 	0.0 	0.06 	0.0 	0.1 	0.0 	0.0 	0.04 	0.05 	
23 	0.11 	0.0 	0.05 	0.22 	0.0 	0.04 	0.2 	0.0 	0.0 	0.0 	0.0 	0.0 	0.0 	0.0 	0.22 	0.04 	0.09 	0.0 	0.0 	0.0 	
24 	0.03 	0.0 	0.05 	0.0 	0.0 	0.02 	0.14 	0.0 	0.15 	0.0 	0.15 	0.23 	0.0 	0.0 	0.0 	0.0 	0.0 	0.0 	0.23 	0.0 	
25 	0.0 	0.0 	0.0 	0.0 	0.0 	0.0 	0.0 	0.0 	0.0 	0.24 	0.54 	0.0 	0.0 	0.0 	0.0 	0.0 	0.04 	0.0 	0.0 	0.18 	
26 	0.0 	0.0 	0.27 	0.14 	0.0 	0.0 	0.0 	0.13 	0.0 	0.0 	0.0 	0.0 	0.0 	0.0 	0.0 	0.12 	0.35 	0.0 	0.0 	0.0 	
27 	0.16 	0.13 	0.0 	0.09 	0.0 	0.13 	0.13 	0.08 	0.0 	0.0 	0.06 	0.04 	0.0 	0.0 	0.0 	0.11 	0.0 	0.07 	0.0 	0.0 	
28 	0.0 	0.0 	0.0 	0.0 	0.0 	0.0 	0.0 	0.0 	0.0 	0.13 	0.65 	0.0 	0.0 	0.04 	0.0 	0.0 	0.0 	0.04 	0.14 	0.0 	
29 	0.0 	0.0 	0.23 	0.77 	0.0 	0.0 	0.0 	0.0 	0.0 	0.0 	0.0 	0.0 	0.0 	0.0 	0.0 	0.0 	0.0 	0.0 	0.0 	0.0 	
30 	0.2 	0.13 	0.08 	0.0 	0.0 	0.04 	0.0 	0.05 	0.0 	0.0 	0.0 	0.05 	0.0 	0.0 	0.0 	0.04 	0.18 	0.0 	0.0 	0.23 	
31 	0.16 	0.0 	0.0 	0.04 	0.0 	0.09 	0.04 	0.0 	0.0 	0.12 	0.0 	0.09 	0.04 	0.0 	0.28 	0.0 	0.0 	0.0 	0.0 	0.15 	
32 	0.39 	0.0 	0.0 	0.0 	0.0 	0.0 	0.0 	0.0 	0.0 	0.21 	0.0 	0.0 	0.0 	0.0 	0.0 	0.0 	0.0 	0.0 	0.0 	0.4 	
33 	0.0 	0.0 	0.0 	0.0 	0.0 	0.0 	0.0 	0.77 	0.0 	0.0 	0.0 	0.0 	0.0 	0.0 	0.23 	0.0 	0.0 	0.0 	0.0 	0.0 	
34 	0.0 	0.0 	0.0 	1.0 	0.0 	0.0 	0.0 	0.0 	0.0 	0.0 	0.0 	0.0 	0.0 	0.0 	0.0 	0.0 	0.0 	0.0 	0.0 	0.0 	
35 	0.04 	0.0 	0.0 	0.0 	0.0 	0.0 	0.0 	0.96 	0.0 	0.0 	0.0 	0.0 	0.0 	0.0 	0.0 	0.0 	0.0 	0.0 	0.0 	0.0 	
36 	0.0 	0.0 	0.0 	1.0 	0.0 	0.0 	0.0 	0.0 	0.0 	0.0 	0.0 	0.0 	0.0 	0.0 	0.0 	0.0 	0.0 	0.0 	0.0 	0.0 	
37 	0.0 	0.0 	0.0 	0.0 	0.34 	0.0 	0.0 	0.0 	0.33 	0.0 	0.05 	0.0 	0.0 	0.0 	0.0 	0.0 	0.27 	0.0 	0.0 	0.0 	
38 	0.0 	0.0 	0.0 	0.0 	0.0 	0.0 	0.0 	1.0 	0.0 	0.0 	0.0 	0.0 	0.0 	0.0 	0.0 	0.0 	0.0 	0.0 	0.0 	0.0 	
39 	0.05 	0.04 	0.0 	0.0 	0.0 	0.05 	0.06 	0.0 	0.03 	0.12 	0.04 	0.0 	0.0 	0.0 	0.0 	0.11 	0.46 	0.0 	0.04 	0.0 	
40 	0.0 	0.0 	0.44 	0.0 	0.0 	0.0 	0.0 	0.13 	0.0 	0.0 	0.0 	0.0 	0.0 	0.0 	0.0 	0.0 	0.43 	0.0 	0.0 	0.0 	
41 	0.0 	0.0 	0.0 	0.0 	0.0 	0.0 	0.0 	0.0 	0.09 	0.0 	0.3 	0.0 	0.57 	0.04 	0.0 	0.0 	0.0 	0.0 	0.0 	0.0 	
42 	0.2 	0.0 	0.18 	0.0 	0.0 	0.0 	0.1 	0.0 	0.0 	0.0 	0.0 	0.14 	0.0 	0.04 	0.0 	0.21 	0.0 	0.0 	0.0 	0.14 	
43 	0.08 	0.38 	0.15 	0.0 	0.0 	0.0 	0.0 	0.0 	0.0 	0.04 	0.14 	0.04 	0.0 	0.05 	0.0 	0.04 	0.0 	0.0 	0.0 	0.1 	
44 	0.13 	0.0 	0.0 	0.0 	0.0 	0.0 	0.0 	0.59 	0.0 	0.0 	0.05 	0.0 	0.0 	0.0 	0.0 	0.03 	0.2 	0.0 	0.0 	0.0 	
45 	0.25 	0.0 	0.0 	0.0 	0.0 	0.0 	0.0 	0.07 	0.0 	0.15 	0.09 	0.0 	0.12 	0.12 	0.0 	0.16 	0.0 	0.0 	0.0 	0.04 	
46 	0.05 	0.19 	0.03 	0.0 	0.0 	0.0 	0.11 	0.0 	0.03 	0.0 	0.03 	0.11 	0.0 	0.0 	0.0 	0.22 	0.18 	0.0 	0.0 	0.04 	
47 	0.35 	0.0 	0.0 	0.0 	0.0 	0.0 	0.27 	0.12 	0.0 	0.0 	0.0 	0.08 	0.0 	0.0 	0.0 	0.19 	0.0 	0.0 	0.0 	0.0 	
48 	0.22 	0.0 	0.0 	0.0 	0.0 	0.0 	0.0 	0.14 	0.0 	0.36 	0.07 	0.0 	0.0 	0.0 	0.0 	0.0 	0.05 	0.0 	0.0 	0.16 	
49 	0.12 	0.14 	0.04 	0.05 	0.0 	0.06 	0.04 	0.0 	0.0 	0.04 	0.15 	0.09 	0.05 	0.05 	0.0 	0.0 	0.07 	0.0 	0.0 	0.08 	
50 	0.0 	0.03 	0.0 	0.03 	0.0 	0.05 	0.36 	0.07 	0.0 	0.0 	0.0 	0.43 	0.0 	0.0 	0.0 	0.04 	0.0 	0.0 	0.0 	0.0 	
51 	0.34 	0.0 	0.04 	0.04 	0.0 	0.04 	0.15 	0.0 	0.0 	0.0 	0.07 	0.14 	0.0 	0.04 	0.0 	0.05 	0.0 	0.09 	0.0 	0.0 	
52 	0.08 	0.0 	0.0 	0.0 	0.0 	0.0 	0.0 	0.0 	0.0 	0.12 	0.49 	0.0 	0.04 	0.04 	0.0 	0.0 	0.05 	0.0 	0.0 	0.18 	
53 	0.1 	0.05 	0.0 	0.13 	0.0 	0.0 	0.42 	0.0 	0.08 	0.0 	0.0 	0.15 	0.0 	0.0 	0.04 	0.0 	0.04 	0.0 	0.0 	0.0 	
54 	0.08 	0.04 	0.18 	0.05 	0.0 	0.03 	0.11 	0.07 	0.0 	0.0 	0.05 	0.08 	0.0 	0.0 	0.0 	0.19 	0.09 	0.0 	0.0 	0.05 	
55 	0.08 	0.0 	0.14 	0.07 	0.0 	0.04 	0.14 	0.03 	0.0 	0.13 	0.07 	0.04 	0.03 	0.0 	0.09 	0.05 	0.04 	0.0 	0.04 	0.0 	
56 	0.04 	0.12 	0.05 	0.03 	0.0 	0.0 	0.04 	0.0 	0.0 	0.0 	0.14 	0.15 	0.0 	0.0 	0.2 	0.12 	0.02 	0.0 	0.0 	0.09 	
57 	0.0 	0.0 	0.0 	0.09 	0.0 	0.05 	0.0 	0.0 	0.0 	0.0 	0.22 	0.04 	0.0 	0.2 	0.12 	0.23 	0.03 	0.0 	0.03 	0.0 	
58 	0.16 	0.04 	0.08 	0.25 	0.0 	0.08 	0.1 	0.05 	0.0 	0.0 	0.0 	0.1 	0.0 	0.0 	0.04 	0.1 	0.0 	0.0 	0.0 	0.0 	
59 	0.0 	0.0 	0.19 	0.41 	0.0 	0.02 	0.0 	0.08 	0.0 	0.03 	0.03 	0.05 	0.0 	0.0 	0.0 	0.18 	0.0 	0.0 	0.0 	0.0 	
60 	0.2 	0.0 	0.0 	0.0 	0.0 	0.0 	0.0 	0.04 	0.0 	0.23 	0.17 	0.03 	0.0 	0.05 	0.2 	0.0 	0.03 	0.0 	0.0 	0.05 	
61 	0.26 	0.0 	0.0 	0.06 	0.05 	0.0 	0.0 	0.38 	0.0 	0.04 	0.0 	0.0 	0.0 	0.0 	0.0 	0.13 	0.03 	0.0 	0.0 	0.04 	
62 	0.0 	0.04 	0.04 	0.03 	0.0 	0.14 	0.27 	0.06 	0.0 	0.0 	0.03 	0.09 	0.0 	0.03 	0.0 	0.03 	0.17 	0.0 	0.05 	0.0 	
63 	0.03 	0.0 	0.0 	0.0 	0.0 	0.0 	0.0 	0.07 	0.0 	0.16 	0.33 	0.0 	0.0 	0.0 	0.0 	0.06 	0.17 	0.0 	0.0 	0.18 	
64 	0.0 	0.0 	0.0 	0.0 	0.0 	0.0 	0.0 	0.17 	0.0 	0.07 	0.34 	0.0 	0.0 	0.27 	0.0 	0.0 	0.0 	0.0 	0.0 	0.15 	
65 	0.07 	0.09 	0.07 	0.04 	0.0 	0.05 	0.03 	0.04 	0.0 	0.0 	0.04 	0.34 	0.0 	0.0 	0.0 	0.1 	0.1 	0.0 	0.0 	0.03 	
66 	0.06 	0.11 	0.08 	0.11 	0.0 	0.1 	0.07 	0.0 	0.0 	0.0 	0.08 	0.25 	0.0 	0.0 	0.0 	0.0 	0.14 	0.0 	0.0 	0.0 	
67 	0.16 	0.0 	0.0 	0.0 	0.0 	0.0 	0.0 	0.0 	0.0 	0.34 	0.14 	0.0 	0.0 	0.15 	0.0 	0.04 	0.04 	0.0 	0.0 	0.08 	
68 	0.21 	0.0 	0.0 	0.06 	0.0 	0.0 	0.0 	0.33 	0.0 	0.0 	0.0 	0.0 	0.0 	0.0 	0.0 	0.28 	0.11 	0.0 	0.0 	0.0 	
69 	0.03 	0.05 	0.0 	0.18 	0.0 	0.04 	0.04 	0.0 	0.0 	0.0 	0.13 	0.16 	0.19 	0.02 	0.0 	0.04 	0.0 	0.0 	0.07 	0.04 	
70 	0.12 	0.04 	0.0 	0.05 	0.0 	0.0 	0.0 	0.12 	0.0 	0.16 	0.14 	0.0 	0.03 	0.03 	0.0 	0.07 	0.12 	0.0 	0.0 	0.1 	
71 	0.0 	0.0 	0.0 	0.0 	0.0 	0.0 	0.0 	0.0 	0.0 	0.2 	0.51 	0.0 	0.03 	0.0 	0.0 	0.0 	0.0 	0.12 	0.0 	0.14 	
72 	0.12 	0.0 	0.0 	0.0 	0.0 	0.05 	0.21 	0.07 	0.0 	0.0 	0.32 	0.0 	0.05 	0.06 	0.0 	0.0 	0.04 	0.0 	0.0 	0.07 	
73 	0.03 	0.07 	0.0 	0.2 	0.0 	0.0 	0.13 	0.07 	0.0 	0.0 	0.05 	0.0 	0.12 	0.0 	0.0 	0.21 	0.06 	0.0 	0.0 	0.04 	
74 	0.11 	0.06 	0.07 	0.0 	0.0 	0.05 	0.0 	0.12 	0.0 	0.0 	0.05 	0.23 	0.0 	0.05 	0.0 	0.18 	0.0 	0.0 	0.0 	0.08 	
75 	0.25 	0.0 	0.0 	0.0 	0.0 	0.0 	0.0 	0.0 	0.0 	0.05 	0.01 	0.0 	0.4 	0.0 	0.0 	0.05 	0.0 	0.0 	0.0 	0.19 	
76 	0.0 	0.18 	0.0 	0.04 	0.0 	0.0 	0.0 	0.73 	0.0 	0.0 	0.01 	0.0 	0.0 	0.0 	0.0 	0.0 	0.0 	0.0 	0.0 	0.0 	
77 	0.0 	0.0 	0.0 	0.0 	0.0 	0.0 	0.0 	1.0 	0.0 	0.0 	0.0 	0.0 	0.0 	0.0 	0.0 	0.0 	0.0 	0.0 	0.0 	0.0 	
78 	0.19 	0.0 	0.24 	0.0 	0.0 	0.0 	0.0 	0.0 	0.0 	0.0 	0.0 	0.0 	0.0 	0.0 	0.0 	0.17 	0.41 	0.0 	0.0 	0.0 	
79 	0.0 	0.0 	0.0 	0.0 	0.0 	0.0 	0.0 	0.0 	0.0 	0.0 	0.0 	0.0 	0.0 	0.0 	0.0 	1.0 	0.0 	0.0 	0.0 	0.0 	
80 	0.0 	0.0 	0.0 	0.0 	0.0 	0.0 	0.0 	1.0 	0.0 	0.0 	0.0 	0.0 	0.0 	0.0 	0.0 	0.0 	0.0 	0.0 	0.0 	0.0 	
81 	0.21 	0.0 	0.0 	0.0 	0.0 	0.0 	0.0 	0.17 	0.0 	0.07 	0.05 	0.0 	0.0 	0.0 	0.19 	0.0 	0.0 	0.0 	0.0 	0.31 	
82 	0.0 	0.0 	0.0 	0.0 	0.0 	0.0 	0.0 	0.0 	0.0 	0.32 	0.63 	0.0 	0.0 	0.05 	0.0 	0.0 	0.0 	0.0 	0.0 	0.0 	
83 	0.0 	0.0 	0.0 	0.0 	0.0 	0.0 	0.0 	0.0 	0.0 	0.0 	0.12 	0.0 	0.04 	0.15 	0.0 	0.0 	0.0 	0.12 	0.56 	0.0 	
84 	0.04 	0.0 	0.0 	0.0 	0.0 	0.0 	0.0 	0.39 	0.0 	0.0 	0.0 	0.0 	0.0 	0.0 	0.0 	0.53 	0.04 	0.0 	0.0 	0.0 	
85 	0.08 	0.0 	0.0 	0.0 	0.0 	0.24 	0.0 	0.0 	0.0 	0.37 	0.08 	0.0 	0.0 	0.0 	0.0 	0.09 	0.1 	0.0 	0.0 	0.05 	
86 	0.2 	0.0 	0.0 	0.0 	0.0 	0.0 	0.0 	0.0 	0.0 	0.06 	0.19 	0.0 	0.0 	0.47 	0.0 	0.0 	0.0 	0.0 	0.07 	0.0 	
87 	0.0 	0.0 	0.0 	0.0 	0.03 	0.0 	0.0 	0.0 	0.0 	0.06 	0.31 	0.0 	0.06 	0.53 	0.0 	0.0 	0.0 	0.0 	0.0 	0.0 	
88 	0.0 	0.12 	0.05 	0.0 	0.0 	0.0 	0.0 	0.0 	0.04 	0.03 	0.16 	0.14 	0.04 	0.0 	0.0 	0.22 	0.2 	0.0 	0.0 	0.0 	
89 	0.46 	0.08 	0.08 	0.0 	0.0 	0.0 	0.0 	0.26 	0.0 	0.0 	0.0 	0.07 	0.0 	0.0 	0.0 	0.04 	0.0 	0.0 	0.0 	0.0 	
90 	0.3 	0.0 	0.0 	0.0 	0.04 	0.0 	0.0 	0.0 	0.0 	0.05 	0.27 	0.0 	0.08 	0.26 	0.0 	0.0 	0.0 	0.0 	0.0 	0.0 	
91 	0.32 	0.0 	0.05 	0.0 	0.04 	0.0 	0.0 	0.27 	0.04 	0.0 	0.0 	0.0 	0.0 	0.06 	0.0 	0.18 	0.0 	0.0 	0.03 	0.0 	
92 	0.07 	0.0 	0.05 	0.0 	0.0 	0.19 	0.09 	0.04 	0.03 	0.0 	0.0 	0.43 	0.0 	0.0 	0.0 	0.1 	0.0 	0.0 	0.0 	0.0 	
93 	0.03 	0.03 	0.09 	0.06 	0.0 	0.08 	0.0 	0.15 	0.0 	0.0 	0.0 	0.15 	0.0 	0.0 	0.08 	0.15 	0.09 	0.0 	0.0 	0.08 	
94 	0.08 	0.05 	0.0 	0.0 	0.0 	0.05 	0.2 	0.0 	0.0 	0.02 	0.34 	0.0 	0.1 	0.04 	0.0 	0.0 	0.0 	0.0 	0.0 	0.11 	
95 	0.0 	0.07 	0.0 	0.0 	0.0 	0.0 	0.06 	0.03 	0.04 	0.36 	0.05 	0.26 	0.0 	0.0 	0.05 	0.04 	0.0 	0.0 	0.0 	0.04 	
96 	0.12 	0.0 	0.12 	0.3 	0.0 	0.11 	0.18 	0.0 	0.0 	0.0 	0.0 	0.0 	0.0 	0.0 	0.0 	0.18 	0.0 	0.0 	0.0 	0.0 	
97 	0.1 	0.03 	0.06 	0.0 	0.0 	0.0 	0.02 	0.09 	0.0 	0.08 	0.0 	0.09 	0.0 	0.04 	0.0 	0.17 	0.28 	0.0 	0.0 	0.05 	
98 	0.08 	0.08 	0.08 	0.08 	0.03 	0.07 	0.12 	0.07 	0.0 	0.0 	0.15 	0.17 	0.0 	0.0 	0.0 	0.0 	0.08 	0.0 	0.0 	0.0 	
99 	0.0 	0.05 	0.04 	0.31 	0.0 	0.1 	0.16 	0.08 	0.0 	0.03 	0.02 	0.03 	0.0 	0.0 	0.03 	0.02 	0.13 	0.0 	0.0 	0.0 	
100 	0.11 	0.0 	0.0 	0.03 	0.0 	0.0 	0.0 	0.0 	0.0 	0.06 	0.18 	0.04 	0.0 	0.13 	0.0 	0.04 	0.05 	0.2 	0.0 	0.17 	
101 	0.33 	0.0 	0.0 	0.04 	0.04 	0.0 	0.07 	0.05 	0.0 	0.0 	0.0 	0.03 	0.0 	0.0 	0.0 	0.29 	0.1 	0.0 	0.0 	0.04 	
102 	0.13 	0.0 	0.05 	0.08 	0.0 	0.0 	0.35 	0.07 	0.0 	0.0 	0.09 	0.14 	0.0 	0.0 	0.0 	0.05 	0.0 	0.0 	0.0 	0.03 	
103 	0.34 	0.0 	0.0 	0.04 	0.03 	0.0 	0.0 	0.11 	0.0 	0.0 	0.05 	0.0 	0.07 	0.0 	0.0 	0.29 	0.0 	0.0 	0.0 	0.07 	
104 	0.0 	0.0 	0.0 	0.0 	0.0 	0.0 	0.0 	0.0 	0.0 	0.3 	0.31 	0.0 	0.08 	0.19 	0.0 	0.03 	0.0 	0.0 	0.0 	0.08 	
105 	0.07 	0.08 	0.08 	0.08 	0.04 	0.17 	0.13 	0.03 	0.04 	0.14 	0.0 	0.05 	0.0 	0.0 	0.0 	0.04 	0.0 	0.0 	0.05 	0.0 	
106 	0.47 	0.0 	0.04 	0.18 	0.0 	0.08 	0.0 	0.0 	0.0 	0.03 	0.0 	0.0 	0.0 	0.0 	0.0 	0.04 	0.08 	0.0 	0.0 	0.08 	
107 	0.42 	0.0 	0.0 	0.0 	0.0 	0.0 	0.0 	0.48 	0.0 	0.0 	0.0 	0.0 	0.0 	0.06 	0.0 	0.04 	0.0 	0.0 	0.0 	0.0 	
108 	0.14 	0.0 	0.0 	0.0 	0.0 	0.05 	0.0 	0.0 	0.0 	0.12 	0.41 	0.05 	0.0 	0.0 	0.0 	0.0 	0.0 	0.0 	0.0 	0.24 	
109 	0.15 	0.0 	0.05 	0.35 	0.0 	0.03 	0.33 	0.0 	0.0 	0.0 	0.0 	0.02 	0.0 	0.0 	0.0 	0.0 	0.06 	0.0 	0.0 	0.0 	
110 	0.5 	0.0 	0.0 	0.0 	0.0 	0.04 	0.0 	0.1 	0.0 	0.0 	0.0 	0.0 	0.02 	0.0 	0.0 	0.11 	0.18 	0.0 	0.0 	0.05 	
111 	0.17 	0.0 	0.0 	0.0 	0.0 	0.0 	0.0 	0.0 	0.0 	0.21 	0.24 	0.0 	0.12 	0.06 	0.0 	0.0 	0.0 	0.0 	0.0 	0.19 	
112 	0.0 	0.0 	0.0 	0.0 	0.0 	0.16 	0.03 	0.0 	0.0 	0.13 	0.04 	0.12 	0.05 	0.11 	0.0 	0.07 	0.0 	0.0 	0.27 	0.0 	
113 	0.0 	0.11 	0.0 	0.0 	0.0 	0.0 	0.05 	0.0 	0.08 	0.03 	0.0 	0.65 	0.0 	0.04 	0.0 	0.03 	0.0 	0.0 	0.0 	0.0 	
114 	0.01 	0.21 	0.01 	0.01 	0.0 	0.01 	0.01 	0.01 	0.0 	0.01 	0.14 	0.08 	0.0 	0.05 	0.01 	0.01 	0.01 	0.0 	0.41 	0.01 	
115 	0.1 	0.0 	0.12 	0.0 	0.0 	0.0 	0.0 	0.56 	0.0 	0.0 	0.0 	0.0 	0.0 	0.0 	0.0 	0.0 	0.21 	0.0 	0.0 	0.0 	
116 	0.0 	0.14 	0.0 	0.0 	0.0 	0.0 	0.0 	0.18 	0.0 	0.04 	0.0 	0.41 	0.0 	0.0 	0.04 	0.0 	0.0 	0.0 	0.0 	0.19 	
117 	0.74 	0.0 	0.0 	0.0 	0.0 	0.0 	0.0 	0.0 	0.0 	0.0 	0.0 	0.0 	0.1 	0.0 	0.0 	0.16 	0.0 	0.0 	0.0 	0.0 	
118 	0.12 	0.21 	0.03 	0.09 	0.0 	0.09 	0.08 	0.0 	0.04 	0.0 	0.0 	0.27 	0.0 	0.0 	0.0 	0.07 	0.0 	0.0 	0.0 	0.0 	
119 	0.14 	0.0 	0.0 	0.0 	0.0 	0.0 	0.04 	0.0 	0.0 	0.05 	0.04 	0.07 	0.0 	0.0 	0.53 	0.0 	0.03 	0.0 	0.0 	0.09 	
120 	0.0 	0.0 	0.0 	0.0 	0.0 	0.0 	0.0 	0.77 	0.0 	0.0 	0.0 	0.0 	0.0 	0.0 	0.0 	0.0 	0.0 	0.0 	0.0 	0.23 	
121 	0.0 	0.0 	0.0 	0.51 	0.0 	0.0 	0.32 	0.0 	0.0 	0.0 	0.0 	0.0 	0.0 	0.04 	0.0 	0.04 	0.0 	0.0 	0.1 	0.0 	
122 	0.0 	0.33 	0.0 	0.0 	0.05 	0.0 	0.0 	0.23 	0.0 	0.0 	0.0 	0.32 	0.0 	0.0 	0.0 	0.08 	0.0 	0.0 	0.0 	0.0 	
123 	0.0 	0.0 	0.0 	0.0 	0.0 	0.0 	0.0 	0.0 	0.0 	0.0 	0.0 	0.0 	0.0 	0.0 	0.0 	0.0 	1.0 	0.0 	0.0 	0.0 	
124 	0.0 	0.0 	0.0 	0.0 	0.0 	0.0 	0.0 	0.0 	0.0 	0.1 	0.25 	0.0 	0.65 	0.0 	0.0 	0.0 	0.0 	0.0 	0.0 	0.0 	
125 	0.0 	0.0 	0.0 	0.0 	0.08 	0.0 	0.0 	0.0 	0.0 	0.25 	0.5 	0.0 	0.04 	0.0 	0.0 	0.0 	0.0 	0.0 	0.0 	0.14 	
126 	0.0 	0.0 	0.0 	0.84 	0.0 	0.0 	0.0 	0.0 	0.0 	0.0 	0.0 	0.0 	0.0 	0.0 	0.0 	0.0 	0.16 	0.0 	0.0 	0.0 	
127 	0.55 	0.0 	0.0 	0.0 	0.0 	0.0 	0.0 	0.0 	0.0 	0.05 	0.0 	0.0 	0.0 	0.0 	0.0 	0.13 	0.0 	0.0 	0.0 	0.26 	
128 	0.2 	0.0 	0.0 	0.0 	0.0 	0.0 	0.0 	0.0 	0.0 	0.11 	0.49 	0.0 	0.04 	0.04 	0.0 	0.0 	0.0 	0.13 	0.0 	0.0 	
129 	0.03 	0.12 	0.0 	0.04 	0.0 	0.18 	0.11 	0.0 	0.0 	0.16 	0.08 	0.04 	0.0 	0.0 	0.0 	0.07 	0.0 	0.06 	0.0 	0.12 	
130 	0.22 	0.0 	0.0 	0.0 	0.0 	0.0 	0.0 	0.0 	0.0 	0.0 	0.12 	0.0 	0.0 	0.0 	0.66 	0.0 	0.0 	0.0 	0.0 	0.0 	
131 	0.33 	0.0 	0.0 	0.0 	0.0 	0.0 	0.0 	0.07 	0.0 	0.12 	0.0 	0.0 	0.0 	0.39 	0.0 	0.0 	0.0 	0.0 	0.0 	0.07 	
132 	0.05 	0.04 	0.0 	0.0 	0.0 	0.0 	0.0 	0.05 	0.0 	0.09 	0.14 	0.05 	0.0 	0.0 	0.0 	0.15 	0.04 	0.0 	0.0 	0.4 	
133 	0.0 	0.0 	0.21 	0.04 	0.0 	0.11 	0.3 	0.0 	0.0 	0.0 	0.04 	0.12 	0.0 	0.0 	0.0 	0.08 	0.1 	0.0 	0.0 	0.0 	
134 	0.24 	0.0 	0.0 	0.2 	0.0 	0.03 	0.22 	0.0 	0.0 	0.0 	0.0 	0.08 	0.02 	0.0 	0.0 	0.08 	0.07 	0.0 	0.0 	0.04 	
135 	0.08 	0.0 	0.05 	0.0 	0.0 	0.0 	0.0 	0.0 	0.0 	0.0 	0.57 	0.0 	0.05 	0.25 	0.0 	0.0 	0.0 	0.0 	0.0 	0.0 	
136 	0.06 	0.04 	0.04 	0.0 	0.0 	0.19 	0.12 	0.0 	0.03 	0.09 	0.04 	0.22 	0.0 	0.0 	0.0 	0.0 	0.08 	0.0 	0.0 	0.08 	
137 	0.21 	0.04 	0.19 	0.0 	0.0 	0.12 	0.08 	0.03 	0.0 	0.02 	0.05 	0.15 	0.0 	0.0 	0.0 	0.05 	0.05 	0.0 	0.0 	0.0 	
138 	0.09 	0.16 	0.0 	0.09 	0.0 	0.15 	0.03 	0.03 	0.0 	0.0 	0.06 	0.0 	0.0 	0.0 	0.0 	0.19 	0.12 	0.07 	0.0 	0.0 	
139 	0.0 	0.0 	0.08 	0.15 	0.0 	0.0 	0.09 	0.0 	0.0 	0.0 	0.08 	0.27 	0.0 	0.0 	0.04 	0.14 	0.06 	0.0 	0.0 	0.08 	
140 	0.17 	0.0 	0.15 	0.08 	0.0 	0.0 	0.08 	0.06 	0.0 	0.04 	0.06 	0.15 	0.0 	0.0 	0.0 	0.16 	0.04 	0.0 	0.0 	0.0 	
141 	0.29 	0.11 	0.12 	0.03 	0.08 	0.08 	0.05 	0.0 	0.0 	0.0 	0.0 	0.0 	0.0 	0.0 	0.06 	0.1 	0.08 	0.0 	0.0 	0.0 	
142 	0.18 	0.03 	0.07 	0.07 	0.0 	0.04 	0.0 	0.11 	0.0 	0.04 	0.12 	0.05 	0.0 	0.05 	0.05 	0.0 	0.05 	0.0 	0.0 	0.15 	
143 	0.06 	0.04 	0.03 	0.27 	0.0 	0.04 	0.16 	0.0 	0.0 	0.0 	0.04 	0.32 	0.04 	0.0 	0.0 	0.0 	0.0 	0.0 	0.0 	0.0 	
144 	0.18 	0.0 	0.08 	0.04 	0.0 	0.03 	0.08 	0.0 	0.0 	0.05 	0.09 	0.0 	0.0 	0.0 	0.04 	0.19 	0.11 	0.0 	0.04 	0.08 	
145 	0.4 	0.0 	0.0 	0.0 	0.0 	0.0 	0.0 	0.0 	0.0 	0.04 	0.25 	0.0 	0.04 	0.0 	0.04 	0.0 	0.05 	0.04 	0.0 	0.14 	
146 	0.13 	0.08 	0.08 	0.0 	0.0 	0.13 	0.37 	0.0 	0.03 	0.0 	0.02 	0.0 	0.0 	0.04 	0.08 	0.0 	0.03 	0.0 	0.0 	0.0 	
147 	0.14 	0.0 	0.0 	0.12 	0.0 	0.0 	0.16 	0.0 	0.0 	0.04 	0.05 	0.27 	0.0 	0.0 	0.02 	0.04 	0.09 	0.0 	0.0 	0.08 	
148 	0.43 	0.0 	0.0 	0.0 	0.0 	0.0 	0.0 	0.22 	0.0 	0.04 	0.11 	0.04 	0.05 	0.0 	0.0 	0.04 	0.0 	0.0 	0.0 	0.08 	
149 	0.44 	0.0 	0.0 	0.0 	0.0 	0.0 	0.0 	0.0 	0.0 	0.0 	0.14 	0.05 	0.0 	0.11 	0.0 	0.03 	0.05 	0.0 	0.0 	0.18 	
150 	0.05 	0.08 	0.0 	0.08 	0.0 	0.11 	0.47 	0.0 	0.0 	0.0 	0.0 	0.18 	0.0 	0.0 	0.0 	0.0 	0.02 	0.0 	0.0 	0.0 	
151 	0.27 	0.0 	0.04 	0.04 	0.0 	0.03 	0.0 	0.0 	0.0 	0.0 	0.0 	0.24 	0.0 	0.04 	0.0 	0.24 	0.04 	0.0 	0.0 	0.05 	
152 	0.0 	0.0 	0.04 	0.0 	0.04 	0.0 	0.0 	0.0 	0.0 	0.0 	0.0 	0.0 	0.0 	0.0 	0.0 	0.05 	0.86 	0.0 	0.0 	0.0 	
153 	0.31 	0.13 	0.0 	0.0 	0.0 	0.0 	0.09 	0.0 	0.0 	0.13 	0.04 	0.21 	0.0 	0.0 	0.09 	0.0 	0.0 	0.0 	0.0 	0.0 	
154 	0.0 	0.0 	0.13 	0.15 	0.0 	0.09 	0.13 	0.05 	0.04 	0.0 	0.0 	0.13 	0.0 	0.0 	0.04 	0.09 	0.08 	0.06 	0.0 	0.0 	
155 	0.05 	0.0 	0.0 	0.0 	0.0 	0.06 	0.0 	0.0 	0.0 	0.08 	0.35 	0.0 	0.38 	0.04 	0.0 	0.04 	0.0 	0.0 	0.0 	0.0 	
156 	0.0 	0.04 	0.0 	0.07 	0.0 	0.12 	0.25 	0.0 	0.0 	0.09 	0.18 	0.11 	0.0 	0.0 	0.0 	0.0 	0.1 	0.0 	0.0 	0.04 	
157 	0.73 	0.0 	0.04 	0.0 	0.0 	0.0 	0.0 	0.0 	0.0 	0.0 	0.0 	0.0 	0.0 	0.0 	0.17 	0.0 	0.0 	0.0 	0.0 	0.06 	
158 	0.0 	0.08 	0.04 	0.0 	0.0 	0.04 	0.0 	0.09 	0.0 	0.0 	0.03 	0.4 	0.0 	0.0 	0.0 	0.05 	0.13 	0.0 	0.0 	0.12 	
159 	0.18 	0.04 	0.0 	0.0 	0.0 	0.0 	0.0 	0.0 	0.0 	0.08 	0.18 	0.31 	0.0 	0.1 	0.04 	0.0 	0.0 	0.0 	0.0 	0.07 	
160 	0.01 	0.0 	0.1 	0.0 	0.0 	0.0 	0.01 	0.76 	0.0 	0.0 	0.01 	0.01 	0.0 	0.0 	0.0 	0.01 	0.07 	0.0 	0.0 	0.01 	
161 	0.01 	0.81 	0.0 	0.0 	0.0 	0.0 	0.01 	0.01 	0.0 	0.0 	0.05 	0.01 	0.0 	0.0 	0.07 	0.01 	0.01 	0.0 	0.0 	0.01 	
162 	0.67 	0.0 	0.0 	0.0 	0.0 	0.07 	0.01 	0.01 	0.0 	0.0 	0.05 	0.01 	0.0 	0.0 	0.0 	0.1 	0.05 	0.0 	0.0 	0.01 	
163 	0.05 	0.12 	0.0 	0.0 	0.0 	0.0 	0.01 	0.01 	0.0 	0.0 	0.05 	0.01 	0.06 	0.0 	0.05 	0.52 	0.05 	0.0 	0.0 	0.05 	
164 	0.01 	0.05 	0.0 	0.0 	0.0 	0.0 	0.06 	0.01 	0.0 	0.0 	0.07 	0.01 	0.0 	0.0 	0.08 	0.01 	0.01 	0.0 	0.6 	0.09 	
165 	0.01 	0.0 	0.0 	0.0 	0.0 	0.0 	0.01 	0.01 	0.0 	0.1 	0.52 	0.01 	0.0 	0.0 	0.07 	0.01 	0.01 	0.0 	0.0 	0.26 	
166 	0.18 	0.0 	0.0 	0.0 	0.0 	0.0 	0.01 	0.42 	0.0 	0.0 	0.06 	0.05 	0.0 	0.0 	0.0 	0.17 	0.01 	0.0 	0.0 	0.07 	
167 	0.01 	0.0 	0.0 	0.13 	0.0 	0.04 	0.45 	0.01 	0.0 	0.0 	0.07 	0.07 	0.0 	0.0 	0.05 	0.14 	0.01 	0.0 	0.0 	0.01 	
168 	0.1 	0.29 	0.0 	0.0 	0.0 	0.0 	0.18 	0.01 	0.0 	0.05 	0.01 	0.29 	0.0 	0.0 	0.0 	0.04 	0.0 	0.0 	0.0 	0.01 	
169 	0.15 	0.07 	0.0 	0.04 	0.0 	0.03 	0.22 	0.0 	0.0 	0.0 	0.05 	0.0 	0.0 	0.0 	0.0 	0.37 	0.05 	0.0 	0.0 	0.0 	
170 	0.04 	0.0 	0.0 	0.0 	0.0 	0.04 	0.0 	0.0 	0.0 	0.2 	0.24 	0.0 	0.0 	0.06 	0.0 	0.16 	0.0 	0.0 	0.0 	0.25 	
171 	0.0 	0.0 	0.0 	0.07 	0.0 	0.0 	0.02 	0.74 	0.05 	0.0 	0.0 	0.04 	0.0 	0.0 	0.0 	0.04 	0.0 	0.0 	0.0 	0.04 	
172 	0.0 	0.0 	0.04 	0.0 	0.0 	0.09 	0.04 	0.0 	0.17 	0.05 	0.13 	0.0 	0.0 	0.0 	0.0 	0.0 	0.12 	0.0 	0.04 	0.33 	
173 	0.0 	0.0 	0.0 	0.0 	0.0 	0.04 	0.0 	0.0 	0.0 	0.06 	0.08 	0.04 	0.09 	0.0 	0.43 	0.0 	0.0 	0.0 	0.0 	0.25 	
174 	0.0 	0.0 	0.0 	1.0 	0.0 	0.0 	0.0 	0.0 	0.0 	0.0 	0.0 	0.0 	0.0 	0.0 	0.0 	0.0 	0.0 	0.0 	0.0 	0.0 	
175 	0.12 	0.0 	0.0 	0.0 	0.0 	0.0 	0.0 	0.0 	0.0 	0.0 	0.0 	0.0 	0.0 	0.0 	0.64 	0.24 	0.0 	0.0 	0.0 	0.0 	
176 	0.0 	0.0 	0.0 	0.0 	0.0 	0.0 	0.0 	1.0 	0.0 	0.0 	0.0 	0.0 	0.0 	0.0 	0.0 	0.0 	0.0 	0.0 	0.0 	0.0 	
177 	0.76 	0.0 	0.0 	0.0 	0.0 	0.0 	0.0 	0.14 	0.0 	0.0 	0.0 	0.0 	0.0 	0.0 	0.0 	0.04 	0.06 	0.0 	0.0 	0.0 	
178 	0.0 	0.0 	0.0 	0.0 	0.0 	0.1 	0.04 	0.0 	0.05 	0.11 	0.08 	0.14 	0.0 	0.04 	0.0 	0.0 	0.08 	0.0 	0.18 	0.17 	
179 	0.18 	0.05 	0.0 	0.0 	0.0 	0.0 	0.0 	0.43 	0.0 	0.0 	0.0 	0.0 	0.0 	0.0 	0.0 	0.34 	0.0 	0.0 	0.0 	0.0 	
180 	0.1 	0.0 	0.0 	0.0 	0.0 	0.0 	0.0 	0.0 	0.0 	0.05 	0.44 	0.0 	0.0 	0.15 	0.0 	0.18 	0.0 	0.0 	0.0 	0.08 	
181 	0.64 	0.0 	0.0 	0.0 	0.04 	0.0 	0.05 	0.0 	0.0 	0.0 	0.09 	0.0 	0.04 	0.0 	0.0 	0.0 	0.0 	0.04 	0.04 	0.04 	
182 	0.27 	0.0 	0.0 	0.0 	0.2 	0.0 	0.04 	0.0 	0.0 	0.09 	0.11 	0.0 	0.18 	0.04 	0.0 	0.0 	0.0 	0.0 	0.06 	0.0 	
183 	0.0 	0.0 	0.0 	0.0 	0.04 	0.0 	0.0 	0.0 	0.0 	0.31 	0.28 	0.0 	0.04 	0.15 	0.0 	0.0 	0.0 	0.0 	0.0 	0.18 	
184 	0.04 	0.0 	0.0 	0.0 	0.0 	0.0 	0.0 	0.0 	0.0 	0.03 	0.37 	0.0 	0.13 	0.22 	0.0 	0.0 	0.0 	0.0 	0.14 	0.08 	
185 	0.04 	0.14 	0.08 	0.11 	0.0 	0.04 	0.3 	0.0 	0.04 	0.0 	0.0 	0.22 	0.0 	0.0 	0.0 	0.03 	0.0 	0.0 	0.0 	0.0 	
186 	0.3 	0.0 	0.0 	0.0 	0.04 	0.0 	0.0 	0.43 	0.0 	0.0 	0.0 	0.0 	0.04 	0.0 	0.0 	0.05 	0.1 	0.0 	0.0 	0.04 	
187 	0.0 	0.0 	0.0 	0.0 	0.0 	0.0 	0.0 	0.0 	0.0 	0.25 	0.19 	0.0 	0.15 	0.3 	0.0 	0.0 	0.0 	0.0 	0.0 	0.12 	
188 	0.18 	0.0 	0.0 	0.0 	0.0 	0.05 	0.0 	0.05 	0.0 	0.0 	0.56 	0.0 	0.0 	0.0 	0.0 	0.09 	0.04 	0.0 	0.0 	0.05 	
189 	0.1 	0.0 	0.0 	0.08 	0.0 	0.04 	0.45 	0.0 	0.0 	0.0 	0.0 	0.09 	0.0 	0.0 	0.0 	0.22 	0.0 	0.0 	0.0 	0.0 	
190 	0.27 	0.0 	0.0 	0.0 	0.1 	0.0 	0.0 	0.0 	0.0 	0.11 	0.0 	0.0 	0.0 	0.0 	0.0 	0.09 	0.0 	0.0 	0.0 	0.43 	
191 	0.0 	0.0 	0.0 	0.0 	0.0 	0.0 	0.0 	0.0 	0.0 	0.0 	0.75 	0.0 	0.0 	0.0 	0.0 	0.0 	0.0 	0.0 	0.0 	0.25 	
192 	1.0 	0.0 	0.0 	0.0 	0.0 	0.0 	0.0 	0.0 	0.0 	0.0 	0.0 	0.0 	0.0 	0.0 	0.0 	0.0 	0.0 	0.0 	0.0 	0.0 	
