	A 	R 	N 	D 	C 	Q 	E 	G 	H 	I 	L 	K 	M 	F 	P 	S 	T 	W 	Y 	V 	
1 	0.0 	0.0 	0.0 	0.0 	0.0 	0.0 	0.0 	0.0 	0.16 	0.0 	0.0 	0.0 	0.0 	0.02 	0.0 	0.0 	0.0 	0.0 	0.82 	0.0 	
2 	0.01 	0.12 	0.09 	0.16 	0.0 	0.05 	0.1 	0.02 	0.0 	0.02 	0.02 	0.11 	0.01 	0.0 	0.02 	0.11 	0.14 	0.0 	0.0 	0.01 	
3 	0.2 	0.02 	0.24 	0.15 	0.04 	0.01 	0.01 	0.03 	0.02 	0.0 	0.06 	0.04 	0.04 	0.0 	0.0 	0.02 	0.05 	0.0 	0.03 	0.04 	
4 	0.0 	0.0 	0.0 	0.0 	0.0 	0.0 	0.0 	0.0 	0.0 	0.41 	0.03 	0.0 	0.06 	0.0 	0.0 	0.0 	0.0 	0.0 	0.04 	0.46 	
5 	0.15 	0.0 	0.0 	0.0 	0.0 	0.0 	0.0 	0.0 	0.0 	0.0 	0.0 	0.0 	0.0 	0.0 	0.85 	0.0 	0.0 	0.0 	0.0 	0.0 	
6 	0.2 	0.05 	0.02 	0.03 	0.05 	0.0 	0.0 	0.06 	0.0 	0.01 	0.0 	0.03 	0.0 	0.01 	0.0 	0.22 	0.29 	0.01 	0.02 	0.0 	
7 	0.22 	0.0 	0.0 	0.0 	0.07 	0.0 	0.0 	0.11 	0.0 	0.03 	0.0 	0.0 	0.0 	0.03 	0.0 	0.03 	0.12 	0.0 	0.0 	0.38 	
8 	0.04 	0.0 	0.0 	0.0 	0.04 	0.0 	0.0 	0.0 	0.0 	0.3 	0.06 	0.0 	0.01 	0.0 	0.0 	0.01 	0.07 	0.0 	0.0 	0.47 	
9 	0.0 	0.0 	0.0 	0.0 	0.0 	0.0 	0.0 	0.0 	0.03 	0.0 	0.0 	0.0 	0.0 	0.61 	0.0 	0.0 	0.0 	0.0 	0.36 	0.0 	
10 	0.04 	0.0 	0.0 	0.0 	0.06 	0.0 	0.0 	0.0 	0.0 	0.0 	0.03 	0.0 	0.04 	0.0 	0.0 	0.22 	0.61 	0.0 	0.0 	0.0 	
11 	0.0 	0.04 	0.05 	0.17 	0.0 	0.09 	0.04 	0.01 	0.21 	0.17 	0.01 	0.0 	0.01 	0.02 	0.1 	0.05 	0.02 	0.0 	0.0 	0.02 	
12 	0.0 	0.0 	0.0 	0.0 	0.0 	0.0 	0.0 	0.0 	0.0 	0.01 	0.11 	0.0 	0.0 	0.0 	0.82 	0.0 	0.0 	0.0 	0.03 	0.03 	
13 	0.02 	0.0 	0.02 	0.0 	0.0 	0.1 	0.65 	0.0 	0.0 	0.0 	0.01 	0.02 	0.0 	0.0 	0.15 	0.03 	0.0 	0.0 	0.0 	0.0 	
14 	0.05 	0.0 	0.0 	0.0 	0.01 	0.0 	0.0 	0.0 	0.0 	0.45 	0.09 	0.0 	0.03 	0.0 	0.0 	0.0 	0.0 	0.01 	0.09 	0.28 	
15 	0.42 	0.0 	0.0 	0.0 	0.0 	0.0 	0.0 	0.34 	0.0 	0.0 	0.0 	0.0 	0.0 	0.0 	0.0 	0.21 	0.0 	0.0 	0.0 	0.03 	
16 	0.08 	0.02 	0.0 	0.0 	0.07 	0.01 	0.0 	0.02 	0.0 	0.0 	0.0 	0.05 	0.02 	0.04 	0.0 	0.3 	0.2 	0.11 	0.02 	0.05 	
17 	0.01 	0.0 	0.0 	0.0 	0.1 	0.0 	0.0 	0.0 	0.0 	0.09 	0.02 	0.0 	0.0 	0.02 	0.0 	0.0 	0.07 	0.0 	0.0 	0.68 	
18 	0.0 	0.01 	0.0 	0.0 	0.0 	0.0 	0.0 	0.99 	0.0 	0.0 	0.0 	0.0 	0.0 	0.0 	0.0 	0.0 	0.0 	0.0 	0.0 	0.0 	
19 	0.01 	0.01 	0.0 	0.0 	0.0 	0.0 	0.0 	0.0 	0.0 	0.02 	0.54 	0.19 	0.1 	0.0 	0.0 	0.0 	0.0 	0.0 	0.11 	0.02 	
20 	0.01 	0.0 	0.03 	0.0 	0.0 	0.0 	0.0 	0.03 	0.0 	0.02 	0.0 	0.0 	0.01 	0.01 	0.01 	0.26 	0.61 	0.0 	0.0 	0.01 	
21 	0.0 	0.0 	0.0 	0.0 	0.01 	0.0 	0.89 	0.01 	0.0 	0.0 	0.04 	0.0 	0.0 	0.0 	0.04 	0.0 	0.0 	0.0 	0.0 	0.0 	
22 	0.12 	0.03 	0.04 	0.04 	0.0 	0.14 	0.41 	0.0 	0.01 	0.0 	0.0 	0.04 	0.04 	0.0 	0.06 	0.01 	0.03 	0.0 	0.0 	0.02 	
23 	0.03 	0.02 	0.0 	0.06 	0.0 	0.3 	0.47 	0.0 	0.0 	0.0 	0.0 	0.08 	0.0 	0.0 	0.0 	0.01 	0.01 	0.0 	0.0 	0.02 	
24 	0.75 	0.01 	0.01 	0.01 	0.0 	0.0 	0.01 	0.03 	0.0 	0.01 	0.11 	0.01 	0.0 	0.0 	0.01 	0.03 	0.01 	0.0 	0.0 	0.01 	
25 	0.06 	0.11 	0.01 	0.01 	0.01 	0.02 	0.02 	0.01 	0.02 	0.13 	0.19 	0.12 	0.02 	0.0 	0.0 	0.02 	0.1 	0.0 	0.01 	0.14 	
26 	0.14 	0.02 	0.02 	0.03 	0.0 	0.12 	0.23 	0.01 	0.04 	0.03 	0.01 	0.27 	0.01 	0.0 	0.0 	0.02 	0.03 	0.0 	0.0 	0.0 	
27 	0.03 	0.05 	0.02 	0.06 	0.0 	0.15 	0.13 	0.01 	0.0 	0.02 	0.1 	0.3 	0.02 	0.01 	0.01 	0.05 	0.02 	0.0 	0.0 	0.02 	
28 	0.19 	0.02 	0.06 	0.03 	0.0 	0.02 	0.1 	0.19 	0.04 	0.01 	0.03 	0.01 	0.0 	0.05 	0.01 	0.01 	0.02 	0.01 	0.19 	0.01 	
29 	0.12 	0.03 	0.02 	0.01 	0.0 	0.01 	0.04 	0.47 	0.0 	0.03 	0.05 	0.04 	0.01 	0.04 	0.02 	0.04 	0.02 	0.0 	0.03 	0.01 	
30 	0.06 	0.02 	0.01 	0.11 	0.0 	0.02 	0.08 	0.11 	0.03 	0.1 	0.05 	0.22 	0.01 	0.03 	0.02 	0.05 	0.02 	0.0 	0.01 	0.05 	
31 	0.09 	0.05 	0.0 	0.17 	0.0 	0.0 	0.24 	0.0 	0.02 	0.11 	0.01 	0.0 	0.0 	0.0 	0.03 	0.04 	0.04 	0.0 	0.06 	0.13 	
32 	0.07 	0.03 	0.2 	0.13 	0.02 	0.05 	0.04 	0.06 	0.04 	0.03 	0.01 	0.04 	0.0 	0.0 	0.15 	0.03 	0.03 	0.0 	0.04 	0.02 	
33 	0.03 	0.0 	0.0 	0.0 	0.0 	0.02 	0.0 	0.0 	0.0 	0.21 	0.04 	0.0 	0.0 	0.01 	0.0 	0.03 	0.03 	0.0 	0.24 	0.38 	
34 	0.08 	0.07 	0.02 	0.06 	0.0 	0.03 	0.23 	0.0 	0.0 	0.02 	0.03 	0.33 	0.0 	0.0 	0.0 	0.03 	0.07 	0.0 	0.0 	0.02 	
35 	0.02 	0.0 	0.0 	0.0 	0.01 	0.0 	0.02 	0.02 	0.0 	0.17 	0.02 	0.0 	0.0 	0.03 	0.0 	0.01 	0.1 	0.0 	0.0 	0.59 	
36 	0.09 	0.08 	0.0 	0.0 	0.0 	0.0 	0.0 	0.26 	0.0 	0.05 	0.03 	0.04 	0.0 	0.08 	0.0 	0.05 	0.03 	0.0 	0.25 	0.03 	
37 	0.01 	0.08 	0.05 	0.02 	0.0 	0.06 	0.05 	0.01 	0.09 	0.01 	0.03 	0.25 	0.06 	0.0 	0.0 	0.06 	0.18 	0.0 	0.0 	0.05 	
38 	0.18 	0.0 	0.01 	0.04 	0.0 	0.02 	0.0 	0.02 	0.0 	0.0 	0.12 	0.02 	0.02 	0.28 	0.02 	0.19 	0.08 	0.0 	0.0 	0.01 	
39 	0.01 	0.03 	0.08 	0.03 	0.01 	0.05 	0.02 	0.01 	0.02 	0.0 	0.02 	0.04 	0.0 	0.09 	0.34 	0.18 	0.02 	0.0 	0.05 	0.02 	
40 	0.0 	0.0 	0.02 	0.04 	0.0 	0.04 	0.0 	0.0 	0.0 	0.04 	0.08 	0.0 	0.0 	0.63 	0.0 	0.0 	0.03 	0.04 	0.07 	0.02 	
41 	0.12 	0.15 	0.12 	0.02 	0.0 	0.01 	0.02 	0.01 	0.0 	0.03 	0.01 	0.21 	0.03 	0.0 	0.0 	0.06 	0.16 	0.02 	0.0 	0.04 	
42 	0.38 	0.0 	0.06 	0.04 	0.0 	0.0 	0.04 	0.04 	0.05 	0.0 	0.0 	0.0 	0.0 	0.0 	0.31 	0.02 	0.03 	0.0 	0.01 	0.02 	
43 	0.0 	0.02 	0.25 	0.0 	0.01 	0.0 	0.04 	0.01 	0.03 	0.05 	0.21 	0.0 	0.17 	0.01 	0.0 	0.09 	0.03 	0.02 	0.0 	0.05 	
44 	0.15 	0.01 	0.01 	0.0 	0.0 	0.0 	0.1 	0.25 	0.0 	0.0 	0.01 	0.06 	0.04 	0.07 	0.06 	0.08 	0.03 	0.0 	0.12 	0.0 	
45 	0.03 	0.42 	0.04 	0.0 	0.0 	0.0 	0.0 	0.0 	0.06 	0.01 	0.03 	0.14 	0.0 	0.06 	0.0 	0.0 	0.04 	0.03 	0.11 	0.0 	
46 	0.61 	0.0 	0.07 	0.0 	0.0 	0.0 	0.0 	0.03 	0.0 	0.0 	0.01 	0.0 	0.0 	0.02 	0.03 	0.05 	0.13 	0.0 	0.02 	0.01 	
47 	0.01 	0.02 	0.02 	0.0 	0.0 	0.1 	0.0 	0.0 	0.04 	0.18 	0.22 	0.12 	0.07 	0.01 	0.0 	0.0 	0.0 	0.01 	0.0 	0.16 	
48 	0.26 	0.02 	0.01 	0.0 	0.0 	0.01 	0.02 	0.03 	0.0 	0.12 	0.04 	0.0 	0.05 	0.0 	0.06 	0.13 	0.14 	0.0 	0.02 	0.07 	
49 	0.07 	0.0 	0.12 	0.04 	0.0 	0.05 	0.08 	0.13 	0.04 	0.01 	0.1 	0.03 	0.05 	0.0 	0.04 	0.09 	0.06 	0.0 	0.04 	0.05 	
50 	0.02 	0.15 	0.14 	0.05 	0.0 	0.03 	0.08 	0.24 	0.07 	0.0 	0.03 	0.03 	0.01 	0.04 	0.04 	0.06 	0.0 	0.0 	0.0 	0.01 	
51 	0.06 	0.02 	0.04 	0.2 	0.04 	0.07 	0.22 	0.07 	0.02 	0.0 	0.0 	0.12 	0.05 	0.0 	0.02 	0.03 	0.02 	0.0 	0.02 	0.0 	
52 	0.08 	0.05 	0.05 	0.11 	0.0 	0.02 	0.09 	0.01 	0.01 	0.0 	0.02 	0.03 	0.0 	0.02 	0.06 	0.16 	0.21 	0.0 	0.03 	0.04 	
53 	0.01 	0.12 	0.06 	0.17 	0.0 	0.04 	0.15 	0.01 	0.03 	0.01 	0.01 	0.16 	0.0 	0.02 	0.06 	0.05 	0.03 	0.0 	0.01 	0.06 	
54 	0.03 	0.0 	0.0 	0.0 	0.12 	0.0 	0.01 	0.58 	0.0 	0.04 	0.0 	0.02 	0.0 	0.0 	0.0 	0.01 	0.12 	0.0 	0.0 	0.06 	
55 	0.04 	0.04 	0.0 	0.0 	0.0 	0.0 	0.0 	0.0 	0.0 	0.05 	0.07 	0.02 	0.11 	0.41 	0.0 	0.04 	0.04 	0.04 	0.08 	0.06 	
56 	0.09 	0.0 	0.0 	0.0 	0.0 	0.02 	0.0 	0.0 	0.0 	0.1 	0.21 	0.0 	0.14 	0.04 	0.0 	0.0 	0.04 	0.0 	0.05 	0.31 	
57 	0.03 	0.06 	0.0 	0.0 	0.0 	0.0 	0.01 	0.0 	0.0 	0.0 	0.0 	0.91 	0.0 	0.0 	0.0 	0.0 	0.0 	0.0 	0.0 	0.0 	
58 	0.04 	0.0 	0.0 	0.0 	0.0 	0.0 	0.0 	0.05 	0.0 	0.3 	0.35 	0.0 	0.08 	0.01 	0.0 	0.0 	0.01 	0.0 	0.0 	0.16 	
59 	0.0 	0.0 	0.0 	0.0 	0.0 	0.0 	0.0 	0.0 	0.0 	0.24 	0.21 	0.0 	0.03 	0.02 	0.0 	0.0 	0.0 	0.0 	0.0 	0.49 	
60 	0.19 	0.0 	0.0 	0.0 	0.2 	0.0 	0.0 	0.02 	0.0 	0.07 	0.0 	0.0 	0.0 	0.17 	0.0 	0.05 	0.08 	0.0 	0.05 	0.17 	
61 	0.06 	0.09 	0.1 	0.39 	0.02 	0.0 	0.1 	0.0 	0.12 	0.0 	0.04 	0.01 	0.01 	0.0 	0.0 	0.02 	0.02 	0.0 	0.0 	0.03 	
62 	0.17 	0.21 	0.1 	0.0 	0.0 	0.01 	0.09 	0.09 	0.03 	0.0 	0.0 	0.19 	0.0 	0.0 	0.04 	0.04 	0.02 	0.0 	0.01 	0.01 	
63 	0.05 	0.02 	0.01 	0.13 	0.0 	0.03 	0.34 	0.08 	0.01 	0.01 	0.0 	0.19 	0.0 	0.0 	0.04 	0.07 	0.01 	0.0 	0.0 	0.0 	
64 	0.0 	0.0 	0.07 	0.16 	0.0 	0.0 	0.07 	0.0 	0.03 	0.0 	0.01 	0.0 	0.0 	0.02 	0.02 	0.13 	0.49 	0.0 	0.01 	0.0 	
65 	0.0 	0.05 	0.1 	0.17 	0.0 	0.09 	0.13 	0.25 	0.04 	0.0 	0.08 	0.04 	0.02 	0.0 	0.02 	0.01 	0.0 	0.0 	0.0 	0.0 	
66 	0.02 	0.29 	0.0 	0.01 	0.0 	0.08 	0.16 	0.0 	0.0 	0.0 	0.04 	0.3 	0.0 	0.02 	0.0 	0.0 	0.03 	0.0 	0.0 	0.05 	
67 	0.0 	0.0 	0.0 	0.0 	0.0 	0.0 	0.0 	0.0 	0.0 	0.33 	0.21 	0.0 	0.03 	0.0 	0.0 	0.0 	0.0 	0.0 	0.0 	0.42 	
68 	0.0 	0.0 	0.0 	0.0 	0.0 	0.0 	0.0 	0.0 	0.0 	0.16 	0.66 	0.01 	0.0 	0.0 	0.0 	0.0 	0.0 	0.0 	0.01 	0.16 	
69 	0.02 	0.0 	0.0 	0.0 	0.0 	0.0 	0.0 	0.98 	0.0 	0.0 	0.0 	0.0 	0.0 	0.0 	0.0 	0.0 	0.0 	0.0 	0.0 	0.0 	
70 	0.3 	0.0 	0.0 	0.0 	0.02 	0.0 	0.0 	0.1 	0.0 	0.08 	0.14 	0.0 	0.0 	0.04 	0.0 	0.0 	0.01 	0.02 	0.0 	0.29 	
71 	0.02 	0.0 	0.0 	0.0 	0.03 	0.19 	0.0 	0.0 	0.65 	0.0 	0.0 	0.0 	0.0 	0.01 	0.0 	0.06 	0.0 	0.0 	0.03 	0.02 	
72 	0.07 	0.0 	0.0 	0.0 	0.08 	0.0 	0.0 	0.02 	0.02 	0.3 	0.12 	0.0 	0.18 	0.03 	0.0 	0.0 	0.0 	0.0 	0.03 	0.16 	
73 	0.03 	0.0 	0.0 	0.0 	0.05 	0.02 	0.0 	0.0 	0.0 	0.26 	0.15 	0.0 	0.03 	0.12 	0.0 	0.0 	0.0 	0.0 	0.0 	0.34 	
74 	0.14 	0.0 	0.04 	0.0 	0.03 	0.0 	0.0 	0.77 	0.0 	0.0 	0.0 	0.0 	0.0 	0.0 	0.0 	0.02 	0.01 	0.0 	0.0 	0.0 	
75 	0.08 	0.02 	0.02 	0.14 	0.0 	0.0 	0.09 	0.01 	0.03 	0.01 	0.03 	0.01 	0.0 	0.01 	0.32 	0.05 	0.06 	0.0 	0.07 	0.03 	
76 	0.03 	0.03 	0.22 	0.15 	0.0 	0.07 	0.14 	0.15 	0.05 	0.02 	0.0 	0.0 	0.01 	0.01 	0.0 	0.08 	0.03 	0.0 	0.0 	0.02 	
77 	0.68 	0.0 	0.0 	0.02 	0.02 	0.0 	0.0 	0.04 	0.02 	0.05 	0.0 	0.0 	0.01 	0.0 	0.0 	0.08 	0.0 	0.0 	0.0 	0.09 	
78 	0.14 	0.0 	0.02 	0.08 	0.0 	0.0 	0.0 	0.27 	0.02 	0.0 	0.05 	0.02 	0.02 	0.0 	0.07 	0.26 	0.04 	0.0 	0.0 	0.01 	
79 	0.0 	0.0 	0.0 	0.13 	0.0 	0.0 	0.77 	0.0 	0.0 	0.0 	0.0 	0.0 	0.0 	0.0 	0.05 	0.06 	0.0 	0.0 	0.0 	0.0 	
80 	0.02 	0.05 	0.0 	0.0 	0.0 	0.0 	0.0 	0.0 	0.0 	0.29 	0.35 	0.0 	0.18 	0.0 	0.0 	0.0 	0.0 	0.0 	0.0 	0.11 	
81 	0.01 	0.0 	0.0 	0.0 	0.0 	0.0 	0.0 	0.0 	0.0 	0.62 	0.14 	0.0 	0.01 	0.02 	0.0 	0.02 	0.06 	0.0 	0.0 	0.11 	
82 	0.08 	0.0 	0.06 	0.05 	0.0 	0.41 	0.0 	0.09 	0.14 	0.0 	0.02 	0.0 	0.0 	0.02 	0.01 	0.06 	0.04 	0.0 	0.01 	0.0 	
83 	0.08 	0.0 	0.0 	0.0 	0.0 	0.04 	0.28 	0.32 	0.02 	0.03 	0.01 	0.0 	0.02 	0.0 	0.04 	0.04 	0.06 	0.0 	0.04 	0.0 	
84 	0.24 	0.0 	0.0 	0.0 	0.01 	0.02 	0.0 	0.02 	0.0 	0.19 	0.13 	0.0 	0.03 	0.27 	0.0 	0.0 	0.0 	0.0 	0.02 	0.07 	
85 	0.46 	0.0 	0.02 	0.0 	0.02 	0.01 	0.0 	0.23 	0.0 	0.01 	0.01 	0.02 	0.0 	0.0 	0.0 	0.07 	0.09 	0.0 	0.0 	0.05 	
86 	0.11 	0.0 	0.01 	0.0 	0.0 	0.11 	0.0 	0.0 	0.0 	0.11 	0.34 	0.0 	0.04 	0.01 	0.0 	0.0 	0.02 	0.0 	0.02 	0.24 	
87 	0.77 	0.0 	0.0 	0.0 	0.04 	0.0 	0.0 	0.03 	0.0 	0.0 	0.02 	0.0 	0.08 	0.0 	0.0 	0.02 	0.0 	0.0 	0.0 	0.04 	
88 	0.0 	0.01 	0.0 	0.0 	0.01 	0.04 	0.01 	0.0 	0.0 	0.45 	0.19 	0.01 	0.16 	0.01 	0.0 	0.01 	0.0 	0.0 	0.0 	0.12 	
89 	0.02 	0.13 	0.03 	0.02 	0.0 	0.09 	0.22 	0.03 	0.0 	0.0 	0.0 	0.31 	0.07 	0.0 	0.0 	0.03 	0.05 	0.0 	0.0 	0.01 	
90 	0.14 	0.0 	0.12 	0.01 	0.07 	0.02 	0.03 	0.03 	0.0 	0.0 	0.11 	0.01 	0.22 	0.08 	0.01 	0.02 	0.01 	0.02 	0.08 	0.01 	
91 	0.02 	0.08 	0.07 	0.04 	0.0 	0.01 	0.05 	0.7 	0.0 	0.0 	0.0 	0.02 	0.0 	0.0 	0.0 	0.01 	0.0 	0.0 	0.0 	0.0 	
92 	0.37 	0.0 	0.04 	0.0 	0.04 	0.01 	0.03 	0.01 	0.0 	0.05 	0.24 	0.02 	0.05 	0.05 	0.0 	0.01 	0.03 	0.0 	0.0 	0.05 	
93 	0.02 	0.03 	0.01 	0.04 	0.01 	0.0 	0.0 	0.01 	0.0 	0.0 	0.0 	0.07 	0.01 	0.0 	0.02 	0.15 	0.64 	0.0 	0.0 	0.0 	
94 	0.17 	0.0 	0.0 	0.0 	0.02 	0.0 	0.02 	0.01 	0.0 	0.14 	0.11 	0.21 	0.01 	0.0 	0.01 	0.03 	0.08 	0.0 	0.04 	0.16 	
95 	0.18 	0.01 	0.03 	0.05 	0.0 	0.07 	0.3 	0.01 	0.02 	0.0 	0.0 	0.16 	0.0 	0.02 	0.03 	0.09 	0.02 	0.02 	0.0 	0.0 	
96 	0.01 	0.0 	0.01 	0.52 	0.03 	0.07 	0.16 	0.01 	0.01 	0.02 	0.01 	0.02 	0.0 	0.0 	0.0 	0.0 	0.03 	0.0 	0.1 	0.0 	
97 	0.0 	0.0 	0.0 	0.0 	0.0 	0.0 	0.0 	0.0 	0.0 	0.18 	0.33 	0.0 	0.03 	0.32 	0.0 	0.0 	0.0 	0.0 	0.0 	0.14 	
98 	0.32 	0.02 	0.0 	0.21 	0.02 	0.01 	0.0 	0.07 	0.01 	0.03 	0.02 	0.03 	0.03 	0.03 	0.0 	0.02 	0.01 	0.0 	0.06 	0.11 	
99 	0.04 	0.15 	0.26 	0.12 	0.0 	0.06 	0.06 	0.04 	0.02 	0.0 	0.1 	0.02 	0.02 	0.04 	0.0 	0.08 	0.0 	0.0 	0.0 	0.0 	
100 	0.02 	0.0 	0.01 	0.0 	0.05 	0.07 	0.0 	0.0 	0.01 	0.0 	0.01 	0.0 	0.05 	0.01 	0.0 	0.04 	0.65 	0.0 	0.0 	0.08 	
101 	0.0 	0.0 	0.0 	0.0 	0.1 	0.0 	0.0 	0.0 	0.0 	0.33 	0.1 	0.0 	0.01 	0.01 	0.02 	0.0 	0.1 	0.02 	0.02 	0.3 	
102 	0.16 	0.0 	0.0 	0.0 	0.0 	0.0 	0.0 	0.2 	0.32 	0.0 	0.0 	0.0 	0.0 	0.27 	0.01 	0.02 	0.0 	0.02 	0.0 	0.0 	
103 	0.23 	0.0 	0.12 	0.0 	0.0 	0.0 	0.0 	0.01 	0.0 	0.3 	0.03 	0.0 	0.0 	0.0 	0.18 	0.01 	0.06 	0.0 	0.0 	0.07 	
104 	0.0 	0.0 	0.03 	0.0 	0.0 	0.0 	0.0 	0.0 	0.74 	0.0 	0.0 	0.0 	0.0 	0.0 	0.0 	0.0 	0.0 	0.0 	0.23 	0.0 	
105 	0.0 	0.0 	0.0 	0.0 	0.0 	0.0 	0.0 	0.0 	0.0 	0.0 	0.07 	0.0 	0.0 	0.0 	0.93 	0.0 	0.0 	0.0 	0.0 	0.0 	
106 	0.02 	0.0 	0.0 	0.0 	0.01 	0.0 	0.0 	0.01 	0.0 	0.0 	0.0 	0.0 	0.0 	0.0 	0.0 	0.1 	0.84 	0.0 	0.0 	0.01 	
107 	0.08 	0.01 	0.0 	0.01 	0.06 	0.0 	0.0 	0.01 	0.0 	0.01 	0.34 	0.0 	0.24 	0.01 	0.0 	0.16 	0.02 	0.0 	0.01 	0.02 	
108 	0.46 	0.0 	0.02 	0.0 	0.0 	0.0 	0.0 	0.06 	0.02 	0.0 	0.0 	0.0 	0.0 	0.0 	0.02 	0.38 	0.0 	0.0 	0.01 	0.04 	
109 	0.0 	0.0 	0.0 	0.0 	0.0 	0.0 	0.95 	0.03 	0.0 	0.0 	0.0 	0.0 	0.0 	0.0 	0.0 	0.02 	0.0 	0.0 	0.0 	0.0 	
110 	0.34 	0.0 	0.01 	0.03 	0.0 	0.0 	0.29 	0.07 	0.0 	0.01 	0.0 	0.0 	0.02 	0.0 	0.0 	0.12 	0.03 	0.0 	0.0 	0.07 	
111 	0.0 	0.0 	0.0 	0.0 	0.0 	0.0 	0.0 	0.0 	0.0 	0.12 	0.37 	0.0 	0.03 	0.29 	0.0 	0.0 	0.01 	0.0 	0.0 	0.18 	
112 	0.07 	0.0 	0.0 	0.0 	0.08 	0.0 	0.0 	0.0 	0.0 	0.0 	0.02 	0.0 	0.17 	0.0 	0.0 	0.0 	0.24 	0.0 	0.0 	0.42 	
113 	0.0 	0.05 	0.04 	0.0 	0.0 	0.0 	0.0 	0.0 	0.08 	0.0 	0.02 	0.09 	0.0 	0.0 	0.01 	0.1 	0.62 	0.0 	0.0 	0.0 	
114 	0.0 	0.0 	0.0 	0.0 	0.0 	0.0 	0.0 	0.0 	0.0 	0.0 	0.46 	0.0 	0.54 	0.0 	0.0 	0.0 	0.0 	0.0 	0.0 	0.0 	
115 	0.0 	0.85 	0.0 	0.0 	0.0 	0.04 	0.0 	0.0 	0.0 	0.0 	0.0 	0.11 	0.0 	0.0 	0.0 	0.0 	0.0 	0.0 	0.0 	0.0 	
