	A 	R 	N 	D 	C 	Q 	E 	G 	H 	I 	L 	K 	M 	F 	P 	S 	T 	W 	Y 	V 	
1 	0.67 	0.0 	0.0 	0.0 	0.0 	0.0 	0.0 	0.0 	0.0 	0.0 	0.0 	0.0 	0.0 	0.0 	0.0 	0.33 	0.0 	0.0 	0.0 	0.0 	
2 	0.05 	0.21 	0.0 	0.0 	0.0 	0.0 	0.0 	0.0 	0.0 	0.0 	0.0 	0.0 	0.69 	0.0 	0.0 	0.0 	0.0 	0.0 	0.0 	0.05 	
3 	0.0 	0.0 	0.05 	0.0 	0.0 	0.0 	0.0 	0.0 	0.0 	0.27 	0.38 	0.0 	0.0 	0.28 	0.0 	0.0 	0.0 	0.0 	0.0 	0.03 	
4 	0.03 	0.17 	0.16 	0.05 	0.0 	0.0 	0.0 	0.07 	0.2 	0.04 	0.06 	0.02 	0.0 	0.04 	0.04 	0.04 	0.07 	0.0 	0.0 	0.0 	
5 	0.0 	0.0 	0.0 	0.0 	0.0 	0.0 	0.0 	0.0 	0.0 	0.29 	0.37 	0.0 	0.0 	0.0 	0.0 	0.0 	0.0 	0.0 	0.0 	0.34 	
6 	0.18 	0.0 	0.0 	0.0 	0.02 	0.0 	0.0 	0.0 	0.0 	0.13 	0.06 	0.0 	0.04 	0.0 	0.0 	0.0 	0.0 	0.0 	0.0 	0.57 	
7 	0.0 	0.0 	0.0 	0.0 	0.0 	0.0 	0.0 	0.0 	0.0 	0.03 	0.93 	0.0 	0.02 	0.02 	0.0 	0.0 	0.0 	0.0 	0.0 	0.0 	
8 	0.0 	0.0 	0.0 	0.4 	0.0 	0.0 	0.11 	0.0 	0.02 	0.04 	0.0 	0.0 	0.0 	0.1 	0.0 	0.0 	0.0 	0.0 	0.13 	0.2 	
9 	0.02 	0.04 	0.2 	0.0 	0.05 	0.13 	0.33 	0.25 	0.0 	0.0 	0.0 	0.0 	0.0 	0.0 	0.0 	0.0 	0.0 	0.0 	0.0 	0.0 	
10 	0.0 	0.0 	0.0 	0.0 	0.0 	0.0 	0.03 	0.0 	0.0 	0.14 	0.12 	0.0 	0.0 	0.0 	0.35 	0.0 	0.11 	0.0 	0.0 	0.25 	
11 	0.0 	0.09 	0.02 	0.03 	0.0 	0.11 	0.28 	0.0 	0.03 	0.0 	0.02 	0.1 	0.0 	0.0 	0.0 	0.2 	0.12 	0.0 	0.0 	0.0 	
12 	0.0 	0.0 	0.03 	0.48 	0.0 	0.0 	0.0 	0.02 	0.1 	0.28 	0.0 	0.03 	0.02 	0.0 	0.0 	0.02 	0.0 	0.0 	0.02 	0.0 	
13 	0.06 	0.0 	0.0 	0.0 	0.0 	0.0 	0.0 	0.0 	0.03 	0.0 	0.0 	0.0 	0.0 	0.0 	0.76 	0.04 	0.06 	0.0 	0.0 	0.05 	
14 	0.05 	0.06 	0.04 	0.0 	0.0 	0.06 	0.02 	0.27 	0.3 	0.0 	0.0 	0.0 	0.0 	0.01 	0.13 	0.0 	0.02 	0.0 	0.04 	0.0 	
15 	0.0 	0.0 	1.0 	0.0 	0.0 	0.0 	0.0 	0.0 	0.0 	0.0 	0.0 	0.0 	0.0 	0.0 	0.0 	0.0 	0.0 	0.0 	0.0 	0.0 	
16 	0.01 	0.0 	0.0 	0.0 	0.01 	0.0 	0.0 	0.0 	0.0 	0.1 	0.52 	0.0 	0.05 	0.06 	0.0 	0.0 	0.21 	0.0 	0.0 	0.03 	
17 	0.0 	0.0 	0.0 	0.0 	0.0 	0.0 	0.0 	0.96 	0.0 	0.0 	0.0 	0.0 	0.0 	0.0 	0.0 	0.04 	0.0 	0.0 	0.0 	0.0 	
18 	0.38 	0.0 	0.21 	0.0 	0.0 	0.0 	0.0 	0.08 	0.0 	0.0 	0.0 	0.0 	0.0 	0.02 	0.0 	0.21 	0.1 	0.0 	0.0 	0.0 	
19 	0.03 	0.0 	0.0 	0.0 	0.18 	0.0 	0.0 	0.0 	0.0 	0.6 	0.03 	0.0 	0.05 	0.0 	0.0 	0.0 	0.03 	0.0 	0.0 	0.08 	
20 	0.21 	0.0 	0.0 	0.0 	0.04 	0.0 	0.0 	0.0 	0.0 	0.21 	0.33 	0.0 	0.03 	0.02 	0.0 	0.02 	0.0 	0.0 	0.0 	0.14 	
21 	0.0 	1.0 	0.0 	0.0 	0.0 	0.0 	0.0 	0.0 	0.0 	0.0 	0.0 	0.0 	0.0 	0.0 	0.0 	0.0 	0.0 	0.0 	0.0 	0.0 	
22 	0.1 	0.0 	0.04 	0.0 	0.03 	0.0 	0.0 	0.0 	0.0 	0.0 	0.15 	0.0 	0.0 	0.0 	0.0 	0.21 	0.41 	0.0 	0.0 	0.06 	
23 	0.41 	0.02 	0.0 	0.0 	0.33 	0.0 	0.0 	0.0 	0.0 	0.01 	0.0 	0.0 	0.11 	0.0 	0.0 	0.03 	0.0 	0.0 	0.0 	0.09 	
24 	0.43 	0.0 	0.01 	0.28 	0.0 	0.0 	0.05 	0.0 	0.0 	0.0 	0.04 	0.11 	0.03 	0.0 	0.0 	0.02 	0.02 	0.0 	0.0 	0.0 	
25 	0.57 	0.0 	0.16 	0.0 	0.02 	0.02 	0.0 	0.09 	0.02 	0.0 	0.0 	0.0 	0.0 	0.0 	0.0 	0.0 	0.08 	0.0 	0.0 	0.04 	
26 	0.21 	0.0 	0.01 	0.0 	0.0 	0.0 	0.0 	0.0 	0.0 	0.0 	0.14 	0.0 	0.13 	0.22 	0.0 	0.04 	0.19 	0.0 	0.0 	0.05 	
27 	0.01 	0.0 	0.05 	0.02 	0.0 	0.0 	0.03 	0.79 	0.0 	0.0 	0.02 	0.02 	0.0 	0.0 	0.02 	0.04 	0.0 	0.0 	0.0 	0.0 	
28 	0.2 	0.0 	0.0 	0.0 	0.11 	0.0 	0.0 	0.07 	0.0 	0.05 	0.06 	0.0 	0.0 	0.05 	0.0 	0.0 	0.13 	0.0 	0.01 	0.32 	
29 	0.07 	0.09 	0.09 	0.12 	0.01 	0.11 	0.11 	0.03 	0.18 	0.02 	0.0 	0.06 	0.01 	0.0 	0.01 	0.04 	0.03 	0.0 	0.02 	0.01 	
30 	0.21 	0.0 	0.0 	0.0 	0.0 	0.0 	0.0 	0.16 	0.0 	0.04 	0.4 	0.0 	0.01 	0.02 	0.0 	0.0 	0.0 	0.0 	0.0 	0.13 	
31 	0.03 	0.02 	0.0 	0.02 	0.02 	0.0 	0.01 	0.02 	0.24 	0.09 	0.13 	0.01 	0.0 	0.0 	0.0 	0.01 	0.01 	0.03 	0.08 	0.28 	
32 	0.03 	0.0 	0.0 	0.0 	0.0 	0.0 	0.0 	0.0 	0.0 	0.26 	0.44 	0.0 	0.0 	0.0 	0.0 	0.0 	0.03 	0.0 	0.0 	0.22 	
33 	0.01 	0.0 	0.0 	0.0 	0.0 	0.0 	0.01 	0.01 	0.0 	0.37 	0.03 	0.0 	0.0 	0.03 	0.0 	0.02 	0.1 	0.0 	0.0 	0.4 	
34 	0.09 	0.08 	0.1 	0.03 	0.0 	0.07 	0.13 	0.06 	0.02 	0.01 	0.01 	0.16 	0.0 	0.0 	0.1 	0.02 	0.02 	0.02 	0.0 	0.06 	
35 	0.03 	0.02 	0.0 	0.11 	0.0 	0.06 	0.01 	0.1 	0.0 	0.01 	0.01 	0.08 	0.0 	0.0 	0.46 	0.08 	0.01 	0.0 	0.0 	0.01 	
36 	0.07 	0.08 	0.02 	0.09 	0.1 	0.01 	0.02 	0.01 	0.03 	0.03 	0.27 	0.08 	0.02 	0.03 	0.01 	0.03 	0.02 	0.0 	0.04 	0.05 	
37 	0.04 	0.07 	0.03 	0.04 	0.04 	0.03 	0.0 	0.38 	0.01 	0.02 	0.02 	0.06 	0.0 	0.0 	0.0 	0.08 	0.01 	0.0 	0.02 	0.13 	
38 	0.06 	0.03 	0.01 	0.14 	0.0 	0.02 	0.01 	0.01 	0.0 	0.04 	0.09 	0.05 	0.02 	0.25 	0.01 	0.12 	0.04 	0.0 	0.02 	0.08 	
39 	0.18 	0.02 	0.02 	0.04 	0.02 	0.02 	0.04 	0.04 	0.02 	0.06 	0.03 	0.03 	0.0 	0.03 	0.2 	0.11 	0.1 	0.0 	0.0 	0.05 	
40 	0.06 	0.01 	0.04 	0.07 	0.02 	0.03 	0.04 	0.01 	0.02 	0.14 	0.12 	0.01 	0.04 	0.0 	0.02 	0.05 	0.12 	0.12 	0.0 	0.08 	
41 	0.1 	0.0 	0.12 	0.14 	0.0 	0.02 	0.15 	0.09 	0.0 	0.0 	0.06 	0.02 	0.0 	0.0 	0.04 	0.14 	0.06 	0.0 	0.02 	0.05 	
42 	0.04 	0.0 	0.08 	0.36 	0.0 	0.08 	0.02 	0.04 	0.04 	0.0 	0.02 	0.0 	0.0 	0.0 	0.1 	0.05 	0.09 	0.0 	0.0 	0.06 	
43 	0.29 	0.15 	0.0 	0.0 	0.0 	0.01 	0.0 	0.0 	0.01 	0.02 	0.0 	0.35 	0.0 	0.0 	0.1 	0.0 	0.03 	0.0 	0.02 	0.0 	
44 	0.06 	0.19 	0.0 	0.0 	0.0 	0.05 	0.0 	0.01 	0.03 	0.08 	0.03 	0.17 	0.03 	0.0 	0.0 	0.01 	0.1 	0.0 	0.03 	0.19 	
45 	0.18 	0.0 	0.0 	0.02 	0.0 	0.0 	0.0 	0.0 	0.0 	0.04 	0.29 	0.0 	0.14 	0.1 	0.0 	0.03 	0.01 	0.0 	0.02 	0.14 	
46 	0.1 	0.34 	0.02 	0.0 	0.0 	0.05 	0.01 	0.01 	0.0 	0.02 	0.08 	0.19 	0.0 	0.0 	0.0 	0.08 	0.01 	0.04 	0.0 	0.04 	
47 	0.1 	0.46 	0.04 	0.0 	0.0 	0.0 	0.01 	0.0 	0.02 	0.0 	0.0 	0.12 	0.0 	0.0 	0.0 	0.18 	0.06 	0.0 	0.0 	0.0 	
48 	0.51 	0.0 	0.0 	0.0 	0.0 	0.0 	0.04 	0.09 	0.0 	0.0 	0.02 	0.02 	0.0 	0.0 	0.0 	0.09 	0.06 	0.0 	0.0 	0.18 	
49 	0.27 	0.0 	0.0 	0.0 	0.0 	0.0 	0.0 	0.46 	0.0 	0.02 	0.01 	0.0 	0.0 	0.0 	0.0 	0.16 	0.03 	0.0 	0.0 	0.02 	
50 	0.13 	0.07 	0.0 	0.0 	0.11 	0.0 	0.02 	0.02 	0.0 	0.04 	0.3 	0.02 	0.09 	0.0 	0.0 	0.06 	0.03 	0.0 	0.0 	0.11 	
51 	0.0 	0.0 	0.06 	0.36 	0.0 	0.0 	0.06 	0.34 	0.02 	0.0 	0.01 	0.0 	0.0 	0.0 	0.0 	0.03 	0.06 	0.0 	0.0 	0.04 	
52 	0.3 	0.04 	0.02 	0.01 	0.03 	0.05 	0.01 	0.02 	0.01 	0.02 	0.01 	0.02 	0.0 	0.02 	0.01 	0.09 	0.05 	0.0 	0.26 	0.04 	
53 	0.2 	0.0 	0.02 	0.0 	0.0 	0.02 	0.05 	0.04 	0.18 	0.06 	0.1 	0.0 	0.02 	0.0 	0.0 	0.02 	0.02 	0.15 	0.0 	0.1 	
54 	0.04 	0.04 	0.02 	0.18 	0.0 	0.02 	0.23 	0.06 	0.0 	0.02 	0.0 	0.05 	0.02 	0.14 	0.05 	0.09 	0.0 	0.0 	0.0 	0.02 	
55 	0.02 	0.15 	0.04 	0.0 	0.0 	0.04 	0.03 	0.02 	0.06 	0.0 	0.01 	0.08 	0.04 	0.08 	0.04 	0.12 	0.07 	0.06 	0.06 	0.07 	
56 	0.26 	0.0 	0.0 	0.0 	0.0 	0.01 	0.0 	0.06 	0.0 	0.09 	0.16 	0.02 	0.07 	0.01 	0.0 	0.0 	0.05 	0.0 	0.0 	0.27 	
57 	0.08 	0.03 	0.08 	0.05 	0.0 	0.08 	0.11 	0.0 	0.0 	0.0 	0.08 	0.02 	0.02 	0.0 	0.33 	0.02 	0.03 	0.02 	0.01 	0.04 	
58 	0.04 	0.03 	0.0 	0.0 	0.0 	0.0 	0.03 	0.0 	0.02 	0.19 	0.23 	0.02 	0.06 	0.02 	0.0 	0.0 	0.03 	0.0 	0.0 	0.32 	
59 	0.05 	0.12 	0.0 	0.0 	0.0 	0.04 	0.01 	0.01 	0.03 	0.11 	0.03 	0.09 	0.0 	0.09 	0.02 	0.04 	0.03 	0.0 	0.0 	0.32 	
60 	0.08 	0.21 	0.06 	0.03 	0.0 	0.06 	0.07 	0.01 	0.05 	0.04 	0.03 	0.02 	0.02 	0.04 	0.08 	0.02 	0.06 	0.0 	0.09 	0.05 	
61 	0.09 	0.01 	0.05 	0.03 	0.0 	0.05 	0.04 	0.01 	0.22 	0.02 	0.07 	0.01 	0.0 	0.01 	0.03 	0.05 	0.03 	0.01 	0.1 	0.19 	
62 	0.13 	0.04 	0.08 	0.13 	0.0 	0.02 	0.02 	0.02 	0.03 	0.04 	0.06 	0.1 	0.0 	0.0 	0.1 	0.02 	0.17 	0.0 	0.0 	0.04 	
63 	0.02 	0.06 	0.23 	0.11 	0.0 	0.0 	0.05 	0.09 	0.01 	0.0 	0.05 	0.0 	0.0 	0.0 	0.03 	0.16 	0.12 	0.0 	0.01 	0.03 	
64 	0.05 	0.0 	0.0 	0.0 	0.08 	0.01 	0.02 	0.02 	0.0 	0.05 	0.32 	0.0 	0.02 	0.11 	0.02 	0.0 	0.02 	0.16 	0.04 	0.07 	
65 	0.08 	0.04 	0.03 	0.23 	0.0 	0.06 	0.14 	0.03 	0.02 	0.0 	0.02 	0.02 	0.0 	0.0 	0.03 	0.13 	0.14 	0.0 	0.0 	0.02 	
66 	0.16 	0.07 	0.11 	0.1 	0.0 	0.05 	0.1 	0.02 	0.06 	0.02 	0.07 	0.02 	0.0 	0.0 	0.01 	0.05 	0.05 	0.0 	0.0 	0.09 	
67 	0.11 	0.04 	0.01 	0.01 	0.02 	0.01 	0.02 	0.01 	0.02 	0.04 	0.15 	0.01 	0.0 	0.26 	0.04 	0.01 	0.1 	0.02 	0.02 	0.13 	
68 	0.09 	0.01 	0.08 	0.03 	0.0 	0.01 	0.03 	0.01 	0.0 	0.11 	0.21 	0.01 	0.06 	0.01 	0.11 	0.03 	0.01 	0.0 	0.01 	0.18 	
69 	0.06 	0.16 	0.09 	0.07 	0.0 	0.04 	0.1 	0.08 	0.0 	0.03 	0.1 	0.17 	0.0 	0.01 	0.01 	0.01 	0.04 	0.0 	0.0 	0.02 	
70 	0.27 	0.0 	0.02 	0.09 	0.0 	0.03 	0.05 	0.03 	0.06 	0.0 	0.02 	0.03 	0.0 	0.0 	0.01 	0.09 	0.22 	0.01 	0.04 	0.03 	
71 	0.01 	0.1 	0.01 	0.01 	0.03 	0.02 	0.11 	0.01 	0.02 	0.05 	0.27 	0.06 	0.04 	0.01 	0.01 	0.09 	0.04 	0.05 	0.04 	0.03 	
72 	0.15 	0.1 	0.01 	0.04 	0.0 	0.05 	0.04 	0.07 	0.0 	0.01 	0.04 	0.12 	0.02 	0.02 	0.08 	0.06 	0.17 	0.0 	0.01 	0.02 	
73 	0.03 	0.07 	0.01 	0.04 	0.01 	0.03 	0.07 	0.03 	0.01 	0.09 	0.1 	0.03 	0.05 	0.13 	0.14 	0.02 	0.03 	0.05 	0.01 	0.06 	
74 	0.06 	0.09 	0.07 	0.13 	0.0 	0.03 	0.11 	0.01 	0.03 	0.02 	0.14 	0.03 	0.01 	0.06 	0.02 	0.06 	0.04 	0.0 	0.01 	0.07 	
75 	0.12 	0.18 	0.01 	0.03 	0.0 	0.05 	0.04 	0.02 	0.01 	0.06 	0.06 	0.2 	0.01 	0.01 	0.01 	0.04 	0.1 	0.0 	0.01 	0.03 	
76 	0.1 	0.02 	0.06 	0.11 	0.0 	0.05 	0.09 	0.08 	0.0 	0.01 	0.15 	0.08 	0.0 	0.0 	0.01 	0.04 	0.14 	0.0 	0.01 	0.03 	
77 	0.1 	0.07 	0.04 	0.08 	0.01 	0.18 	0.09 	0.05 	0.0 	0.04 	0.06 	0.08 	0.01 	0.0 	0.01 	0.08 	0.06 	0.0 	0.03 	0.02 	
78 	0.02 	0.0 	0.09 	0.09 	0.0 	0.02 	0.07 	0.42 	0.01 	0.02 	0.01 	0.04 	0.0 	0.01 	0.14 	0.03 	0.02 	0.0 	0.0 	0.0 	
79 	0.09 	0.09 	0.04 	0.02 	0.03 	0.01 	0.01 	0.09 	0.06 	0.08 	0.07 	0.08 	0.04 	0.04 	0.0 	0.0 	0.04 	0.06 	0.07 	0.07 	
80 	0.02 	0.25 	0.06 	0.04 	0.0 	0.12 	0.05 	0.12 	0.02 	0.0 	0.0 	0.02 	0.02 	0.0 	0.08 	0.02 	0.11 	0.07 	0.01 	0.0 	
81 	0.0 	0.0 	0.0 	0.01 	0.0 	0.0 	0.0 	0.0 	0.0 	0.27 	0.32 	0.0 	0.1 	0.08 	0.02 	0.01 	0.01 	0.0 	0.02 	0.16 	
82 	0.01 	0.03 	0.02 	0.0 	0.0 	0.0 	0.0 	0.0 	0.01 	0.09 	0.11 	0.04 	0.04 	0.13 	0.0 	0.0 	0.02 	0.2 	0.12 	0.18 	
83 	0.2 	0.02 	0.0 	0.04 	0.0 	0.0 	0.03 	0.24 	0.02 	0.08 	0.13 	0.0 	0.02 	0.02 	0.0 	0.02 	0.07 	0.0 	0.03 	0.09 	
84 	0.06 	0.0 	0.0 	0.02 	0.03 	0.0 	0.0 	0.02 	0.0 	0.09 	0.26 	0.0 	0.04 	0.05 	0.06 	0.01 	0.17 	0.0 	0.0 	0.18 	
85 	0.08 	0.06 	0.0 	0.1 	0.0 	0.03 	0.06 	0.14 	0.0 	0.0 	0.04 	0.03 	0.0 	0.0 	0.02 	0.12 	0.27 	0.0 	0.0 	0.05 	
86 	0.11 	0.01 	0.04 	0.05 	0.0 	0.02 	0.1 	0.02 	0.01 	0.02 	0.05 	0.11 	0.02 	0.0 	0.04 	0.05 	0.32 	0.0 	0.0 	0.02 	
87 	0.08 	0.09 	0.02 	0.1 	0.08 	0.05 	0.14 	0.05 	0.05 	0.0 	0.0 	0.13 	0.0 	0.08 	0.0 	0.05 	0.09 	0.0 	0.01 	0.0 	
88 	0.21 	0.0 	0.04 	0.01 	0.0 	0.04 	0.01 	0.52 	0.0 	0.0 	0.04 	0.06 	0.0 	0.01 	0.02 	0.05 	0.0 	0.0 	0.0 	0.0 	
89 	0.07 	0.05 	0.05 	0.12 	0.01 	0.02 	0.14 	0.04 	0.01 	0.01 	0.03 	0.05 	0.0 	0.01 	0.01 	0.13 	0.14 	0.0 	0.0 	0.09 	
90 	0.08 	0.07 	0.04 	0.02 	0.01 	0.1 	0.08 	0.03 	0.03 	0.03 	0.07 	0.14 	0.0 	0.0 	0.06 	0.01 	0.15 	0.01 	0.0 	0.05 	
91 	0.12 	0.09 	0.05 	0.16 	0.02 	0.0 	0.02 	0.01 	0.0 	0.04 	0.05 	0.0 	0.0 	0.02 	0.1 	0.16 	0.1 	0.0 	0.01 	0.04 	
92 	0.04 	0.02 	0.0 	0.02 	0.0 	0.02 	0.02 	0.0 	0.15 	0.1 	0.22 	0.0 	0.01 	0.08 	0.05 	0.0 	0.02 	0.01 	0.15 	0.1 	
93 	0.04 	0.07 	0.04 	0.11 	0.0 	0.07 	0.03 	0.02 	0.07 	0.03 	0.0 	0.05 	0.0 	0.07 	0.0 	0.13 	0.08 	0.02 	0.15 	0.02 	
94 	0.06 	0.01 	0.07 	0.24 	0.03 	0.18 	0.23 	0.0 	0.04 	0.01 	0.01 	0.05 	0.0 	0.0 	0.02 	0.04 	0.01 	0.0 	0.01 	0.0 	
95 	0.11 	0.03 	0.0 	0.0 	0.02 	0.03 	0.0 	0.0 	0.01 	0.14 	0.15 	0.01 	0.05 	0.08 	0.0 	0.04 	0.05 	0.0 	0.1 	0.18 	
96 	0.08 	0.03 	0.02 	0.36 	0.02 	0.06 	0.06 	0.05 	0.0 	0.0 	0.02 	0.06 	0.0 	0.0 	0.01 	0.07 	0.1 	0.03 	0.0 	0.0 	
97 	0.09 	0.02 	0.03 	0.03 	0.0 	0.01 	0.02 	0.07 	0.06 	0.04 	0.18 	0.0 	0.02 	0.2 	0.0 	0.03 	0.0 	0.03 	0.18 	0.0 	
98 	0.06 	0.08 	0.06 	0.05 	0.0 	0.15 	0.03 	0.02 	0.0 	0.01 	0.06 	0.08 	0.0 	0.0 	0.07 	0.07 	0.2 	0.0 	0.01 	0.05 	
99 	0.09 	0.07 	0.0 	0.13 	0.0 	0.03 	0.11 	0.2 	0.0 	0.02 	0.03 	0.11 	0.03 	0.0 	0.09 	0.04 	0.03 	0.0 	0.02 	0.0 	
100 	0.03 	0.02 	0.03 	0.12 	0.0 	0.0 	0.02 	0.15 	0.0 	0.03 	0.0 	0.1 	0.0 	0.0 	0.34 	0.07 	0.03 	0.0 	0.0 	0.06 	
101 	0.08 	0.03 	0.09 	0.25 	0.02 	0.0 	0.0 	0.02 	0.01 	0.06 	0.14 	0.0 	0.06 	0.01 	0.0 	0.06 	0.08 	0.0 	0.02 	0.07 	
102 	0.37 	0.0 	0.0 	0.0 	0.01 	0.0 	0.0 	0.03 	0.0 	0.09 	0.09 	0.0 	0.02 	0.06 	0.0 	0.01 	0.0 	0.08 	0.11 	0.12 	
103 	0.0 	0.0 	0.0 	0.0 	0.0 	0.0 	0.0 	0.0 	0.0 	0.17 	0.49 	0.0 	0.01 	0.16 	0.0 	0.0 	0.0 	0.04 	0.0 	0.12 	
104 	0.01 	0.0 	0.0 	0.0 	0.0 	0.0 	0.0 	0.0 	0.0 	0.13 	0.18 	0.0 	0.04 	0.0 	0.0 	0.0 	0.0 	0.0 	0.0 	0.64 	
105 	0.0 	0.0 	0.0 	0.0 	0.0 	0.0 	0.0 	0.0 	0.0 	0.15 	0.14 	0.0 	0.18 	0.43 	0.0 	0.0 	0.0 	0.0 	0.0 	0.09 	
106 	0.0 	0.0 	0.0 	0.0 	0.0 	0.0 	0.0 	1.0 	0.0 	0.0 	0.0 	0.0 	0.0 	0.0 	0.0 	0.0 	0.0 	0.0 	0.0 	0.0 	
107 	0.18 	0.18 	0.1 	0.0 	0.0 	0.07 	0.0 	0.1 	0.0 	0.0 	0.0 	0.03 	0.0 	0.0 	0.07 	0.21 	0.05 	0.0 	0.0 	0.0 	
108 	0.0 	0.0 	0.0 	0.0 	0.0 	0.0 	1.0 	0.0 	0.0 	0.0 	0.0 	0.0 	0.0 	0.0 	0.0 	0.0 	0.0 	0.0 	0.0 	0.0 	
109 	0.04 	0.09 	0.0 	0.08 	0.0 	0.0 	0.0 	0.29 	0.0 	0.0 	0.03 	0.04 	0.0 	0.0 	0.0 	0.1 	0.28 	0.0 	0.04 	0.0 	
110 	0.09 	0.13 	0.0 	0.07 	0.0 	0.05 	0.11 	0.01 	0.07 	0.01 	0.0 	0.17 	0.0 	0.03 	0.02 	0.02 	0.13 	0.01 	0.01 	0.07 	
111 	0.0 	0.0 	0.0 	0.0 	0.0 	0.0 	0.0 	1.0 	0.0 	0.0 	0.0 	0.0 	0.0 	0.0 	0.0 	0.0 	0.0 	0.0 	0.0 	0.0 	
112 	0.0 	0.0 	0.0 	0.0 	0.0 	0.0 	0.0 	0.03 	0.0 	0.09 	0.59 	0.0 	0.11 	0.0 	0.02 	0.0 	0.0 	0.0 	0.0 	0.12 	
113 	0.03 	0.14 	0.02 	0.02 	0.0 	0.0 	0.0 	0.01 	0.01 	0.0 	0.0 	0.0 	0.0 	0.0 	0.36 	0.25 	0.13 	0.0 	0.0 	0.0 	
114 	0.13 	0.22 	0.12 	0.04 	0.0 	0.06 	0.1 	0.05 	0.0 	0.03 	0.03 	0.05 	0.02 	0.0 	0.06 	0.04 	0.0 	0.0 	0.0 	0.02 	
115 	0.12 	0.0 	0.03 	0.11 	0.0 	0.0 	0.3 	0.02 	0.0 	0.0 	0.23 	0.0 	0.02 	0.0 	0.02 	0.03 	0.09 	0.0 	0.02 	0.01 	
116 	0.11 	0.0 	0.0 	0.01 	0.0 	0.0 	0.09 	0.01 	0.0 	0.12 	0.22 	0.01 	0.02 	0.06 	0.0 	0.03 	0.11 	0.02 	0.0 	0.18 	
117 	0.01 	0.24 	0.0 	0.0 	0.0 	0.0 	0.0 	0.0 	0.03 	0.08 	0.37 	0.04 	0.12 	0.03 	0.0 	0.02 	0.0 	0.0 	0.02 	0.02 	
118 	0.06 	0.13 	0.01 	0.15 	0.0 	0.19 	0.31 	0.02 	0.02 	0.0 	0.0 	0.02 	0.0 	0.0 	0.0 	0.04 	0.04 	0.0 	0.0 	0.0 	
119 	0.07 	0.11 	0.08 	0.01 	0.0 	0.07 	0.18 	0.01 	0.0 	0.05 	0.11 	0.14 	0.0 	0.02 	0.01 	0.07 	0.03 	0.0 	0.01 	0.01 	
120 	0.08 	0.03 	0.01 	0.02 	0.2 	0.01 	0.04 	0.04 	0.01 	0.04 	0.18 	0.06 	0.03 	0.08 	0.02 	0.05 	0.04 	0.0 	0.04 	0.02 	
121 	0.05 	0.02 	0.1 	0.02 	0.02 	0.03 	0.05 	0.03 	0.16 	0.02 	0.03 	0.05 	0.01 	0.01 	0.13 	0.06 	0.18 	0.0 	0.01 	0.04 	
122 	0.17 	0.07 	0.07 	0.02 	0.15 	0.01 	0.04 	0.02 	0.02 	0.01 	0.02 	0.06 	0.04 	0.04 	0.05 	0.12 	0.02 	0.0 	0.07 	0.01 	
123 	0.02 	0.0 	0.0 	0.54 	0.0 	0.08 	0.15 	0.06 	0.07 	0.0 	0.0 	0.0 	0.0 	0.0 	0.0 	0.02 	0.04 	0.0 	0.0 	0.0 	
124 	0.08 	0.07 	0.06 	0.02 	0.01 	0.16 	0.08 	0.03 	0.05 	0.0 	0.11 	0.11 	0.01 	0.09 	0.0 	0.0 	0.02 	0.0 	0.03 	0.05 	
125 	0.02 	0.22 	0.03 	0.02 	0.17 	0.04 	0.0 	0.01 	0.04 	0.01 	0.18 	0.06 	0.0 	0.0 	0.0 	0.04 	0.04 	0.0 	0.04 	0.06 	
126 	0.03 	0.0 	0.0 	0.0 	0.0 	0.0 	0.0 	0.0 	0.0 	0.25 	0.27 	0.0 	0.0 	0.0 	0.0 	0.0 	0.0 	0.0 	0.0 	0.45 	
127 	0.05 	0.29 	0.04 	0.0 	0.02 	0.02 	0.05 	0.0 	0.03 	0.01 	0.03 	0.14 	0.0 	0.03 	0.0 	0.19 	0.01 	0.0 	0.05 	0.03 	
128 	0.0 	0.0 	0.0 	0.0 	0.0 	0.0 	0.0 	0.0 	0.0 	0.87 	0.08 	0.0 	0.0 	0.0 	0.0 	0.0 	0.0 	0.0 	0.0 	0.04 	
129 	0.02 	0.0 	0.0 	0.02 	0.0 	0.03 	0.0 	0.0 	0.0 	0.0 	0.0 	0.0 	0.0 	0.0 	0.93 	0.0 	0.0 	0.0 	0.0 	0.0 	
130 	0.07 	0.0 	0.0 	0.0 	0.0 	0.06 	0.0 	0.02 	0.0 	0.03 	0.08 	0.0 	0.62 	0.0 	0.0 	0.02 	0.05 	0.0 	0.0 	0.04 	
131 	0.2 	0.05 	0.16 	0.02 	0.0 	0.04 	0.0 	0.0 	0.02 	0.01 	0.08 	0.0 	0.03 	0.05 	0.01 	0.09 	0.07 	0.03 	0.04 	0.09 	
132 	0.05 	0.02 	0.05 	0.07 	0.0 	0.01 	0.05 	0.41 	0.01 	0.0 	0.0 	0.0 	0.0 	0.0 	0.27 	0.06 	0.0 	0.0 	0.0 	0.0 	
133 	0.02 	0.0 	0.1 	0.06 	0.0 	0.06 	0.11 	0.13 	0.08 	0.02 	0.0 	0.07 	0.03 	0.02 	0.06 	0.17 	0.03 	0.0 	0.0 	0.03 	
134 	0.08 	0.0 	0.03 	0.0 	0.0 	0.02 	0.0 	0.0 	0.0 	0.16 	0.02 	0.0 	0.01 	0.02 	0.0 	0.07 	0.12 	0.0 	0.09 	0.38 	
135 	0.02 	0.33 	0.05 	0.1 	0.0 	0.06 	0.2 	0.03 	0.0 	0.0 	0.0 	0.0 	0.0 	0.0 	0.04 	0.15 	0.01 	0.0 	0.0 	0.01 	
136 	0.01 	0.0 	0.0 	0.0 	0.02 	0.0 	0.0 	0.02 	0.0 	0.01 	0.0 	0.0 	0.0 	0.0 	0.0 	0.92 	0.0 	0.0 	0.0 	0.01 	
137 	0.0 	0.0 	0.0 	0.0 	0.0 	0.0 	0.0 	0.0 	0.0 	0.03 	0.82 	0.0 	0.11 	0.0 	0.0 	0.0 	0.0 	0.0 	0.03 	0.0 	
138 	0.0 	0.0 	1.0 	0.0 	0.0 	0.0 	0.0 	0.0 	0.0 	0.0 	0.0 	0.0 	0.0 	0.0 	0.0 	0.0 	0.0 	0.0 	0.0 	0.0 	
139 	0.11 	0.0 	0.0 	0.0 	0.0 	0.0 	0.0 	0.0 	0.0 	0.07 	0.35 	0.0 	0.0 	0.0 	0.0 	0.07 	0.0 	0.0 	0.0 	0.4 	
140 	0.29 	0.0 	0.0 	0.0 	0.0 	0.03 	0.0 	0.0 	0.02 	0.0 	0.0 	0.0 	0.0 	0.0 	0.0 	0.65 	0.0 	0.0 	0.0 	0.0 	
141 	0.02 	0.0 	0.25 	0.0 	0.0 	0.0 	0.0 	0.0 	0.03 	0.02 	0.01 	0.0 	0.12 	0.0 	0.0 	0.03 	0.05 	0.0 	0.0 	0.47 	
142 	0.72 	0.0 	0.0 	0.0 	0.01 	0.0 	0.0 	0.0 	0.0 	0.0 	0.0 	0.0 	0.0 	0.0 	0.0 	0.17 	0.1 	0.0 	0.0 	0.0 	
143 	0.36 	0.0 	0.0 	0.0 	0.02 	0.0 	0.0 	0.04 	0.0 	0.0 	0.04 	0.0 	0.0 	0.0 	0.0 	0.05 	0.16 	0.0 	0.0 	0.34 	
144 	0.35 	0.0 	0.0 	0.0 	0.02 	0.09 	0.0 	0.39 	0.0 	0.0 	0.0 	0.0 	0.0 	0.0 	0.0 	0.1 	0.03 	0.0 	0.0 	0.02 	
145 	0.01 	0.0 	0.0 	0.0 	0.03 	0.0 	0.0 	0.0 	0.0 	0.34 	0.13 	0.0 	0.1 	0.0 	0.0 	0.0 	0.0 	0.0 	0.0 	0.38 	
146 	0.09 	0.0 	0.0 	0.0 	0.11 	0.0 	0.0 	0.0 	0.0 	0.19 	0.24 	0.0 	0.05 	0.02 	0.0 	0.01 	0.05 	0.0 	0.0 	0.22 	
147 	0.06 	0.0 	0.0 	0.0 	0.0 	0.0 	0.0 	0.0 	0.0 	0.04 	0.59 	0.0 	0.06 	0.02 	0.0 	0.03 	0.02 	0.0 	0.0 	0.18 	
148 	0.05 	0.0 	0.0 	0.0 	0.0 	0.0 	0.0 	0.05 	0.08 	0.0 	0.02 	0.0 	0.0 	0.31 	0.0 	0.02 	0.0 	0.02 	0.45 	0.0 	
149 	0.0 	0.02 	0.0 	0.0 	0.0 	0.0 	0.94 	0.0 	0.0 	0.0 	0.0 	0.0 	0.0 	0.0 	0.0 	0.03 	0.0 	0.0 	0.0 	0.0 	
150 	0.49 	0.04 	0.0 	0.0 	0.0 	0.0 	0.0 	0.08 	0.0 	0.11 	0.04 	0.0 	0.0 	0.0 	0.0 	0.03 	0.04 	0.02 	0.08 	0.08 	
151 	0.08 	0.1 	0.0 	0.0 	0.02 	0.05 	0.0 	0.02 	0.0 	0.0 	0.12 	0.07 	0.0 	0.04 	0.0 	0.02 	0.07 	0.24 	0.03 	0.15 	
152 	0.0 	0.88 	0.0 	0.0 	0.0 	0.0 	0.0 	0.0 	0.0 	0.0 	0.0 	0.09 	0.0 	0.0 	0.0 	0.0 	0.0 	0.0 	0.0 	0.03 	
153 	0.0 	0.03 	0.0 	0.0 	0.0 	0.87 	0.0 	0.0 	0.0 	0.0 	0.0 	0.08 	0.0 	0.0 	0.0 	0.02 	0.0 	0.0 	0.0 	0.0 	
154 	0.04 	0.2 	0.15 	0.0 	0.0 	0.2 	0.0 	0.03 	0.08 	0.0 	0.27 	0.0 	0.0 	0.0 	0.0 	0.0 	0.02 	0.0 	0.0 	0.02 	
155 	0.0 	0.0 	0.1 	0.04 	0.0 	0.07 	0.06 	0.39 	0.15 	0.05 	0.0 	0.04 	0.0 	0.0 	0.0 	0.11 	0.0 	0.0 	0.0 	0.0 	
156 	0.0 	0.0 	0.05 	0.04 	0.0 	0.04 	0.05 	0.0 	0.13 	0.0 	0.0 	0.0 	0.0 	0.36 	0.0 	0.0 	0.0 	0.0 	0.32 	0.0 	
157 	0.17 	0.06 	0.0 	0.0 	0.0 	0.17 	0.07 	0.0 	0.03 	0.11 	0.0 	0.09 	0.0 	0.0 	0.08 	0.11 	0.0 	0.0 	0.0 	0.09 	
158 	0.07 	0.0 	0.16 	0.0 	0.0 	0.0 	0.0 	0.77 	0.0 	0.0 	0.0 	0.0 	0.0 	0.0 	0.0 	0.0 	0.0 	0.0 	0.0 	0.0 	
159 	0.22 	0.0 	0.0 	0.0 	0.0 	0.0 	0.0 	0.19 	0.0 	0.0 	0.19 	0.0 	0.14 	0.0 	0.0 	0.22 	0.04 	0.0 	0.0 	0.0 	
160 	0.0 	0.0 	0.0 	0.0 	0.0 	0.0 	0.33 	0.0 	0.0 	0.0 	0.25 	0.0 	0.0 	0.14 	0.0 	0.0 	0.0 	0.0 	0.12 	0.16 	
161 	0.0 	0.0 	0.0 	0.0 	0.0 	0.0 	0.0 	0.0 	0.0 	0.21 	0.79 	0.0 	0.0 	0.0 	0.0 	0.0 	0.0 	0.0 	0.0 	0.0 	
