	A 	R 	N 	D 	C 	Q 	E 	G 	H 	I 	L 	K 	M 	F 	P 	S 	T 	W 	Y 	V 	
1 	0.0 	0.0 	0.0 	0.0 	0.0 	0.0 	0.0 	0.0 	0.0 	0.04 	0.9 	0.0 	0.0 	0.0 	0.0 	0.0 	0.0 	0.0 	0.0 	0.06 	
2 	0.0 	0.0 	0.0 	0.0 	0.0 	0.0 	0.0 	0.0 	0.0 	0.0 	0.0 	0.0 	0.0 	0.0 	1.0 	0.0 	0.0 	0.0 	0.0 	0.0 	
3 	0.0 	0.0 	0.05 	0.06 	0.0 	0.0 	0.0 	0.08 	0.03 	0.0 	0.0 	0.0 	0.0 	0.0 	0.0 	0.78 	0.0 	0.0 	0.0 	0.0 	
4 	0.05 	0.0 	0.0 	0.0 	0.0 	0.32 	0.58 	0.0 	0.0 	0.0 	0.0 	0.05 	0.0 	0.0 	0.0 	0.0 	0.0 	0.0 	0.0 	0.0 	
5 	0.0 	0.0 	0.0 	0.0 	0.0 	0.0 	0.0 	0.0 	0.0 	0.0 	0.0 	0.0 	0.13 	0.0 	0.0 	0.0 	0.87 	0.0 	0.0 	0.0 	
6 	0.0 	0.0 	0.0 	0.0 	0.0 	0.0 	0.0 	0.0 	0.0 	0.0 	0.0 	0.0 	0.0 	0.0 	1.0 	0.0 	0.0 	0.0 	0.0 	0.0 	
7 	0.44 	0.0 	0.0 	0.04 	0.0 	0.03 	0.17 	0.0 	0.0 	0.0 	0.0 	0.08 	0.0 	0.0 	0.1 	0.11 	0.0 	0.0 	0.0 	0.03 	
8 	0.12 	0.0 	0.0 	0.0 	0.0 	0.0 	0.0 	0.46 	0.0 	0.0 	0.05 	0.0 	0.0 	0.0 	0.32 	0.03 	0.03 	0.0 	0.0 	0.0 	
9 	0.0 	0.0 	0.0 	0.0 	0.0 	0.0 	0.0 	0.0 	0.0 	0.1 	0.79 	0.0 	0.0 	0.0 	0.0 	0.0 	0.0 	0.0 	0.0 	0.11 	
10 	0.0 	0.28 	0.0 	0.0 	0.0 	0.0 	0.11 	0.0 	0.0 	0.03 	0.1 	0.28 	0.0 	0.0 	0.0 	0.03 	0.0 	0.0 	0.0 	0.18 	
11 	0.04 	0.03 	0.02 	0.0 	0.0 	0.0 	0.15 	0.06 	0.02 	0.0 	0.0 	0.3 	0.0 	0.0 	0.13 	0.2 	0.03 	0.0 	0.0 	0.03 	
12 	0.0 	0.0 	0.0 	0.0 	0.0 	0.0 	0.0 	0.0 	0.0 	0.0 	0.43 	0.0 	0.0 	0.0 	0.0 	0.0 	0.0 	0.0 	0.57 	0.0 	
13 	0.0 	1.0 	0.0 	0.0 	0.0 	0.0 	0.0 	0.0 	0.0 	0.0 	0.0 	0.0 	0.0 	0.0 	0.0 	0.0 	0.0 	0.0 	0.0 	0.0 	
14 	0.0 	0.0 	0.0 	0.08 	0.0 	0.09 	0.54 	0.0 	0.0 	0.0 	0.03 	0.23 	0.0 	0.0 	0.0 	0.0 	0.0 	0.0 	0.03 	0.0 	
15 	0.0 	0.1 	0.08 	0.1 	0.0 	0.03 	0.43 	0.0 	0.0 	0.0 	0.0 	0.22 	0.0 	0.0 	0.0 	0.04 	0.0 	0.0 	0.0 	0.0 	
16 	0.0 	0.0 	0.0 	0.13 	0.0 	0.0 	0.87 	0.0 	0.0 	0.0 	0.0 	0.0 	0.0 	0.0 	0.0 	0.0 	0.0 	0.0 	0.0 	0.0 	
17 	0.0 	0.0 	0.0 	0.0 	0.0 	0.0 	0.0 	0.0 	0.0 	0.0 	1.0 	0.0 	0.0 	0.0 	0.0 	0.0 	0.0 	0.0 	0.0 	0.0 	
18 	0.03 	0.13 	0.05 	0.0 	0.0 	0.05 	0.26 	0.0 	0.02 	0.0 	0.02 	0.28 	0.0 	0.0 	0.0 	0.0 	0.0 	0.0 	0.0 	0.15 	
19 	0.07 	0.0 	0.31 	0.12 	0.0 	0.06 	0.0 	0.0 	0.0 	0.06 	0.0 	0.0 	0.0 	0.0 	0.0 	0.15 	0.18 	0.0 	0.03 	0.02 	
20 	0.0 	0.0 	0.0 	0.0 	0.0 	0.0 	0.0 	0.0 	0.0 	0.0 	0.86 	0.06 	0.0 	0.0 	0.0 	0.0 	0.0 	0.0 	0.0 	0.08 	
21 	0.0 	0.96 	0.0 	0.0 	0.0 	0.04 	0.0 	0.0 	0.0 	0.0 	0.0 	0.0 	0.0 	0.0 	0.0 	0.0 	0.0 	0.0 	0.0 	0.0 	
22 	0.0 	0.0 	0.0 	0.0 	0.0 	0.0 	0.0 	1.0 	0.0 	0.0 	0.0 	0.0 	0.0 	0.0 	0.0 	0.0 	0.0 	0.0 	0.0 	0.0 	
23 	0.0 	0.0 	0.22 	0.67 	0.0 	0.0 	0.0 	0.0 	0.0 	0.0 	0.0 	0.04 	0.0 	0.0 	0.0 	0.0 	0.06 	0.0 	0.0 	0.0 	
24 	0.0 	0.03 	0.04 	0.08 	0.0 	0.0 	0.03 	0.83 	0.0 	0.0 	0.0 	0.0 	0.0 	0.0 	0.0 	0.0 	0.0 	0.0 	0.0 	0.0 	
25 	0.03 	0.0 	0.02 	0.0 	0.08 	0.1 	0.07 	0.0 	0.04 	0.03 	0.0 	0.17 	0.0 	0.0 	0.0 	0.05 	0.38 	0.0 	0.0 	0.04 	
26 	0.0 	0.0 	0.0 	0.0 	0.0 	0.0 	0.0 	0.96 	0.0 	0.0 	0.0 	0.0 	0.0 	0.0 	0.0 	0.04 	0.0 	0.0 	0.0 	0.0 	
27 	0.0 	0.0 	0.0 	0.0 	0.0 	0.03 	0.63 	0.0 	0.0 	0.0 	0.0 	0.1 	0.0 	0.0 	0.13 	0.0 	0.0 	0.0 	0.0 	0.12 	
28 	0.0 	0.72 	0.0 	0.0 	0.0 	0.0 	0.0 	0.0 	0.0 	0.0 	0.08 	0.0 	0.0 	0.07 	0.0 	0.0 	0.0 	0.0 	0.13 	0.0 	
29 	0.0 	0.03 	0.0 	0.0 	0.0 	0.14 	0.16 	0.0 	0.0 	0.0 	0.0 	0.63 	0.0 	0.0 	0.0 	0.0 	0.04 	0.0 	0.0 	0.0 	
30 	0.08 	0.0 	0.0 	0.02 	0.0 	0.0 	0.47 	0.0 	0.0 	0.03 	0.17 	0.08 	0.0 	0.04 	0.04 	0.04 	0.0 	0.0 	0.0 	0.03 	
31 	0.0 	0.0 	0.0 	0.06 	0.0 	0.0 	0.0 	0.0 	0.32 	0.0 	0.0 	0.0 	0.0 	0.13 	0.0 	0.14 	0.03 	0.24 	0.07 	0.0 	
32 	0.0 	0.0 	0.0 	0.79 	0.0 	0.0 	0.21 	0.0 	0.0 	0.0 	0.0 	0.0 	0.0 	0.0 	0.0 	0.0 	0.0 	0.0 	0.0 	0.0 	
33 	0.0 	1.0 	0.0 	0.0 	0.0 	0.0 	0.0 	0.0 	0.0 	0.0 	0.0 	0.0 	0.0 	0.0 	0.0 	0.0 	0.0 	0.0 	0.0 	0.0 	
34 	0.0 	0.0 	0.0 	0.0 	0.0 	0.0 	0.0 	0.0 	0.0 	0.67 	0.0 	0.0 	0.0 	0.0 	0.0 	0.0 	0.0 	0.0 	0.0 	0.33 	
35 	0.0 	0.0 	0.0 	0.0 	0.0 	0.0 	0.0 	0.0 	0.0 	0.0 	0.0 	0.0 	0.0 	0.0 	0.0 	0.0 	0.0 	0.0 	1.0 	0.0 	
36 	0.0 	0.13 	0.0 	0.87 	0.0 	0.0 	0.0 	0.0 	0.0 	0.0 	0.0 	0.0 	0.0 	0.0 	0.0 	0.0 	0.0 	0.0 	0.0 	0.0 	
37 	0.0 	0.0 	0.0 	0.0 	0.0 	0.0 	0.0 	0.0 	0.0 	0.0 	0.0 	0.0 	0.0 	0.03 	0.0 	0.0 	0.0 	0.0 	0.97 	0.0 	
38 	0.17 	0.0 	0.0 	0.83 	0.0 	0.0 	0.0 	0.0 	0.0 	0.0 	0.0 	0.0 	0.0 	0.0 	0.0 	0.0 	0.0 	0.0 	0.0 	0.0 	
39 	0.0 	0.0 	0.0 	0.0 	0.03 	0.0 	0.0 	0.0 	0.0 	0.03 	0.02 	0.0 	0.0 	0.0 	0.0 	0.0 	0.11 	0.0 	0.08 	0.73 	
40 	0.0 	0.0 	0.0 	0.0 	0.0 	0.0 	0.0 	0.0 	0.0 	0.0 	0.0 	0.0 	0.0 	0.0 	0.0 	0.0 	0.0 	0.0 	1.0 	0.0 	
41 	0.0 	0.0 	1.0 	0.0 	0.0 	0.0 	0.0 	0.0 	0.0 	0.0 	0.0 	0.0 	0.0 	0.0 	0.0 	0.0 	0.0 	0.0 	0.0 	0.0 	
42 	0.0 	0.0 	0.0 	1.0 	0.0 	0.0 	0.0 	0.0 	0.0 	0.0 	0.0 	0.0 	0.0 	0.0 	0.0 	0.0 	0.0 	0.0 	0.0 	0.0 	
43 	0.0 	0.0 	0.0 	0.0 	0.0 	0.0 	0.0 	0.0 	0.0 	0.06 	0.9 	0.0 	0.0 	0.0 	0.0 	0.0 	0.0 	0.0 	0.0 	0.04 	
44 	0.0 	0.0 	0.0 	0.0 	0.0 	0.0 	0.0 	1.0 	0.0 	0.0 	0.0 	0.0 	0.0 	0.0 	0.0 	0.0 	0.0 	0.0 	0.0 	0.0 	
45 	0.05 	0.0 	0.49 	0.19 	0.0 	0.03 	0.14 	0.0 	0.0 	0.0 	0.0 	0.04 	0.0 	0.0 	0.0 	0.02 	0.0 	0.0 	0.0 	0.03 	
46 	0.03 	0.0 	0.0 	0.0 	0.0 	0.0 	0.0 	0.0 	0.0 	0.0 	0.0 	0.0 	0.0 	0.0 	0.94 	0.0 	0.0 	0.0 	0.0 	0.0 	
47 	0.0 	0.04 	0.0 	0.85 	0.0 	0.0 	0.06 	0.0 	0.0 	0.0 	0.0 	0.0 	0.0 	0.0 	0.03 	0.0 	0.0 	0.0 	0.0 	0.0 	
48 	0.0 	0.06 	0.04 	0.04 	0.0 	0.05 	0.0 	0.03 	0.04 	0.03 	0.0 	0.44 	0.0 	0.0 	0.0 	0.23 	0.04 	0.0 	0.0 	0.0 	
49 	0.0 	0.0 	0.18 	0.14 	0.0 	0.0 	0.0 	0.46 	0.0 	0.0 	0.0 	0.07 	0.0 	0.0 	0.0 	0.1 	0.04 	0.0 	0.0 	0.0 	
50 	0.05 	0.03 	0.18 	0.05 	0.0 	0.0 	0.22 	0.07 	0.0 	0.07 	0.01 	0.08 	0.0 	0.0 	0.07 	0.1 	0.01 	0.0 	0.0 	0.04 	
51 	0.07 	0.05 	0.13 	0.26 	0.0 	0.05 	0.17 	0.01 	0.03 	0.01 	0.02 	0.1 	0.0 	0.01 	0.01 	0.01 	0.04 	0.0 	0.01 	0.01 	
52 	0.02 	0.01 	0.03 	0.04 	0.0 	0.01 	0.01 	0.02 	0.08 	0.01 	0.33 	0.01 	0.04 	0.12 	0.01 	0.08 	0.05 	0.0 	0.09 	0.02 	
53 	0.51 	0.0 	0.0 	0.0 	0.0 	0.0 	0.0 	0.06 	0.0 	0.03 	0.0 	0.04 	0.0 	0.0 	0.13 	0.03 	0.04 	0.0 	0.0 	0.15 	
54 	0.0 	1.0 	0.0 	0.0 	0.0 	0.0 	0.0 	0.0 	0.0 	0.0 	0.0 	0.0 	0.0 	0.0 	0.0 	0.0 	0.0 	0.0 	0.0 	0.0 	
55 	0.0 	0.0 	0.0 	0.0 	0.0 	0.0 	0.0 	0.0 	0.0 	0.0 	0.0 	0.0 	0.0 	0.0 	0.93 	0.0 	0.07 	0.0 	0.0 	0.0 	
56 	0.0 	0.0 	0.0 	0.0 	0.0 	0.0 	0.0 	0.0 	0.0 	0.2 	0.0 	0.05 	0.0 	0.0 	0.0 	0.0 	0.11 	0.0 	0.0 	0.64 	
57 	0.0 	0.0 	0.0 	0.0 	0.0 	0.0 	0.0 	0.0 	0.0 	0.04 	0.96 	0.0 	0.0 	0.0 	0.0 	0.0 	0.0 	0.0 	0.0 	0.0 	
58 	0.0 	0.0 	0.0 	0.0 	0.0 	0.0 	0.0 	1.0 	0.0 	0.0 	0.0 	0.0 	0.0 	0.0 	0.0 	0.0 	0.0 	0.0 	0.0 	0.0 	
59 	0.0 	0.0 	0.0 	0.0 	0.0 	0.0 	0.0 	0.93 	0.0 	0.0 	0.0 	0.0 	0.0 	0.0 	0.0 	0.0 	0.0 	0.0 	0.0 	0.04 	
60 	0.01 	0.03 	0.1 	0.03 	0.0 	0.0 	0.01 	0.01 	0.0 	0.0 	0.04 	0.12 	0.0 	0.0 	0.19 	0.39 	0.06 	0.0 	0.0 	0.01 	
61 	0.06 	0.0 	0.0 	0.04 	0.0 	0.07 	0.31 	0.0 	0.0 	0.0 	0.0 	0.08 	0.0 	0.0 	0.07 	0.34 	0.0 	0.0 	0.0 	0.0 	
62 	0.01 	0.01 	0.03 	0.11 	0.0 	0.09 	0.16 	0.01 	0.0 	0.03 	0.02 	0.09 	0.0 	0.01 	0.01 	0.01 	0.22 	0.0 	0.16 	0.01 	
63 	0.0 	0.02 	0.0 	0.0 	0.0 	0.0 	0.0 	0.0 	0.39 	0.06 	0.14 	0.0 	0.03 	0.15 	0.0 	0.0 	0.02 	0.0 	0.13 	0.05 	
64 	0.0 	0.0 	0.0 	0.0 	0.0 	0.0 	0.0 	0.0 	0.0 	0.0 	0.0 	0.0 	0.0 	0.0 	1.0 	0.0 	0.0 	0.0 	0.0 	0.0 	
65 	0.0 	0.0 	0.0 	0.0 	0.0 	0.0 	0.0 	0.0 	0.0 	0.0 	0.0 	0.0 	0.0 	0.03 	0.15 	0.0 	0.0 	0.0 	0.81 	0.0 	
66 	0.0 	0.0 	0.0 	0.0 	0.0 	0.0 	0.0 	0.0 	0.0 	0.0 	0.0 	0.0 	0.0 	0.0 	1.0 	0.0 	0.0 	0.0 	0.0 	0.0 	
67 	0.0 	1.0 	0.0 	0.0 	0.0 	0.0 	0.0 	0.0 	0.0 	0.0 	0.0 	0.0 	0.0 	0.0 	0.0 	0.0 	0.0 	0.0 	0.0 	0.0 	
68 	0.0 	1.0 	0.0 	0.0 	0.0 	0.0 	0.0 	0.0 	0.0 	0.0 	0.0 	0.0 	0.0 	0.0 	0.0 	0.0 	0.0 	0.0 	0.0 	0.0 	
69 	0.0 	0.0 	0.0 	0.0 	0.54 	0.0 	0.02 	0.39 	0.0 	0.0 	0.0 	0.0 	0.03 	0.0 	0.0 	0.0 	0.0 	0.0 	0.0 	0.02 	
70 	0.0 	0.92 	0.0 	0.0 	0.0 	0.0 	0.0 	0.0 	0.0 	0.0 	0.0 	0.08 	0.0 	0.0 	0.0 	0.0 	0.0 	0.0 	0.0 	0.0 	
71 	0.01 	0.01 	0.01 	0.01 	0.0 	0.01 	0.01 	0.01 	0.0 	0.01 	0.01 	0.01 	0.0 	0.01 	0.01 	0.03 	0.83 	0.0 	0.0 	0.01 	
72 	0.01 	0.01 	0.01 	0.01 	0.0 	0.01 	0.03 	0.84 	0.0 	0.01 	0.01 	0.01 	0.0 	0.01 	0.01 	0.01 	0.01 	0.0 	0.0 	0.01 	
73 	0.01 	0.85 	0.01 	0.01 	0.0 	0.01 	0.01 	0.01 	0.0 	0.01 	0.01 	0.01 	0.0 	0.01 	0.01 	0.01 	0.01 	0.0 	0.0 	0.01 	
74 	0.03 	0.01 	0.01 	0.01 	0.0 	0.03 	0.06 	0.07 	0.0 	0.03 	0.01 	0.28 	0.0 	0.01 	0.31 	0.03 	0.01 	0.0 	0.04 	0.06 	
75 	0.01 	0.12 	0.01 	0.01 	0.0 	0.01 	0.01 	0.01 	0.0 	0.01 	0.05 	0.1 	0.04 	0.01 	0.47 	0.13 	0.01 	0.0 	0.0 	0.01 	
76 	0.01 	0.01 	0.03 	0.01 	0.03 	0.01 	0.01 	0.01 	0.0 	0.01 	0.01 	0.01 	0.0 	0.01 	0.01 	0.18 	0.6 	0.0 	0.0 	0.04 	
77 	0.06 	0.16 	0.01 	0.11 	0.0 	0.01 	0.04 	0.01 	0.0 	0.01 	0.04 	0.33 	0.0 	0.01 	0.01 	0.08 	0.03 	0.0 	0.0 	0.09 	
78 	0.06 	0.01 	0.01 	0.01 	0.0 	0.01 	0.03 	0.01 	0.0 	0.01 	0.01 	0.32 	0.0 	0.01 	0.01 	0.08 	0.37 	0.0 	0.04 	0.01 	
79 	0.0 	0.0 	0.18 	0.77 	0.0 	0.0 	0.05 	0.0 	0.0 	0.0 	0.0 	0.0 	0.0 	0.0 	0.0 	0.0 	0.0 	0.0 	0.0 	0.0 	
80 	0.03 	0.0 	0.0 	0.0 	0.0 	0.02 	0.0 	0.0 	0.0 	0.05 	0.0 	0.02 	0.05 	0.0 	0.83 	0.0 	0.0 	0.0 	0.0 	0.0 	
81 	0.0 	0.0 	0.39 	0.04 	0.0 	0.05 	0.03 	0.0 	0.0 	0.0 	0.05 	0.13 	0.02 	0.03 	0.03 	0.14 	0.05 	0.03 	0.0 	0.0 	
82 	0.16 	0.01 	0.01 	0.01 	0.09 	0.01 	0.01 	0.01 	0.0 	0.01 	0.04 	0.01 	0.0 	0.01 	0.01 	0.49 	0.12 	0.0 	0.0 	0.01 	
83 	0.01 	0.01 	0.01 	0.01 	0.0 	0.01 	0.86 	0.01 	0.0 	0.01 	0.01 	0.01 	0.0 	0.01 	0.01 	0.01 	0.01 	0.0 	0.0 	0.01 	
84 	0.0 	0.18 	0.0 	0.0 	0.0 	0.03 	0.06 	0.0 	0.0 	0.02 	0.0 	0.13 	0.0 	0.0 	0.0 	0.47 	0.11 	0.0 	0.0 	0.0 	
85 	0.0 	0.66 	0.0 	0.0 	0.0 	0.03 	0.0 	0.0 	0.0 	0.0 	0.0 	0.03 	0.0 	0.0 	0.27 	0.0 	0.0 	0.0 	0.0 	0.0 	
86 	0.02 	0.0 	0.03 	0.0 	0.0 	0.0 	0.15 	0.14 	0.0 	0.04 	0.14 	0.08 	0.0 	0.0 	0.0 	0.18 	0.05 	0.0 	0.0 	0.17 	
87 	0.02 	0.0 	0.02 	0.08 	0.0 	0.0 	0.37 	0.11 	0.0 	0.0 	0.0 	0.0 	0.0 	0.0 	0.11 	0.05 	0.08 	0.15 	0.0 	0.0 	
88 	0.0 	0.0 	0.2 	0.14 	0.0 	0.07 	0.12 	0.0 	0.03 	0.0 	0.1 	0.12 	0.0 	0.07 	0.03 	0.0 	0.02 	0.0 	0.05 	0.04 	
89 	0.0 	0.0 	0.0 	0.0 	0.0 	0.0 	0.0 	0.15 	0.0 	0.31 	0.03 	0.0 	0.08 	0.13 	0.0 	0.0 	0.06 	0.0 	0.0 	0.24 	
90 	0.0 	0.0 	0.0 	0.0 	0.0 	0.0 	0.0 	0.0 	0.0 	0.0 	0.0 	0.0 	0.0 	0.0 	0.0 	0.0 	0.0 	0.0 	1.0 	0.0 	
91 	0.0 	0.0 	0.0 	0.0 	0.0 	0.0 	0.0 	0.0 	0.0 	0.13 	0.23 	0.0 	0.0 	0.0 	0.0 	0.0 	0.0 	0.0 	0.0 	0.64 	
92 	0.0 	0.0 	0.0 	0.0 	0.0 	0.0 	0.0 	0.0 	0.0 	0.0 	0.0 	0.0 	0.0 	0.0 	0.97 	0.03 	0.0 	0.0 	0.0 	0.0 	
93 	0.0 	0.79 	0.0 	0.0 	0.0 	0.0 	0.0 	0.11 	0.0 	0.0 	0.0 	0.0 	0.0 	0.0 	0.0 	0.02 	0.0 	0.0 	0.0 	0.08 	
94 	0.0 	0.0 	0.0 	0.89 	0.0 	0.0 	0.0 	0.0 	0.0 	0.0 	0.0 	0.0 	0.0 	0.11 	0.0 	0.0 	0.0 	0.0 	0.0 	0.0 	
95 	0.0 	0.0 	0.0 	0.0 	0.0 	0.0 	0.82 	0.0 	0.0 	0.0 	0.0 	0.0 	0.0 	0.0 	0.11 	0.0 	0.0 	0.0 	0.0 	0.07 	
96 	0.16 	0.25 	0.1 	0.03 	0.0 	0.18 	0.1 	0.0 	0.0 	0.11 	0.0 	0.02 	0.0 	0.0 	0.0 	0.0 	0.03 	0.0 	0.0 	0.03 	
97 	0.0 	0.0 	0.0 	0.0 	0.0 	0.0 	0.0 	0.0 	0.0 	0.0 	0.14 	0.0 	0.0 	0.86 	0.0 	0.0 	0.0 	0.0 	0.0 	0.0 	
98 	0.05 	0.0 	0.0 	0.0 	0.0 	0.0 	0.16 	0.33 	0.0 	0.11 	0.08 	0.0 	0.0 	0.0 	0.0 	0.14 	0.13 	0.0 	0.0 	0.0 	
99 	0.0 	0.0 	0.11 	0.1 	0.0 	0.0 	0.37 	0.0 	0.37 	0.0 	0.0 	0.0 	0.0 	0.0 	0.02 	0.0 	0.03 	0.0 	0.0 	0.0 	
100 	0.03 	0.06 	0.0 	0.08 	0.0 	0.0 	0.09 	0.03 	0.0 	0.18 	0.31 	0.0 	0.0 	0.0 	0.0 	0.08 	0.0 	0.0 	0.0 	0.14 	
101 	0.0 	0.0 	0.0 	0.0 	0.0 	0.0 	0.0 	0.0 	0.0 	0.0 	0.0 	1.0 	0.0 	0.0 	0.0 	0.0 	0.0 	0.0 	0.0 	0.0 	
102 	0.14 	0.11 	0.05 	0.0 	0.0 	0.09 	0.05 	0.05 	0.0 	0.0 	0.02 	0.03 	0.16 	0.02 	0.0 	0.28 	0.02 	0.0 	0.0 	0.0 	
103 	0.06 	0.1 	0.06 	0.07 	0.0 	0.03 	0.03 	0.07 	0.0 	0.11 	0.0 	0.03 	0.0 	0.0 	0.0 	0.29 	0.14 	0.0 	0.0 	0.02 	
104 	0.13 	0.11 	0.0 	0.45 	0.0 	0.02 	0.0 	0.0 	0.0 	0.0 	0.0 	0.0 	0.03 	0.0 	0.0 	0.1 	0.14 	0.0 	0.02 	0.0 	
105 	0.03 	0.03 	0.0 	0.0 	0.0 	0.0 	0.0 	0.0 	0.0 	0.0 	0.03 	0.0 	0.0 	0.84 	0.0 	0.0 	0.0 	0.0 	0.07 	0.0 	
106 	0.06 	0.03 	0.0 	0.0 	0.0 	0.07 	0.08 	0.03 	0.0 	0.0 	0.54 	0.0 	0.0 	0.0 	0.0 	0.15 	0.03 	0.0 	0.0 	0.0 	
107 	0.31 	0.03 	0.06 	0.0 	0.0 	0.0 	0.13 	0.15 	0.0 	0.0 	0.03 	0.0 	0.0 	0.0 	0.0 	0.03 	0.2 	0.0 	0.0 	0.02 	
108 	0.01 	0.01 	0.03 	0.01 	0.02 	0.0 	0.01 	0.13 	0.0 	0.04 	0.01 	0.08 	0.0 	0.0 	0.01 	0.26 	0.06 	0.0 	0.32 	0.01 	
109 	0.15 	0.21 	0.06 	0.03 	0.0 	0.0 	0.01 	0.15 	0.0 	0.02 	0.09 	0.0 	0.0 	0.0 	0.0 	0.13 	0.13 	0.0 	0.0 	0.01 	
110 	0.08 	0.0 	0.0 	0.0 	0.0 	0.0 	0.01 	0.01 	0.0 	0.19 	0.43 	0.08 	0.0 	0.03 	0.0 	0.01 	0.06 	0.0 	0.0 	0.08 	
111 	0.08 	0.13 	0.0 	0.0 	0.0 	0.02 	0.0 	0.03 	0.0 	0.0 	0.03 	0.62 	0.0 	0.0 	0.0 	0.0 	0.0 	0.0 	0.05 	0.0 	
112 	0.4 	0.01 	0.0 	0.01 	0.0 	0.03 	0.01 	0.09 	0.0 	0.01 	0.01 	0.03 	0.0 	0.0 	0.01 	0.37 	0.01 	0.0 	0.0 	0.01 	
113 	0.05 	0.01 	0.0 	0.01 	0.0 	0.0 	0.01 	0.03 	0.0 	0.13 	0.34 	0.01 	0.0 	0.03 	0.01 	0.03 	0.01 	0.0 	0.0 	0.31 	
114 	0.12 	0.01 	0.0 	0.01 	0.0 	0.0 	0.01 	0.01 	0.0 	0.01 	0.35 	0.01 	0.03 	0.03 	0.01 	0.17 	0.06 	0.0 	0.0 	0.17 	
115 	0.01 	0.01 	0.08 	0.1 	0.0 	0.33 	0.04 	0.01 	0.28 	0.01 	0.01 	0.01 	0.0 	0.0 	0.03 	0.07 	0.01 	0.0 	0.0 	0.01 	
116 	0.1 	0.01 	0.19 	0.06 	0.02 	0.06 	0.01 	0.13 	0.02 	0.04 	0.16 	0.01 	0.0 	0.06 	0.01 	0.03 	0.06 	0.0 	0.02 	0.03 	
117 	0.06 	0.01 	0.01 	0.01 	0.0 	0.01 	0.01 	0.09 	0.0 	0.19 	0.27 	0.01 	0.0 	0.03 	0.01 	0.01 	0.01 	0.0 	0.01 	0.24 	
118 	0.01 	0.01 	0.01 	0.01 	0.0 	0.05 	0.01 	0.01 	0.06 	0.21 	0.23 	0.01 	0.03 	0.11 	0.01 	0.01 	0.01 	0.0 	0.01 	0.21 	
119 	0.03 	0.01 	0.01 	0.01 	0.0 	0.01 	0.01 	0.09 	0.0 	0.01 	0.01 	0.01 	0.0 	0.01 	0.76 	0.01 	0.01 	0.0 	0.0 	0.01 	
120 	0.42 	0.01 	0.0 	0.01 	0.0 	0.04 	0.05 	0.01 	0.0 	0.02 	0.18 	0.01 	0.0 	0.0 	0.01 	0.16 	0.02 	0.0 	0.0 	0.04 	
121 	0.11 	0.01 	0.0 	0.01 	0.03 	0.0 	0.01 	0.01 	0.0 	0.14 	0.31 	0.01 	0.0 	0.13 	0.01 	0.08 	0.03 	0.0 	0.0 	0.11 	
122 	0.14 	0.11 	0.0 	0.01 	0.0 	0.09 	0.14 	0.01 	0.02 	0.1 	0.01 	0.14 	0.02 	0.06 	0.01 	0.03 	0.08 	0.0 	0.0 	0.03 	
123 	0.18 	0.0 	0.0 	0.17 	0.0 	0.0 	0.01 	0.12 	0.0 	0.0 	0.01 	0.02 	0.0 	0.0 	0.03 	0.29 	0.15 	0.0 	0.0 	0.01 	
124 	0.24 	0.0 	0.0 	0.0 	0.0 	0.0 	0.01 	0.01 	0.0 	0.0 	0.15 	0.0 	0.08 	0.0 	0.0 	0.23 	0.0 	0.0 	0.09 	0.16 	
125 	0.01 	0.0 	0.0 	0.01 	0.04 	0.0 	0.01 	0.01 	0.0 	0.1 	0.2 	0.13 	0.0 	0.29 	0.0 	0.01 	0.01 	0.0 	0.0 	0.17 	
126 	0.01 	0.01 	0.05 	0.32 	0.07 	0.02 	0.06 	0.03 	0.0 	0.01 	0.12 	0.01 	0.0 	0.01 	0.01 	0.09 	0.13 	0.0 	0.0 	0.05 	
127 	0.09 	0.01 	0.1 	0.01 	0.0 	0.01 	0.01 	0.06 	0.07 	0.04 	0.28 	0.03 	0.06 	0.06 	0.03 	0.06 	0.01 	0.0 	0.01 	0.05 	
128 	0.02 	0.09 	0.13 	0.04 	0.01 	0.03 	0.1 	0.02 	0.01 	0.04 	0.1 	0.21 	0.01 	0.01 	0.04 	0.06 	0.02 	0.0 	0.01 	0.06 	
129 	0.01 	0.01 	0.11 	0.25 	0.0 	0.03 	0.01 	0.01 	0.02 	0.04 	0.04 	0.08 	0.04 	0.12 	0.01 	0.1 	0.08 	0.0 	0.0 	0.02 	
130 	0.01 	0.01 	0.06 	0.01 	0.0 	0.01 	0.05 	0.01 	0.0 	0.03 	0.22 	0.11 	0.0 	0.01 	0.03 	0.04 	0.37 	0.02 	0.0 	0.01 	
131 	0.05 	0.01 	0.15 	0.11 	0.0 	0.01 	0.07 	0.01 	0.0 	0.02 	0.03 	0.03 	0.0 	0.0 	0.35 	0.1 	0.01 	0.03 	0.0 	0.01 	
132 	0.01 	0.1 	0.17 	0.02 	0.0 	0.03 	0.01 	0.07 	0.06 	0.06 	0.26 	0.06 	0.0 	0.0 	0.05 	0.06 	0.01 	0.0 	0.0 	0.04 	
133 	0.01 	0.04 	0.02 	0.25 	0.0 	0.07 	0.32 	0.07 	0.0 	0.0 	0.01 	0.0 	0.0 	0.04 	0.07 	0.08 	0.0 	0.0 	0.0 	0.0 	
134 	0.0 	0.0 	0.0 	0.0 	0.0 	0.0 	0.03 	0.0 	0.0 	0.0 	0.03 	0.0 	0.0 	0.82 	0.0 	0.0 	0.06 	0.05 	0.0 	0.0 	
135 	0.06 	0.04 	0.05 	0.4 	0.0 	0.03 	0.02 	0.01 	0.03 	0.01 	0.01 	0.05 	0.0 	0.01 	0.16 	0.07 	0.03 	0.0 	0.01 	0.01 	
136 	0.01 	0.01 	0.05 	0.02 	0.03 	0.0 	0.01 	0.09 	0.07 	0.01 	0.03 	0.01 	0.0 	0.07 	0.01 	0.53 	0.06 	0.0 	0.0 	0.01 	
137 	0.01 	0.01 	0.0 	0.01 	0.0 	0.0 	0.07 	0.01 	0.0 	0.01 	0.14 	0.01 	0.0 	0.61 	0.01 	0.01 	0.01 	0.0 	0.05 	0.04 	
138 	0.08 	0.09 	0.0 	0.08 	0.0 	0.1 	0.16 	0.04 	0.04 	0.0 	0.01 	0.15 	0.0 	0.04 	0.05 	0.15 	0.0 	0.0 	0.0 	0.0 	
139 	0.09 	0.0 	0.0 	0.43 	0.0 	0.02 	0.09 	0.07 	0.02 	0.0 	0.06 	0.0 	0.0 	0.0 	0.0 	0.03 	0.04 	0.0 	0.0 	0.11 	
140 	0.07 	0.0 	0.0 	0.0 	0.0 	0.0 	0.0 	0.01 	0.0 	0.43 	0.01 	0.04 	0.0 	0.0 	0.0 	0.0 	0.0 	0.0 	0.05 	0.36 	
141 	0.07 	0.11 	0.0 	0.33 	0.0 	0.02 	0.03 	0.01 	0.13 	0.02 	0.12 	0.06 	0.02 	0.02 	0.0 	0.04 	0.0 	0.0 	0.0 	0.0 	
142 	0.05 	0.03 	0.16 	0.06 	0.0 	0.02 	0.05 	0.05 	0.02 	0.15 	0.03 	0.13 	0.0 	0.11 	0.0 	0.09 	0.0 	0.0 	0.0 	0.03 	
143 	0.01 	0.0 	0.0 	0.04 	0.0 	0.0 	0.0 	0.01 	0.0 	0.02 	0.78 	0.0 	0.0 	0.04 	0.0 	0.0 	0.0 	0.0 	0.0 	0.07 	
144 	0.0 	0.0 	0.0 	0.0 	0.0 	0.0 	0.0 	0.0 	0.01 	0.0 	0.07 	0.06 	0.0 	0.16 	0.0 	0.0 	0.07 	0.0 	0.61 	0.0 	
145 	0.0 	0.21 	0.12 	0.07 	0.0 	0.0 	0.41 	0.0 	0.0 	0.0 	0.0 	0.1 	0.0 	0.0 	0.0 	0.07 	0.0 	0.0 	0.0 	0.0 	
146 	0.03 	0.0 	0.05 	0.06 	0.0 	0.0 	0.13 	0.35 	0.0 	0.0 	0.08 	0.04 	0.0 	0.06 	0.0 	0.03 	0.0 	0.0 	0.07 	0.09 	
147 	0.06 	0.0 	0.03 	0.0 	0.0 	0.0 	0.0 	0.72 	0.0 	0.0 	0.0 	0.0 	0.0 	0.0 	0.0 	0.12 	0.0 	0.05 	0.0 	0.0 	
148 	0.01 	0.01 	0.0 	0.01 	0.0 	0.0 	0.01 	0.01 	0.0 	0.39 	0.3 	0.07 	0.0 	0.0 	0.01 	0.01 	0.01 	0.0 	0.0 	0.16 	
149 	0.08 	0.09 	0.01 	0.07 	0.0 	0.03 	0.05 	0.01 	0.0 	0.01 	0.11 	0.32 	0.0 	0.03 	0.03 	0.01 	0.07 	0.0 	0.02 	0.04 	
150 	0.01 	0.0 	0.0 	0.0 	0.0 	0.0 	0.01 	0.13 	0.0 	0.03 	0.66 	0.03 	0.06 	0.02 	0.0 	0.01 	0.0 	0.0 	0.0 	0.02 	
151 	0.02 	0.0 	0.0 	0.0 	0.0 	0.0 	0.06 	0.03 	0.0 	0.03 	0.01 	0.11 	0.0 	0.0 	0.55 	0.01 	0.07 	0.0 	0.0 	0.09 	
152 	0.06 	0.03 	0.08 	0.06 	0.0 	0.09 	0.0 	0.02 	0.0 	0.04 	0.3 	0.06 	0.08 	0.0 	0.03 	0.0 	0.11 	0.0 	0.0 	0.03 	
153 	0.14 	0.0 	0.06 	0.41 	0.0 	0.0 	0.08 	0.08 	0.0 	0.0 	0.06 	0.04 	0.0 	0.0 	0.03 	0.07 	0.0 	0.0 	0.0 	0.0 	
154 	0.04 	0.0 	0.0 	0.08 	0.0 	0.0 	0.1 	0.01 	0.0 	0.1 	0.21 	0.04 	0.0 	0.2 	0.02 	0.02 	0.06 	0.0 	0.0 	0.11 	
155 	0.08 	0.0 	0.0 	0.0 	0.0 	0.02 	0.01 	0.08 	0.02 	0.22 	0.36 	0.02 	0.05 	0.0 	0.0 	0.03 	0.01 	0.0 	0.0 	0.07 	
156 	0.07 	0.08 	0.08 	0.05 	0.0 	0.0 	0.06 	0.03 	0.02 	0.0 	0.04 	0.1 	0.05 	0.12 	0.0 	0.22 	0.04 	0.0 	0.0 	0.02 	
157 	0.01 	0.11 	0.0 	0.07 	0.0 	0.05 	0.0 	0.07 	0.02 	0.03 	0.01 	0.39 	0.0 	0.0 	0.0 	0.1 	0.12 	0.0 	0.0 	0.0 	
158 	0.08 	0.05 	0.04 	0.0 	0.0 	0.02 	0.0 	0.03 	0.0 	0.19 	0.23 	0.07 	0.0 	0.06 	0.0 	0.03 	0.0 	0.0 	0.01 	0.16 	
159 	0.03 	0.13 	0.0 	0.03 	0.0 	0.05 	0.0 	0.01 	0.0 	0.16 	0.06 	0.0 	0.07 	0.18 	0.02 	0.17 	0.0 	0.0 	0.0 	0.08 	
160 	0.03 	0.0 	0.11 	0.0 	0.0 	0.02 	0.0 	0.13 	0.12 	0.03 	0.03 	0.05 	0.0 	0.0 	0.41 	0.05 	0.0 	0.0 	0.0 	0.0 	
161 	0.01 	0.06 	0.0 	0.0 	0.0 	0.0 	0.0 	0.03 	0.0 	0.08 	0.57 	0.02 	0.06 	0.05 	0.02 	0.03 	0.0 	0.02 	0.0 	0.04 	
162 	0.01 	0.01 	0.05 	0.01 	0.0 	0.07 	0.15 	0.03 	0.0 	0.03 	0.09 	0.01 	0.0 	0.08 	0.3 	0.01 	0.01 	0.0 	0.0 	0.14 	
163 	0.02 	0.07 	0.01 	0.14 	0.0 	0.06 	0.01 	0.01 	0.0 	0.08 	0.16 	0.11 	0.05 	0.05 	0.03 	0.01 	0.07 	0.0 	0.0 	0.13 	
164 	0.01 	0.11 	0.01 	0.01 	0.03 	0.06 	0.01 	0.01 	0.0 	0.13 	0.27 	0.01 	0.04 	0.04 	0.01 	0.07 	0.03 	0.0 	0.0 	0.16 	
165 	0.01 	0.1 	0.03 	0.01 	0.0 	0.01 	0.08 	0.01 	0.0 	0.05 	0.01 	0.42 	0.0 	0.01 	0.01 	0.08 	0.03 	0.0 	0.0 	0.14 	
166 	0.01 	0.07 	0.0 	0.1 	0.0 	0.04 	0.2 	0.23 	0.04 	0.01 	0.03 	0.08 	0.0 	0.0 	0.01 	0.04 	0.07 	0.05 	0.0 	0.01 	
167 	0.11 	0.01 	0.03 	0.01 	0.05 	0.01 	0.01 	0.01 	0.03 	0.18 	0.28 	0.03 	0.02 	0.01 	0.01 	0.14 	0.04 	0.0 	0.01 	0.01 	
168 	0.03 	0.04 	0.01 	0.06 	0.0 	0.01 	0.03 	0.01 	0.02 	0.13 	0.19 	0.01 	0.0 	0.12 	0.01 	0.01 	0.01 	0.23 	0.03 	0.03 	
169 	0.01 	0.27 	0.03 	0.04 	0.0 	0.15 	0.05 	0.03 	0.0 	0.01 	0.01 	0.18 	0.0 	0.1 	0.08 	0.03 	0.03 	0.0 	0.0 	0.01 	
170 	0.09 	0.01 	0.04 	0.08 	0.0 	0.0 	0.13 	0.06 	0.0 	0.01 	0.03 	0.08 	0.0 	0.0 	0.01 	0.17 	0.19 	0.0 	0.0 	0.09 	
171 	0.05 	0.0 	0.02 	0.56 	0.0 	0.0 	0.1 	0.06 	0.0 	0.0 	0.01 	0.0 	0.0 	0.0 	0.03 	0.09 	0.04 	0.0 	0.0 	0.0 	
172 	0.02 	0.02 	0.0 	0.0 	0.0 	0.02 	0.0 	0.41 	0.0 	0.1 	0.01 	0.0 	0.08 	0.16 	0.0 	0.05 	0.08 	0.0 	0.04 	0.0 	
173 	0.0 	0.12 	0.09 	0.13 	0.0 	0.11 	0.3 	0.02 	0.0 	0.0 	0.06 	0.13 	0.0 	0.0 	0.0 	0.02 	0.0 	0.0 	0.0 	0.0 	
174 	0.02 	0.18 	0.17 	0.05 	0.0 	0.13 	0.0 	0.12 	0.04 	0.0 	0.0 	0.17 	0.0 	0.0 	0.0 	0.02 	0.02 	0.0 	0.06 	0.0 	
175 	0.03 	0.06 	0.0 	0.0 	0.0 	0.0 	0.0 	0.0 	0.0 	0.38 	0.18 	0.01 	0.04 	0.06 	0.0 	0.0 	0.01 	0.0 	0.0 	0.21 	
176 	0.0 	0.0 	0.0 	0.0 	0.0 	0.0 	0.0 	0.0 	0.0 	0.0 	0.48 	0.0 	0.0 	0.48 	0.0 	0.0 	0.0 	0.0 	0.0 	0.0 	
177 	0.0 	0.15 	0.06 	0.0 	0.0 	0.05 	0.0 	0.0 	0.0 	0.0 	0.04 	0.37 	0.0 	0.0 	0.1 	0.0 	0.0 	0.16 	0.0 	0.05 	
178 	0.04 	0.0 	0.0 	0.0 	0.12 	0.0 	0.0 	0.06 	0.04 	0.0 	0.06 	0.05 	0.0 	0.41 	0.0 	0.02 	0.0 	0.0 	0.18 	0.0 	
179 	0.0 	0.04 	0.0 	0.15 	0.0 	0.04 	0.11 	0.18 	0.07 	0.05 	0.0 	0.02 	0.0 	0.0 	0.26 	0.02 	0.07 	0.0 	0.0 	0.0 	
180 	0.02 	0.04 	0.02 	0.0 	0.0 	0.07 	0.0 	0.0 	0.02 	0.0 	0.03 	0.22 	0.03 	0.0 	0.11 	0.06 	0.34 	0.0 	0.0 	0.05 	
181 	0.0 	0.0 	0.05 	0.0 	0.0 	0.0 	0.0 	0.0 	0.0 	0.0 	0.05 	0.0 	0.0 	0.0 	0.57 	0.15 	0.18 	0.0 	0.0 	0.0 	
182 	0.13 	0.07 	0.04 	0.05 	0.0 	0.07 	0.06 	0.0 	0.11 	0.0 	0.01 	0.2 	0.0 	0.05 	0.06 	0.02 	0.05 	0.0 	0.0 	0.08 	
183 	0.05 	0.0 	0.03 	0.0 	0.0 	0.0 	0.0 	0.0 	0.0 	0.33 	0.19 	0.0 	0.06 	0.0 	0.0 	0.0 	0.05 	0.0 	0.0 	0.29 	
184 	0.34 	0.0 	0.0 	0.0 	0.0 	0.0 	0.0 	0.0 	0.03 	0.23 	0.08 	0.02 	0.02 	0.0 	0.06 	0.15 	0.02 	0.0 	0.0 	0.06 	
185 	0.0 	0.08 	0.02 	0.06 	0.0 	0.19 	0.33 	0.01 	0.02 	0.0 	0.0 	0.19 	0.0 	0.0 	0.0 	0.11 	0.0 	0.0 	0.0 	0.0 	
186 	0.0 	0.23 	0.0 	0.01 	0.0 	0.01 	0.08 	0.18 	0.02 	0.0 	0.0 	0.15 	0.02 	0.0 	0.0 	0.0 	0.0 	0.02 	0.13 	0.16 	
187 	0.06 	0.0 	0.04 	0.31 	0.0 	0.09 	0.0 	0.0 	0.0 	0.0 	0.0 	0.0 	0.08 	0.0 	0.0 	0.09 	0.01 	0.0 	0.0 	0.3 	
188 	0.06 	0.19 	0.0 	0.0 	0.0 	0.02 	0.02 	0.01 	0.03 	0.0 	0.08 	0.34 	0.02 	0.11 	0.0 	0.05 	0.05 	0.0 	0.0 	0.0 	
189 	0.04 	0.02 	0.09 	0.11 	0.0 	0.03 	0.15 	0.02 	0.0 	0.0 	0.02 	0.01 	0.0 	0.18 	0.0 	0.21 	0.08 	0.0 	0.01 	0.01 	
190 	0.35 	0.0 	0.18 	0.0 	0.03 	0.0 	0.0 	0.02 	0.18 	0.0 	0.0 	0.0 	0.0 	0.0 	0.0 	0.21 	0.0 	0.0 	0.0 	0.0 	
191 	0.0 	0.0 	0.0 	0.0 	0.0 	0.0 	0.0 	0.0 	0.0 	0.0 	0.0 	0.0 	0.0 	0.1 	0.0 	0.0 	0.0 	0.82 	0.08 	0.0 	
192 	0.02 	0.15 	0.0 	0.0 	0.04 	0.13 	0.0 	0.0 	0.03 	0.0 	0.13 	0.08 	0.12 	0.08 	0.0 	0.0 	0.21 	0.0 	0.0 	0.0 	
193 	0.0 	0.21 	0.0 	0.06 	0.0 	0.04 	0.33 	0.0 	0.0 	0.0 	0.0 	0.0 	0.0 	0.0 	0.0 	0.13 	0.23 	0.0 	0.0 	0.0 	
194 	0.0 	0.0 	0.0 	1.0 	0.0 	0.0 	0.0 	0.0 	0.0 	0.0 	0.0 	0.0 	0.0 	0.0 	0.0 	0.0 	0.0 	0.0 	0.0 	0.0 	
195 	0.13 	0.03 	0.02 	0.1 	0.0 	0.0 	0.38 	0.0 	0.02 	0.0 	0.21 	0.0 	0.0 	0.0 	0.0 	0.08 	0.02 	0.0 	0.0 	0.01 	
196 	0.04 	0.0 	0.0 	0.0 	0.0 	0.0 	0.44 	0.0 	0.0 	0.0 	0.29 	0.0 	0.04 	0.16 	0.0 	0.0 	0.0 	0.03 	0.0 	0.0 	
197 	0.0 	0.0 	0.0 	0.0 	0.0 	0.0 	0.0 	0.0 	0.0 	0.0 	0.0 	0.0 	0.0 	1.0 	0.0 	0.0 	0.0 	0.0 	0.0 	0.0 	
198 	0.5 	0.0 	0.0 	0.0 	0.02 	0.0 	0.0 	0.32 	0.0 	0.0 	0.0 	0.0 	0.0 	0.0 	0.0 	0.17 	0.0 	0.0 	0.0 	0.0 	
199 	0.0 	0.44 	0.0 	0.0 	0.0 	0.0 	0.0 	0.0 	0.0 	0.0 	0.0 	0.0 	0.18 	0.0 	0.0 	0.05 	0.0 	0.0 	0.34 	0.0 	
200 	0.0 	0.0 	0.0 	0.0 	0.0 	0.53 	0.43 	0.0 	0.0 	0.0 	0.0 	0.0 	0.0 	0.0 	0.0 	0.0 	0.0 	0.04 	0.0 	0.0 	
201 	0.08 	0.22 	0.0 	0.0 	0.0 	0.0 	0.0 	0.0 	0.0 	0.02 	0.0 	0.0 	0.15 	0.25 	0.0 	0.0 	0.15 	0.0 	0.09 	0.03 	
202 	0.0 	0.0 	0.0 	0.0 	0.0 	0.0 	0.0 	0.0 	0.0 	0.13 	0.81 	0.0 	0.0 	0.0 	0.0 	0.0 	0.0 	0.0 	0.0 	0.07 	
203 	0.48 	0.0 	0.34 	0.0 	0.0 	0.0 	0.0 	0.0 	0.0 	0.0 	0.0 	0.0 	0.0 	0.0 	0.0 	0.18 	0.0 	0.0 	0.0 	0.0 	
204 	0.01 	0.01 	0.03 	0.01 	0.0 	0.01 	0.01 	0.83 	0.0 	0.01 	0.01 	0.01 	0.0 	0.0 	0.01 	0.03 	0.01 	0.0 	0.0 	0.01 	
205 	0.14 	0.0 	0.0 	0.0 	0.04 	0.0 	0.0 	0.0 	0.0 	0.17 	0.15 	0.0 	0.03 	0.0 	0.05 	0.02 	0.08 	0.0 	0.0 	0.3 	
206 	0.0 	0.0 	1.0 	0.0 	0.0 	0.0 	0.0 	0.0 	0.0 	0.0 	0.0 	0.0 	0.0 	0.0 	0.0 	0.0 	0.0 	0.0 	0.0 	0.0 	
207 	0.0 	0.0 	0.0 	0.0 	0.0 	0.0 	0.0 	0.0 	0.0 	0.0 	0.0 	0.0 	0.0 	0.0 	1.0 	0.0 	0.0 	0.0 	0.0 	0.0 	
208 	0.0 	0.0 	0.05 	0.0 	0.05 	0.0 	0.0 	0.05 	0.01 	0.04 	0.06 	0.0 	0.17 	0.0 	0.0 	0.0 	0.0 	0.0 	0.25 	0.33 	
209 	0.03 	0.0 	0.07 	0.0 	0.02 	0.0 	0.0 	0.0 	0.02 	0.12 	0.3 	0.0 	0.09 	0.0 	0.0 	0.13 	0.0 	0.0 	0.0 	0.24 	
210 	0.0 	0.0 	0.0 	0.0 	0.0 	0.0 	0.0 	0.0 	0.0 	0.62 	0.31 	0.0 	0.0 	0.0 	0.0 	0.0 	0.0 	0.0 	0.0 	0.07 	
211 	0.01 	0.47 	0.0 	0.0 	0.01 	0.08 	0.12 	0.0 	0.04 	0.0 	0.0 	0.16 	0.0 	0.0 	0.0 	0.05 	0.05 	0.0 	0.0 	0.0 	
212 	0.0 	0.7 	0.0 	0.0 	0.06 	0.0 	0.01 	0.04 	0.01 	0.01 	0.13 	0.03 	0.0 	0.0 	0.0 	0.01 	0.0 	0.0 	0.0 	0.0 	
213 	0.0 	0.0 	0.0 	0.0 	0.17 	0.0 	0.0 	0.0 	0.0 	0.03 	0.5 	0.0 	0.0 	0.0 	0.0 	0.13 	0.0 	0.0 	0.0 	0.18 	
214 	0.0 	0.04 	0.03 	0.07 	0.0 	0.14 	0.05 	0.0 	0.18 	0.0 	0.01 	0.08 	0.03 	0.0 	0.0 	0.04 	0.27 	0.0 	0.0 	0.05 	
215 	0.12 	0.08 	0.02 	0.01 	0.02 	0.06 	0.38 	0.01 	0.02 	0.01 	0.02 	0.01 	0.0 	0.02 	0.01 	0.13 	0.02 	0.0 	0.02 	0.04 	
216 	0.01 	0.01 	0.01 	0.01 	0.0 	0.01 	0.01 	0.01 	0.0 	0.06 	0.38 	0.01 	0.0 	0.36 	0.01 	0.01 	0.01 	0.05 	0.02 	0.01 	
217 	0.0 	0.0 	0.0 	0.0 	0.0 	0.0 	0.0 	0.0 	0.0 	0.0 	0.0 	0.0 	0.0 	0.0 	0.96 	0.0 	0.0 	0.0 	0.0 	0.0 	
218 	0.15 	0.0 	0.02 	0.05 	0.0 	0.0 	0.06 	0.0 	0.03 	0.07 	0.08 	0.02 	0.0 	0.0 	0.33 	0.11 	0.08 	0.0 	0.0 	0.0 	
219 	0.03 	0.25 	0.12 	0.0 	0.0 	0.0 	0.03 	0.0 	0.0 	0.01 	0.0 	0.4 	0.02 	0.0 	0.0 	0.04 	0.0 	0.0 	0.0 	0.11 	
220 	0.0 	0.0 	0.0 	0.13 	0.0 	0.0 	0.0 	0.0 	0.0 	0.0 	0.21 	0.04 	0.0 	0.17 	0.0 	0.44 	0.0 	0.0 	0.0 	0.0 	
221 	0.03 	0.01 	0.09 	0.04 	0.01 	0.02 	0.04 	0.0 	0.0 	0.0 	0.0 	0.33 	0.0 	0.0 	0.25 	0.02 	0.03 	0.0 	0.0 	0.1 	
222 	0.0 	0.04 	0.0 	0.0 	0.0 	0.0 	0.0 	0.0 	0.0 	0.03 	0.65 	0.0 	0.0 	0.07 	0.0 	0.0 	0.0 	0.0 	0.0 	0.21 	
223 	0.02 	0.01 	0.01 	0.45 	0.0 	0.01 	0.02 	0.02 	0.01 	0.01 	0.06 	0.01 	0.01 	0.01 	0.28 	0.02 	0.01 	0.0 	0.01 	0.02 	
224 	0.02 	0.01 	0.01 	0.01 	0.0 	0.01 	0.05 	0.02 	0.01 	0.01 	0.02 	0.01 	0.01 	0.14 	0.48 	0.1 	0.04 	0.0 	0.01 	0.03 	
225 	0.22 	0.01 	0.02 	0.01 	0.0 	0.09 	0.1 	0.15 	0.01 	0.01 	0.04 	0.04 	0.01 	0.05 	0.01 	0.13 	0.06 	0.0 	0.01 	0.02 	
226 	0.08 	0.03 	0.01 	0.01 	0.0 	0.01 	0.03 	0.02 	0.01 	0.12 	0.06 	0.09 	0.12 	0.01 	0.01 	0.04 	0.05 	0.0 	0.01 	0.29 	
227 	0.02 	0.01 	0.01 	0.1 	0.0 	0.01 	0.19 	0.03 	0.02 	0.01 	0.02 	0.01 	0.01 	0.04 	0.01 	0.02 	0.01 	0.0 	0.4 	0.06 	
228 	0.04 	0.04 	0.01 	0.11 	0.0 	0.01 	0.1 	0.5 	0.0 	0.01 	0.02 	0.03 	0.0 	0.01 	0.01 	0.07 	0.01 	0.0 	0.01 	0.01 	
229 	0.05 	0.01 	0.09 	0.23 	0.0 	0.01 	0.07 	0.02 	0.0 	0.01 	0.14 	0.09 	0.0 	0.01 	0.21 	0.01 	0.01 	0.0 	0.01 	0.03 	
230 	0.1 	0.05 	0.05 	0.01 	0.0 	0.33 	0.06 	0.02 	0.09 	0.04 	0.03 	0.01 	0.0 	0.01 	0.07 	0.01 	0.04 	0.0 	0.01 	0.07 	
231 	0.1 	0.0 	0.05 	0.03 	0.0 	0.04 	0.14 	0.0 	0.04 	0.0 	0.0 	0.0 	0.0 	0.0 	0.0 	0.02 	0.4 	0.0 	0.0 	0.18 	
232 	0.0 	0.0 	0.07 	0.1 	0.01 	0.14 	0.01 	0.0 	0.0 	0.0 	0.0 	0.08 	0.0 	0.04 	0.0 	0.43 	0.06 	0.0 	0.0 	0.04 	
233 	0.15 	0.05 	0.01 	0.07 	0.0 	0.11 	0.16 	0.01 	0.0 	0.03 	0.06 	0.13 	0.01 	0.01 	0.01 	0.04 	0.11 	0.0 	0.01 	0.03 	
234 	0.01 	0.05 	0.01 	0.01 	0.0 	0.01 	0.01 	0.01 	0.07 	0.35 	0.2 	0.01 	0.2 	0.01 	0.01 	0.01 	0.01 	0.0 	0.01 	0.01 	
235 	0.02 	0.04 	0.01 	0.01 	0.0 	0.01 	0.01 	0.01 	0.0 	0.01 	0.06 	0.02 	0.0 	0.01 	0.01 	0.05 	0.47 	0.0 	0.01 	0.26 	
236 	0.35 	0.01 	0.04 	0.02 	0.0 	0.01 	0.14 	0.01 	0.0 	0.01 	0.02 	0.21 	0.05 	0.01 	0.02 	0.01 	0.04 	0.02 	0.01 	0.02 	
237 	0.14 	0.01 	0.01 	0.1 	0.04 	0.01 	0.3 	0.06 	0.01 	0.01 	0.02 	0.02 	0.01 	0.01 	0.14 	0.05 	0.03 	0.0 	0.01 	0.02 	
238 	0.08 	0.02 	0.01 	0.02 	0.01 	0.02 	0.02 	0.02 	0.27 	0.06 	0.13 	0.02 	0.01 	0.06 	0.02 	0.11 	0.03 	0.0 	0.01 	0.09 	
239 	0.02 	0.02 	0.01 	0.06 	0.01 	0.01 	0.02 	0.02 	0.01 	0.23 	0.39 	0.02 	0.01 	0.01 	0.02 	0.02 	0.02 	0.0 	0.01 	0.09 	
240 	0.02 	0.01 	0.04 	0.12 	0.01 	0.04 	0.34 	0.16 	0.08 	0.01 	0.03 	0.02 	0.01 	0.01 	0.01 	0.02 	0.02 	0.0 	0.01 	0.03 	
241 	0.04 	0.1 	0.02 	0.02 	0.01 	0.03 	0.08 	0.03 	0.03 	0.03 	0.34 	0.07 	0.03 	0.02 	0.02 	0.03 	0.03 	0.01 	0.01 	0.03 	
242 	0.03 	0.02 	0.08 	0.15 	0.01 	0.11 	0.2 	0.07 	0.01 	0.02 	0.03 	0.02 	0.02 	0.01 	0.1 	0.03 	0.05 	0.0 	0.03 	0.02 	
243 	0.02 	0.02 	0.03 	0.02 	0.01 	0.01 	0.02 	0.6 	0.01 	0.06 	0.03 	0.02 	0.05 	0.01 	0.02 	0.02 	0.02 	0.0 	0.01 	0.03 	
244 	0.01 	0.02 	0.01 	0.01 	0.01 	0.01 	0.01 	0.01 	0.0 	0.01 	0.25 	0.04 	0.15 	0.02 	0.01 	0.08 	0.28 	0.0 	0.03 	0.03 	
245 	0.01 	0.01 	0.05 	0.01 	0.1 	0.01 	0.01 	0.01 	0.0 	0.01 	0.01 	0.01 	0.0 	0.01 	0.01 	0.21 	0.54 	0.0 	0.0 	0.01 	
246 	0.03 	0.0 	0.0 	0.0 	0.0 	0.0 	0.0 	0.0 	0.0 	0.04 	0.56 	0.0 	0.02 	0.0 	0.0 	0.0 	0.0 	0.0 	0.0 	0.34 	
247 	0.03 	0.0 	0.02 	0.17 	0.0 	0.28 	0.4 	0.0 	0.0 	0.0 	0.04 	0.04 	0.0 	0.0 	0.03 	0.0 	0.0 	0.0 	0.0 	0.0 	
248 	0.22 	0.0 	0.01 	0.01 	0.0 	0.17 	0.34 	0.01 	0.0 	0.0 	0.0 	0.13 	0.0 	0.0 	0.0 	0.03 	0.07 	0.0 	0.0 	0.0 	
249 	0.48 	0.0 	0.0 	0.0 	0.0 	0.0 	0.34 	0.0 	0.0 	0.0 	0.18 	0.0 	0.0 	0.0 	0.0 	0.0 	0.0 	0.0 	0.0 	0.0 	
250 	0.04 	0.0 	0.0 	0.0 	0.0 	0.0 	0.0 	0.0 	0.15 	0.16 	0.49 	0.0 	0.04 	0.03 	0.0 	0.0 	0.0 	0.0 	0.0 	0.09 	
251 	0.11 	0.0 	0.01 	0.06 	0.04 	0.16 	0.29 	0.02 	0.01 	0.0 	0.0 	0.26 	0.0 	0.0 	0.0 	0.04 	0.0 	0.0 	0.0 	0.0 	
252 	0.14 	0.06 	0.08 	0.09 	0.0 	0.12 	0.08 	0.1 	0.0 	0.0 	0.0 	0.13 	0.0 	0.0 	0.0 	0.17 	0.04 	0.0 	0.0 	0.0 	
253 	0.01 	0.07 	0.16 	0.01 	0.0 	0.01 	0.01 	0.53 	0.0 	0.0 	0.0 	0.17 	0.0 	0.0 	0.0 	0.01 	0.0 	0.0 	0.0 	0.0 	
254 	0.0 	0.48 	0.1 	0.0 	0.02 	0.0 	0.0 	0.0 	0.06 	0.0 	0.01 	0.14 	0.0 	0.0 	0.0 	0.12 	0.07 	0.0 	0.0 	0.0 	
255 	0.0 	0.0 	0.0 	0.0 	0.0 	0.0 	0.0 	0.0 	0.0 	0.16 	0.84 	0.0 	0.0 	0.0 	0.0 	0.0 	0.0 	0.0 	0.0 	0.0 	
256 	0.0 	0.0 	0.0 	0.0 	0.0 	0.0 	0.0 	0.0 	0.0 	0.0 	0.0 	0.0 	0.0 	0.78 	0.0 	0.0 	0.0 	0.0 	0.22 	0.0 	
257 	0.0 	0.0 	0.0 	0.0 	0.0 	0.0 	0.13 	0.0 	0.0 	0.28 	0.33 	0.0 	0.12 	0.07 	0.0 	0.0 	0.01 	0.0 	0.0 	0.06 	
258 	0.33 	0.0 	0.0 	0.0 	0.0 	0.0 	0.0 	0.0 	0.0 	0.01 	0.39 	0.0 	0.0 	0.0 	0.01 	0.0 	0.0 	0.0 	0.0 	0.25 	
259 	0.0 	0.0 	0.08 	0.91 	0.0 	0.0 	0.0 	0.01 	0.0 	0.0 	0.0 	0.0 	0.0 	0.0 	0.0 	0.0 	0.0 	0.0 	0.0 	0.0 	
260 	0.0 	0.0 	0.0 	0.0 	0.0 	0.0 	0.0 	0.0 	0.38 	0.0 	0.0 	0.0 	0.0 	0.21 	0.0 	0.0 	0.0 	0.0 	0.38 	0.0 	
261 	0.07 	0.06 	0.01 	0.01 	0.0 	0.02 	0.05 	0.01 	0.47 	0.01 	0.01 	0.04 	0.0 	0.0 	0.01 	0.21 	0.01 	0.02 	0.0 	0.01 	
262 	0.03 	0.02 	0.02 	0.49 	0.01 	0.02 	0.07 	0.03 	0.01 	0.08 	0.03 	0.02 	0.01 	0.01 	0.02 	0.07 	0.02 	0.0 	0.01 	0.05 	
263 	0.09 	0.04 	0.02 	0.02 	0.01 	0.02 	0.02 	0.03 	0.04 	0.13 	0.26 	0.02 	0.03 	0.01 	0.03 	0.04 	0.04 	0.01 	0.07 	0.07 	
264 	0.03 	0.01 	0.01 	0.01 	0.0 	0.05 	0.02 	0.13 	0.01 	0.07 	0.23 	0.01 	0.01 	0.21 	0.01 	0.02 	0.01 	0.03 	0.06 	0.06 	
265 	0.05 	0.01 	0.01 	0.01 	0.0 	0.01 	0.03 	0.01 	0.0 	0.16 	0.44 	0.01 	0.16 	0.02 	0.01 	0.01 	0.01 	0.0 	0.01 	0.04 	
266 	0.07 	0.01 	0.01 	0.05 	0.0 	0.01 	0.01 	0.01 	0.0 	0.01 	0.22 	0.01 	0.0 	0.01 	0.54 	0.01 	0.01 	0.0 	0.01 	0.01 	
267 	0.03 	0.0 	0.0 	0.19 	0.0 	0.0 	0.0 	0.04 	0.0 	0.0 	0.02 	0.0 	0.0 	0.15 	0.06 	0.05 	0.02 	0.0 	0.42 	0.0 	
268 	0.0 	0.0 	0.01 	0.0 	0.0 	0.13 	0.03 	0.2 	0.03 	0.05 	0.27 	0.0 	0.0 	0.0 	0.04 	0.04 	0.0 	0.0 	0.0 	0.19 	
269 	0.06 	0.16 	0.05 	0.13 	0.0 	0.0 	0.03 	0.06 	0.09 	0.19 	0.04 	0.12 	0.0 	0.0 	0.0 	0.0 	0.02 	0.0 	0.0 	0.06 	
270 	0.08 	0.22 	0.03 	0.07 	0.02 	0.05 	0.03 	0.0 	0.02 	0.0 	0.0 	0.33 	0.0 	0.0 	0.1 	0.0 	0.04 	0.0 	0.0 	0.0 	
271 	0.11 	0.0 	0.04 	0.0 	0.0 	0.0 	0.0 	0.0 	0.03 	0.33 	0.01 	0.0 	0.0 	0.0 	0.03 	0.0 	0.1 	0.0 	0.14 	0.19 	
272 	0.0 	0.11 	0.53 	0.08 	0.0 	0.0 	0.0 	0.0 	0.03 	0.0 	0.01 	0.04 	0.0 	0.0 	0.0 	0.0 	0.11 	0.0 	0.0 	0.06 	
273 	0.18 	0.03 	0.01 	0.01 	0.03 	0.03 	0.15 	0.03 	0.0 	0.03 	0.0 	0.09 	0.02 	0.0 	0.05 	0.1 	0.07 	0.0 	0.0 	0.15 	
274 	0.04 	0.01 	0.01 	0.05 	0.0 	0.12 	0.01 	0.01 	0.0 	0.22 	0.45 	0.01 	0.0 	0.01 	0.01 	0.03 	0.01 	0.0 	0.01 	0.01 	
275 	0.07 	0.03 	0.16 	0.23 	0.0 	0.02 	0.05 	0.0 	0.0 	0.03 	0.11 	0.03 	0.0 	0.0 	0.15 	0.03 	0.1 	0.0 	0.0 	0.0 	
276 	0.02 	0.0 	0.1 	0.03 	0.09 	0.0 	0.0 	0.48 	0.03 	0.03 	0.0 	0.0 	0.0 	0.03 	0.02 	0.05 	0.1 	0.0 	0.02 	0.0 	
277 	0.06 	0.34 	0.05 	0.0 	0.01 	0.05 	0.03 	0.04 	0.0 	0.01 	0.0 	0.09 	0.0 	0.0 	0.0 	0.06 	0.25 	0.0 	0.0 	0.0 	
278 	0.0 	0.0 	0.0 	0.0 	0.0 	0.16 	0.0 	0.0 	0.02 	0.0 	0.02 	0.31 	0.01 	0.06 	0.05 	0.0 	0.15 	0.04 	0.18 	0.0 	
279 	0.23 	0.0 	0.0 	0.0 	0.04 	0.3 	0.0 	0.04 	0.0 	0.05 	0.09 	0.0 	0.04 	0.0 	0.0 	0.06 	0.14 	0.0 	0.0 	0.02 	
280 	0.2 	0.0 	0.0 	0.0 	0.0 	0.0 	0.0 	0.0 	0.08 	0.0 	0.0 	0.0 	0.0 	0.13 	0.0 	0.0 	0.02 	0.0 	0.57 	0.0 	
281 	0.75 	0.0 	0.0 	0.0 	0.0 	0.0 	0.0 	0.12 	0.02 	0.0 	0.07 	0.0 	0.0 	0.0 	0.0 	0.05 	0.0 	0.0 	0.0 	0.0 	
282 	0.1 	0.0 	0.0 	0.0 	0.19 	0.0 	0.0 	0.0 	0.0 	0.0 	0.0 	0.0 	0.0 	0.0 	0.22 	0.19 	0.25 	0.0 	0.04 	0.0 	
283 	0.16 	0.44 	0.0 	0.0 	0.0 	0.1 	0.0 	0.0 	0.0 	0.0 	0.2 	0.0 	0.02 	0.0 	0.0 	0.0 	0.07 	0.0 	0.0 	0.0 	
284 	0.18 	0.0 	0.0 	0.0 	0.08 	0.0 	0.0 	0.05 	0.0 	0.0 	0.0 	0.0 	0.0 	0.0 	0.16 	0.0 	0.41 	0.0 	0.0 	0.11 	
285 	0.0 	0.0 	0.0 	0.0 	0.0 	0.0 	0.0 	0.0 	0.0 	0.32 	0.43 	0.0 	0.16 	0.0 	0.0 	0.0 	0.0 	0.0 	0.04 	0.05 	
286 	0.04 	0.0 	0.0 	0.0 	0.05 	0.0 	0.0 	0.0 	0.0 	0.0 	0.39 	0.0 	0.02 	0.43 	0.0 	0.0 	0.05 	0.0 	0.0 	0.02 	
287 	0.0 	0.0 	0.0 	0.0 	0.0 	0.0 	0.0 	0.0 	0.03 	0.0 	0.17 	0.11 	0.02 	0.47 	0.0 	0.0 	0.0 	0.04 	0.15 	0.0 	
288 	0.0 	0.0 	0.0 	0.0 	0.0 	0.0 	0.0 	0.0 	0.0 	0.04 	0.79 	0.0 	0.02 	0.08 	0.0 	0.0 	0.0 	0.0 	0.02 	0.06 	
289 	0.02 	0.09 	0.08 	0.11 	0.0 	0.18 	0.02 	0.03 	0.08 	0.0 	0.0 	0.13 	0.0 	0.0 	0.0 	0.07 	0.12 	0.0 	0.07 	0.0 	
290 	0.04 	0.1 	0.02 	0.27 	0.02 	0.05 	0.05 	0.04 	0.0 	0.0 	0.0 	0.08 	0.0 	0.0 	0.31 	0.02 	0.0 	0.0 	0.0 	0.0 	
291 	0.03 	0.07 	0.12 	0.38 	0.0 	0.06 	0.03 	0.0 	0.0 	0.0 	0.05 	0.0 	0.0 	0.0 	0.0 	0.23 	0.02 	0.0 	0.0 	0.01 	
292 	0.04 	0.02 	0.13 	0.01 	0.0 	0.01 	0.0 	0.75 	0.03 	0.0 	0.0 	0.0 	0.0 	0.0 	0.0 	0.01 	0.0 	0.0 	0.0 	0.0 	
293 	0.07 	0.08 	0.04 	0.0 	0.0 	0.15 	0.0 	0.0 	0.03 	0.0 	0.0 	0.14 	0.0 	0.0 	0.05 	0.01 	0.39 	0.0 	0.0 	0.03 	
294 	0.0 	0.0 	0.0 	0.0 	0.0 	0.0 	0.0 	0.0 	0.0 	0.04 	0.73 	0.0 	0.06 	0.18 	0.0 	0.0 	0.0 	0.0 	0.0 	0.0 	
295 	0.03 	0.1 	0.0 	0.0 	0.0 	0.03 	0.0 	0.0 	0.0 	0.0 	0.4 	0.25 	0.11 	0.0 	0.0 	0.0 	0.02 	0.0 	0.0 	0.05 	
296 	0.0 	0.0 	0.0 	0.0 	0.0 	0.0 	0.0 	0.0 	0.0 	0.0 	0.03 	0.0 	0.0 	0.0 	0.97 	0.0 	0.0 	0.0 	0.0 	0.0 	
297 	0.0 	0.0 	0.0 	0.0 	0.0 	0.0 	0.0 	0.0 	0.0 	0.25 	0.51 	0.0 	0.12 	0.0 	0.0 	0.0 	0.0 	0.0 	0.0 	0.13 	
298 	0.9 	0.0 	0.0 	0.0 	0.0 	0.0 	0.0 	0.0 	0.0 	0.0 	0.0 	0.0 	0.0 	0.0 	0.0 	0.0 	0.0 	0.0 	0.0 	0.1 	
299 	0.0 	0.0 	0.0 	0.0 	0.0 	0.0 	0.0 	0.0 	0.0 	1.0 	0.0 	0.0 	0.0 	0.0 	0.0 	0.0 	0.0 	0.0 	0.0 	0.0 	
300 	0.0 	0.0 	0.0 	0.0 	0.0 	0.38 	0.44 	0.0 	0.0 	0.0 	0.0 	0.18 	0.0 	0.0 	0.0 	0.0 	0.0 	0.0 	0.0 	0.0 	
301 	0.0 	0.0 	0.0 	0.0 	0.0 	0.0 	0.0 	0.0 	0.0 	0.06 	0.72 	0.0 	0.0 	0.0 	0.0 	0.0 	0.18 	0.0 	0.0 	0.0 	
302 	0.0 	0.0 	0.24 	0.0 	0.01 	0.1 	0.02 	0.0 	0.02 	0.0 	0.0 	0.04 	0.0 	0.0 	0.0 	0.42 	0.12 	0.0 	0.0 	0.0 	
303 	0.02 	0.11 	0.01 	0.01 	0.02 	0.01 	0.04 	0.02 	0.01 	0.01 	0.35 	0.05 	0.05 	0.01 	0.07 	0.02 	0.03 	0.0 	0.01 	0.15 	
304 	0.03 	0.02 	0.02 	0.02 	0.01 	0.02 	0.03 	0.03 	0.01 	0.02 	0.04 	0.02 	0.01 	0.02 	0.59 	0.03 	0.03 	0.01 	0.01 	0.03 	
305 	0.06 	0.05 	0.06 	0.03 	0.01 	0.06 	0.03 	0.04 	0.23 	0.04 	0.04 	0.09 	0.02 	0.02 	0.07 	0.06 	0.03 	0.01 	0.02 	0.03 	
306 	0.06 	0.02 	0.04 	0.03 	0.01 	0.03 	0.04 	0.03 	0.05 	0.07 	0.06 	0.04 	0.01 	0.02 	0.23 	0.11 	0.08 	0.01 	0.02 	0.03 	
307 	0.08 	0.01 	0.04 	0.09 	0.05 	0.1 	0.03 	0.3 	0.01 	0.01 	0.03 	0.02 	0.02 	0.01 	0.1 	0.05 	0.02 	0.0 	0.01 	0.02 	
308 	0.11 	0.02 	0.03 	0.03 	0.01 	0.01 	0.02 	0.3 	0.02 	0.02 	0.03 	0.03 	0.01 	0.01 	0.04 	0.23 	0.03 	0.0 	0.01 	0.04 	
309 	0.02 	0.01 	0.02 	0.35 	0.0 	0.3 	0.04 	0.03 	0.01 	0.03 	0.02 	0.04 	0.01 	0.01 	0.04 	0.03 	0.01 	0.0 	0.01 	0.02 	
310 	0.02 	0.01 	0.05 	0.07 	0.0 	0.07 	0.08 	0.05 	0.01 	0.04 	0.25 	0.05 	0.01 	0.01 	0.01 	0.04 	0.19 	0.0 	0.01 	0.03 	
311 	0.01 	0.01 	0.01 	0.01 	0.02 	0.02 	0.04 	0.01 	0.04 	0.02 	0.04 	0.11 	0.0 	0.06 	0.29 	0.09 	0.17 	0.0 	0.03 	0.01 	
312 	0.1 	0.01 	0.01 	0.02 	0.03 	0.01 	0.02 	0.41 	0.02 	0.01 	0.03 	0.03 	0.01 	0.01 	0.13 	0.08 	0.04 	0.0 	0.01 	0.02 	
313 	0.15 	0.06 	0.01 	0.03 	0.0 	0.12 	0.05 	0.04 	0.0 	0.01 	0.01 	0.02 	0.0 	0.02 	0.31 	0.05 	0.08 	0.0 	0.01 	0.02 	
314 	0.04 	0.02 	0.05 	0.11 	0.0 	0.01 	0.11 	0.01 	0.05 	0.02 	0.03 	0.04 	0.0 	0.02 	0.11 	0.09 	0.01 	0.12 	0.01 	0.15 	
315 	0.01 	0.06 	0.13 	0.01 	0.05 	0.01 	0.01 	0.01 	0.0 	0.01 	0.01 	0.14 	0.0 	0.01 	0.17 	0.33 	0.01 	0.0 	0.01 	0.01 	
316 	0.01 	0.08 	0.01 	0.01 	0.0 	0.1 	0.06 	0.01 	0.02 	0.02 	0.07 	0.16 	0.05 	0.02 	0.29 	0.01 	0.06 	0.0 	0.01 	0.01 	
317 	0.03 	0.01 	0.01 	0.01 	0.0 	0.01 	0.01 	0.01 	0.0 	0.23 	0.13 	0.01 	0.0 	0.05 	0.01 	0.01 	0.03 	0.0 	0.0 	0.46 	
318 	0.0 	0.0 	0.0 	0.0 	0.0 	0.0 	0.0 	0.0 	0.01 	0.03 	0.04 	0.0 	0.0 	0.43 	0.0 	0.0 	0.0 	0.03 	0.36 	0.1 	
319 	0.0 	0.04 	0.0 	0.0 	0.0 	0.01 	0.0 	0.0 	0.0 	0.0 	0.38 	0.0 	0.0 	0.0 	0.0 	0.01 	0.53 	0.0 	0.0 	0.02 	
320 	0.0 	0.0 	0.0 	0.0 	0.0 	0.0 	0.0 	0.0 	0.03 	0.0 	0.0 	0.0 	0.0 	0.0 	0.97 	0.0 	0.0 	0.0 	0.0 	0.0 	
321 	0.24 	0.0 	0.05 	0.0 	0.02 	0.0 	0.0 	0.09 	0.03 	0.0 	0.15 	0.0 	0.04 	0.0 	0.08 	0.16 	0.13 	0.0 	0.0 	0.01 	
322 	0.03 	0.0 	0.01 	0.57 	0.01 	0.0 	0.09 	0.0 	0.02 	0.0 	0.01 	0.03 	0.0 	0.0 	0.01 	0.09 	0.04 	0.02 	0.04 	0.04 	
323 	0.02 	0.01 	0.02 	0.28 	0.04 	0.04 	0.21 	0.01 	0.0 	0.0 	0.0 	0.02 	0.0 	0.0 	0.13 	0.17 	0.02 	0.0 	0.0 	0.0 	
324 	0.17 	0.0 	0.03 	0.0 	0.0 	0.0 	0.14 	0.25 	0.0 	0.0 	0.0 	0.13 	0.0 	0.0 	0.19 	0.0 	0.06 	0.0 	0.0 	0.02 	
325 	0.01 	0.0 	0.15 	0.0 	0.0 	0.0 	0.03 	0.0 	0.0 	0.01 	0.06 	0.0 	0.1 	0.0 	0.0 	0.04 	0.24 	0.1 	0.04 	0.21 	
326 	0.08 	0.0 	0.0 	0.44 	0.0 	0.0 	0.23 	0.06 	0.03 	0.0 	0.0 	0.02 	0.01 	0.0 	0.0 	0.08 	0.02 	0.0 	0.01 	0.0 	
327 	0.09 	0.02 	0.13 	0.06 	0.02 	0.02 	0.03 	0.08 	0.03 	0.02 	0.04 	0.03 	0.01 	0.02 	0.02 	0.21 	0.04 	0.02 	0.06 	0.03 	
328 	0.04 	0.02 	0.05 	0.03 	0.01 	0.03 	0.03 	0.03 	0.01 	0.02 	0.04 	0.03 	0.01 	0.02 	0.02 	0.12 	0.09 	0.32 	0.04 	0.03 	
329 	0.03 	0.02 	0.05 	0.04 	0.01 	0.02 	0.04 	0.08 	0.01 	0.2 	0.18 	0.02 	0.05 	0.02 	0.02 	0.03 	0.05 	0.01 	0.01 	0.12 	
330 	0.0 	0.0 	0.0 	0.0 	0.0 	0.0 	0.0 	0.0 	0.0 	0.0 	0.0 	0.0 	0.0 	0.0 	0.0 	0.0 	0.0 	1.0 	0.0 	0.0 	
331 	0.0 	0.02 	0.01 	0.0 	0.0 	0.27 	0.01 	0.0 	0.0 	0.0 	0.58 	0.05 	0.04 	0.0 	0.0 	0.0 	0.0 	0.0 	0.0 	0.0 	
332 	0.0 	0.0 	0.0 	0.0 	0.0 	0.0 	0.0 	0.0 	0.0 	0.01 	0.78 	0.0 	0.09 	0.06 	0.0 	0.0 	0.0 	0.0 	0.06 	0.0 	
333 	1.0 	0.0 	0.0 	0.0 	0.0 	0.0 	0.0 	0.0 	0.0 	0.0 	0.0 	0.0 	0.0 	0.0 	0.0 	0.0 	0.0 	0.0 	0.0 	0.0 	
334 	0.0 	0.0 	0.0 	0.0 	0.0 	0.0 	0.0 	0.0 	0.0 	0.0 	0.0 	1.0 	0.0 	0.0 	0.0 	0.0 	0.0 	0.0 	0.0 	0.0 	
335 	0.36 	0.06 	0.0 	0.0 	0.07 	0.0 	0.0 	0.0 	0.0 	0.21 	0.0 	0.0 	0.04 	0.03 	0.0 	0.01 	0.19 	0.0 	0.0 	0.03 	
336 	0.04 	0.0 	0.0 	0.0 	0.0 	0.0 	0.0 	0.0 	0.19 	0.0 	0.0 	0.0 	0.14 	0.02 	0.0 	0.0 	0.06 	0.34 	0.17 	0.04 	
337 	0.04 	0.0 	0.0 	0.0 	0.0 	0.0 	0.0 	0.0 	0.0 	0.01 	0.03 	0.0 	0.0 	0.16 	0.0 	0.0 	0.0 	0.0 	0.09 	0.67 	
338 	0.07 	0.33 	0.15 	0.0 	0.05 	0.04 	0.04 	0.05 	0.0 	0.05 	0.13 	0.0 	0.0 	0.0 	0.0 	0.03 	0.0 	0.0 	0.0 	0.06 	
339 	0.06 	0.0 	0.21 	0.0 	0.0 	0.06 	0.0 	0.0 	0.0 	0.0 	0.0 	0.0 	0.04 	0.0 	0.0 	0.24 	0.02 	0.0 	0.05 	0.32 	
340 	0.21 	0.0 	0.47 	0.0 	0.0 	0.0 	0.0 	0.0 	0.1 	0.0 	0.0 	0.0 	0.0 	0.0 	0.0 	0.22 	0.0 	0.0 	0.0 	0.0 	
341 	0.0 	0.0 	0.0 	0.73 	0.0 	0.0 	0.27 	0.0 	0.0 	0.0 	0.0 	0.0 	0.0 	0.0 	0.0 	0.0 	0.0 	0.0 	0.0 	0.0 	
342 	0.14 	0.01 	0.0 	0.01 	0.0 	0.0 	0.04 	0.01 	0.0 	0.01 	0.08 	0.01 	0.02 	0.38 	0.01 	0.23 	0.03 	0.0 	0.01 	0.01 	
343 	0.01 	0.0 	0.07 	0.0 	0.1 	0.13 	0.0 	0.28 	0.04 	0.0 	0.21 	0.0 	0.0 	0.06 	0.0 	0.04 	0.0 	0.0 	0.07 	0.0 	
344 	0.01 	0.0 	0.01 	0.0 	0.0 	0.0 	0.0 	0.0 	0.02 	0.05 	0.1 	0.0 	0.0 	0.17 	0.0 	0.11 	0.0 	0.05 	0.26 	0.2 	
345 	0.0 	0.0 	0.0 	0.0 	0.0 	0.08 	0.0 	0.0 	0.87 	0.0 	0.0 	0.0 	0.0 	0.0 	0.0 	0.06 	0.0 	0.0 	0.0 	0.0 	
346 	0.0 	0.0 	0.0 	0.0 	0.0 	0.51 	0.36 	0.08 	0.0 	0.0 	0.0 	0.0 	0.0 	0.0 	0.0 	0.04 	0.0 	0.0 	0.0 	0.0 	
347 	0.1 	0.0 	0.04 	0.0 	0.0 	0.13 	0.0 	0.0 	0.0 	0.02 	0.59 	0.0 	0.04 	0.0 	0.0 	0.0 	0.04 	0.0 	0.0 	0.0 	
348 	0.0 	0.0 	0.09 	0.0 	0.0 	0.09 	0.0 	0.0 	0.03 	0.26 	0.08 	0.06 	0.13 	0.04 	0.0 	0.0 	0.0 	0.0 	0.0 	0.24 	
349 	0.07 	0.0 	0.07 	0.0 	0.0 	0.0 	0.0 	0.0 	0.01 	0.0 	0.06 	0.0 	0.0 	0.05 	0.0 	0.36 	0.18 	0.0 	0.16 	0.04 	
350 	0.0 	0.0 	0.0 	0.0 	0.0 	0.0 	0.0 	0.0 	1.0 	0.0 	0.0 	0.0 	0.0 	0.0 	0.0 	0.0 	0.0 	0.0 	0.0 	0.0 	
351 	0.0 	0.0 	0.0 	0.0 	0.0 	0.0 	0.0 	0.0 	0.0 	0.0 	0.49 	0.0 	0.0 	0.05 	0.0 	0.0 	0.0 	0.37 	0.0 	0.09 	
352 	0.22 	0.0 	0.0 	0.0 	0.0 	0.0 	0.0 	0.0 	0.0 	0.0 	0.76 	0.0 	0.01 	0.0 	0.0 	0.0 	0.0 	0.0 	0.0 	0.0 	
353 	0.0 	0.41 	0.27 	0.0 	0.04 	0.06 	0.05 	0.0 	0.05 	0.0 	0.01 	0.0 	0.0 	0.0 	0.0 	0.04 	0.0 	0.0 	0.03 	0.0 	
354 	0.03 	0.0 	0.0 	0.0 	0.06 	0.0 	0.0 	0.1 	0.0 	0.0 	0.0 	0.0 	0.0 	0.06 	0.03 	0.08 	0.64 	0.0 	0.0 	0.0 	
355 	0.0 	0.0 	0.0 	0.0 	0.0 	0.0 	0.0 	0.0 	1.0 	0.0 	0.0 	0.0 	0.0 	0.0 	0.0 	0.0 	0.0 	0.0 	0.0 	0.0 	
356 	0.41 	0.0 	0.0 	0.04 	0.06 	0.0 	0.0 	0.0 	0.0 	0.0 	0.37 	0.0 	0.0 	0.06 	0.0 	0.0 	0.06 	0.0 	0.0 	0.0 	
357 	0.06 	0.0 	0.06 	0.0 	0.1 	0.0 	0.0 	0.0 	0.0 	0.15 	0.06 	0.0 	0.07 	0.0 	0.0 	0.04 	0.04 	0.0 	0.0 	0.43 	
358 	0.27 	0.0 	0.0 	0.0 	0.04 	0.0 	0.0 	0.03 	0.0 	0.16 	0.03 	0.0 	0.11 	0.0 	0.11 	0.07 	0.08 	0.0 	0.0 	0.09 	
359 	0.0 	0.0 	0.0 	0.0 	0.0 	0.0 	1.0 	0.0 	0.0 	0.0 	0.0 	0.0 	0.0 	0.0 	0.0 	0.0 	0.0 	0.0 	0.0 	0.0 	
360 	0.13 	0.0 	0.0 	0.0 	0.0 	0.06 	0.0 	0.0 	0.0 	0.14 	0.0 	0.0 	0.0 	0.0 	0.42 	0.03 	0.0 	0.0 	0.0 	0.22 	
361 	0.0 	0.0 	0.0 	0.0 	0.0 	0.0 	0.0 	0.0 	0.0 	0.1 	0.0 	0.0 	0.0 	0.55 	0.0 	0.0 	0.0 	0.0 	0.17 	0.18 	
362 	0.16 	0.0 	0.03 	0.0 	0.09 	0.0 	0.0 	0.04 	0.16 	0.21 	0.0 	0.0 	0.0 	0.0 	0.0 	0.05 	0.03 	0.0 	0.0 	0.24 	
363 	0.0 	0.0 	0.0 	0.0 	0.0 	0.04 	0.03 	0.0 	0.0 	0.34 	0.32 	0.0 	0.13 	0.0 	0.0 	0.0 	0.0 	0.0 	0.0 	0.14 	
364 	0.96 	0.0 	0.0 	0.0 	0.0 	0.0 	0.0 	0.0 	0.0 	0.0 	0.0 	0.0 	0.0 	0.0 	0.0 	0.04 	0.0 	0.0 	0.0 	0.0 	
365 	0.31 	0.0 	0.0 	0.0 	0.0 	0.0 	0.0 	0.0 	0.0 	0.06 	0.05 	0.0 	0.04 	0.0 	0.0 	0.03 	0.52 	0.0 	0.0 	0.0 	
366 	0.0 	0.0 	0.3 	0.0 	0.0 	0.04 	0.0 	0.0 	0.09 	0.05 	0.24 	0.06 	0.13 	0.03 	0.0 	0.0 	0.0 	0.03 	0.04 	0.0 	
367 	0.0 	1.0 	0.0 	0.0 	0.0 	0.0 	0.0 	0.0 	0.0 	0.0 	0.0 	0.0 	0.0 	0.0 	0.0 	0.0 	0.0 	0.0 	0.0 	0.0 	
368 	0.0 	0.06 	0.08 	0.0 	0.1 	0.4 	0.0 	0.0 	0.11 	0.0 	0.0 	0.0 	0.0 	0.0 	0.0 	0.03 	0.22 	0.0 	0.0 	0.0 	
369 	0.0 	0.0 	0.0 	0.0 	0.0 	0.0 	0.0 	0.0 	0.0 	0.0 	0.87 	0.0 	0.13 	0.0 	0.0 	0.0 	0.0 	0.0 	0.0 	0.0 	
370 	0.13 	0.0 	0.0 	0.0 	0.0 	0.0 	0.0 	0.0 	0.0 	0.0 	0.0 	0.0 	0.0 	0.0 	0.31 	0.57 	0.0 	0.0 	0.0 	0.0 	
371 	0.21 	0.03 	0.0 	0.03 	0.01 	0.02 	0.05 	0.03 	0.03 	0.0 	0.04 	0.01 	0.05 	0.0 	0.1 	0.18 	0.01 	0.0 	0.0 	0.19 	
372 	0.04 	0.15 	0.0 	0.0 	0.14 	0.0 	0.0 	0.0 	0.0 	0.05 	0.15 	0.0 	0.18 	0.0 	0.0 	0.06 	0.09 	0.0 	0.0 	0.12 	
373 	0.0 	0.0 	0.0 	0.0 	0.0 	0.0 	0.0 	0.0 	1.0 	0.0 	0.0 	0.0 	0.0 	0.0 	0.0 	0.0 	0.0 	0.0 	0.0 	0.0 	
374 	0.0 	0.0 	0.0 	0.0 	0.0 	0.0 	0.0 	0.0 	0.0 	0.0 	0.0 	0.0 	0.0 	0.0 	1.0 	0.0 	0.0 	0.0 	0.0 	0.0 	
375 	0.0 	0.0 	0.0 	0.0 	0.0 	0.0 	0.0 	0.0 	0.0 	0.38 	0.16 	0.0 	0.01 	0.0 	0.0 	0.0 	0.0 	0.0 	0.0 	0.45 	
376 	0.0 	0.1 	0.01 	0.0 	0.0 	0.01 	0.0 	0.0 	0.13 	0.0 	0.09 	0.0 	0.03 	0.3 	0.0 	0.0 	0.0 	0.0 	0.33 	0.0 	
377 	0.15 	0.08 	0.0 	0.0 	0.0 	0.02 	0.0 	0.1 	0.0 	0.0 	0.0 	0.62 	0.0 	0.0 	0.0 	0.0 	0.0 	0.0 	0.0 	0.04 	
378 	0.0 	0.0 	0.0 	0.0 	0.0 	0.0 	0.0 	0.0 	0.0 	0.0 	0.83 	0.0 	0.0 	0.08 	0.0 	0.0 	0.0 	0.0 	0.04 	0.06 	
379 	0.0 	0.0 	0.0 	0.0 	0.0 	0.0 	0.0 	0.0 	0.0 	0.09 	0.88 	0.0 	0.03 	0.0 	0.0 	0.0 	0.0 	0.0 	0.0 	0.0 	
380 	0.07 	0.01 	0.12 	0.09 	0.01 	0.09 	0.04 	0.0 	0.15 	0.15 	0.07 	0.01 	0.0 	0.02 	0.0 	0.03 	0.02 	0.0 	0.02 	0.09 	
381 	0.04 	0.18 	0.0 	0.0 	0.0 	0.0 	0.0 	0.0 	0.0 	0.0 	0.0 	0.0 	0.0 	0.0 	0.78 	0.0 	0.0 	0.0 	0.0 	0.0 	
382 	0.0 	0.0 	0.0 	0.0 	0.0 	0.0 	0.0 	0.0 	0.82 	0.03 	0.15 	0.0 	0.0 	0.0 	0.0 	0.0 	0.0 	0.0 	0.0 	0.0 	
383 	0.0 	0.0 	0.0 	0.0 	0.0 	0.0 	0.0 	0.0 	0.0 	0.07 	0.13 	0.0 	0.26 	0.22 	0.0 	0.0 	0.13 	0.0 	0.15 	0.04 	
384 	0.0 	0.67 	0.0 	0.0 	0.0 	0.0 	0.1 	0.0 	0.0 	0.0 	0.02 	0.0 	0.0 	0.03 	0.0 	0.0 	0.0 	0.0 	0.19 	0.0 	
385 	0.0 	0.0 	0.03 	0.17 	0.0 	0.18 	0.0 	0.13 	0.0 	0.0 	0.0 	0.0 	0.0 	0.06 	0.0 	0.0 	0.0 	0.0 	0.42 	0.0 	
386 	0.18 	0.0 	0.05 	0.0 	0.0 	0.0 	0.0 	0.0 	0.0 	0.0 	0.06 	0.0 	0.0 	0.0 	0.0 	0.0 	0.68 	0.0 	0.0 	0.03 	
387 	0.0 	0.0 	0.0 	0.0 	0.0 	0.0 	0.0 	0.0 	0.0 	0.11 	0.27 	0.0 	0.39 	0.0 	0.0 	0.0 	0.0 	0.0 	0.18 	0.05 	
388 	0.25 	0.02 	0.16 	0.0 	0.0 	0.1 	0.26 	0.0 	0.05 	0.0 	0.0 	0.01 	0.0 	0.1 	0.0 	0.0 	0.04 	0.0 	0.0 	0.0 	
389 	0.0 	0.0 	0.0 	0.0 	0.0 	0.0 	0.0 	0.0 	0.0 	0.89 	0.0 	0.0 	0.0 	0.0 	0.0 	0.0 	0.0 	0.0 	0.0 	0.11 	
390 	0.0 	0.18 	0.79 	0.03 	0.0 	0.0 	0.0 	0.0 	0.0 	0.0 	0.0 	0.0 	0.0 	0.0 	0.0 	0.0 	0.0 	0.0 	0.0 	0.0 	
391 	0.33 	0.0 	0.0 	0.0 	0.0 	0.01 	0.04 	0.04 	0.0 	0.01 	0.0 	0.0 	0.0 	0.0 	0.16 	0.14 	0.21 	0.0 	0.0 	0.06 	
392 	0.0 	0.14 	0.0 	0.0 	0.0 	0.02 	0.0 	0.04 	0.0 	0.19 	0.41 	0.04 	0.01 	0.0 	0.0 	0.06 	0.03 	0.0 	0.0 	0.07 	
393 	0.72 	0.0 	0.0 	0.0 	0.0 	0.0 	0.0 	0.26 	0.0 	0.0 	0.0 	0.0 	0.0 	0.0 	0.0 	0.02 	0.0 	0.0 	0.0 	0.0 	
394 	0.04 	0.72 	0.03 	0.0 	0.0 	0.0 	0.13 	0.03 	0.0 	0.0 	0.0 	0.0 	0.0 	0.0 	0.0 	0.0 	0.0 	0.0 	0.0 	0.06 	
395 	0.13 	0.1 	0.09 	0.01 	0.0 	0.2 	0.17 	0.01 	0.01 	0.03 	0.03 	0.06 	0.0 	0.0 	0.06 	0.04 	0.06 	0.0 	0.0 	0.0 	
396 	0.07 	0.01 	0.04 	0.02 	0.0 	0.07 	0.03 	0.05 	0.0 	0.13 	0.08 	0.06 	0.02 	0.04 	0.0 	0.15 	0.12 	0.0 	0.0 	0.1 	
397 	0.0 	0.0 	0.0 	0.0 	0.0 	0.0 	0.0 	0.0 	0.0 	0.06 	0.94 	0.0 	0.0 	0.0 	0.0 	0.0 	0.0 	0.0 	0.0 	0.0 	
398 	0.0 	0.0 	0.0 	0.0 	0.0 	0.0 	0.0 	0.0 	0.0 	0.52 	0.13 	0.0 	0.0 	0.18 	0.0 	0.0 	0.01 	0.0 	0.0 	0.15 	
399 	0.03 	0.0 	0.59 	0.0 	0.05 	0.0 	0.0 	0.09 	0.0 	0.0 	0.0 	0.0 	0.0 	0.0 	0.04 	0.17 	0.0 	0.0 	0.01 	0.02 	
400 	0.27 	0.0 	0.0 	0.12 	0.0 	0.0 	0.14 	0.07 	0.0 	0.0 	0.0 	0.07 	0.0 	0.0 	0.2 	0.14 	0.0 	0.0 	0.0 	0.0 	
401 	0.05 	0.02 	0.05 	0.18 	0.02 	0.0 	0.02 	0.5 	0.0 	0.0 	0.01 	0.0 	0.01 	0.01 	0.0 	0.01 	0.06 	0.03 	0.02 	0.0 	
402 	0.0 	0.0 	0.0 	0.0 	0.0 	0.02 	0.0 	0.95 	0.0 	0.0 	0.0 	0.03 	0.0 	0.0 	0.0 	0.0 	0.0 	0.0 	0.0 	0.0 	
403 	0.0 	0.0 	0.0 	0.0 	0.0 	0.0 	0.0 	0.0 	0.0 	0.36 	0.24 	0.0 	0.0 	0.21 	0.0 	0.0 	0.0 	0.0 	0.0 	0.18 	
404 	0.0 	0.0 	0.0 	0.0 	0.0 	0.0 	0.0 	0.0 	0.0 	0.41 	0.03 	0.0 	0.0 	0.3 	0.0 	0.05 	0.0 	0.06 	0.04 	0.11 	
405 	0.05 	0.0 	0.0 	0.47 	0.0 	0.0 	0.41 	0.0 	0.0 	0.0 	0.0 	0.0 	0.0 	0.0 	0.06 	0.0 	0.0 	0.0 	0.0 	0.0 	
406 	0.09 	0.08 	0.0 	0.0 	0.0 	0.28 	0.02 	0.02 	0.0 	0.01 	0.04 	0.21 	0.04 	0.0 	0.0 	0.15 	0.04 	0.0 	0.0 	0.04 	
407 	0.1 	0.0 	0.11 	0.0 	0.07 	0.0 	0.0 	0.04 	0.0 	0.03 	0.0 	0.0 	0.04 	0.0 	0.0 	0.27 	0.26 	0.0 	0.0 	0.09 	
408 	0.0 	0.0 	0.04 	0.0 	0.0 	0.0 	0.0 	0.05 	0.0 	0.0 	0.07 	0.0 	0.16 	0.44 	0.0 	0.07 	0.0 	0.0 	0.0 	0.18 	
409 	0.13 	0.0 	0.0 	0.0 	0.0 	0.0 	0.0 	0.0 	0.0 	0.06 	0.33 	0.0 	0.0 	0.12 	0.0 	0.22 	0.08 	0.01 	0.0 	0.04 	
410 	0.03 	0.0 	0.0 	0.0 	0.0 	0.0 	0.0 	0.12 	0.0 	0.0 	0.05 	0.0 	0.0 	0.05 	0.47 	0.0 	0.23 	0.04 	0.0 	0.0 	
411 	0.08 	0.06 	0.04 	0.0 	0.0 	0.11 	0.0 	0.5 	0.0 	0.07 	0.0 	0.0 	0.0 	0.0 	0.0 	0.12 	0.02 	0.0 	0.0 	0.0 	
412 	0.01 	0.09 	0.07 	0.03 	0.0 	0.07 	0.1 	0.29 	0.0 	0.0 	0.0 	0.22 	0.0 	0.0 	0.01 	0.03 	0.03 	0.04 	0.0 	0.0 	
413 	0.1 	0.0 	0.0 	0.04 	0.0 	0.0 	0.0 	0.34 	0.03 	0.0 	0.0 	0.0 	0.03 	0.04 	0.0 	0.06 	0.0 	0.0 	0.31 	0.05 	
414 	0.28 	0.0 	0.0 	0.0 	0.02 	0.0 	0.0 	0.21 	0.06 	0.06 	0.04 	0.0 	0.0 	0.1 	0.0 	0.16 	0.04 	0.0 	0.0 	0.03 	
415 	0.05 	0.03 	0.0 	0.0 	0.0 	0.04 	0.0 	0.01 	0.0 	0.11 	0.11 	0.04 	0.19 	0.0 	0.0 	0.05 	0.0 	0.0 	0.03 	0.35 	
416 	0.06 	0.0 	0.0 	0.19 	0.0 	0.14 	0.37 	0.03 	0.0 	0.0 	0.0 	0.13 	0.0 	0.0 	0.0 	0.0 	0.03 	0.01 	0.04 	0.0 	
417 	0.0 	0.0 	0.0 	0.0 	0.0 	0.0 	0.0 	0.0 	0.0 	0.09 	0.3 	0.0 	0.25 	0.17 	0.0 	0.0 	0.04 	0.0 	0.04 	0.11 	
418 	0.13 	0.0 	0.0 	0.0 	0.0 	0.0 	0.0 	0.0 	0.0 	0.05 	0.16 	0.0 	0.18 	0.0 	0.03 	0.38 	0.0 	0.0 	0.0 	0.07 	
419 	0.14 	0.03 	0.0 	0.0 	0.0 	0.11 	0.03 	0.1 	0.0 	0.0 	0.0 	0.13 	0.0 	0.0 	0.0 	0.32 	0.11 	0.0 	0.0 	0.05 	
420 	0.16 	0.22 	0.06 	0.14 	0.0 	0.05 	0.0 	0.04 	0.0 	0.01 	0.0 	0.04 	0.01 	0.02 	0.0 	0.09 	0.04 	0.0 	0.0 	0.12 	
421 	0.39 	0.0 	0.09 	0.0 	0.03 	0.0 	0.06 	0.08 	0.0 	0.07 	0.0 	0.0 	0.0 	0.06 	0.0 	0.03 	0.0 	0.0 	0.01 	0.18 	
422 	0.03 	0.04 	0.0 	0.0 	0.0 	0.0 	0.0 	0.06 	0.0 	0.0 	0.15 	0.0 	0.07 	0.03 	0.0 	0.0 	0.03 	0.0 	0.57 	0.04 	
423 	0.22 	0.03 	0.0 	0.0 	0.0 	0.03 	0.03 	0.03 	0.0 	0.0 	0.04 	0.37 	0.0 	0.0 	0.08 	0.12 	0.0 	0.04 	0.0 	0.0 	
424 	0.02 	0.0 	0.14 	0.12 	0.03 	0.12 	0.15 	0.06 	0.07 	0.0 	0.05 	0.06 	0.0 	0.06 	0.0 	0.04 	0.08 	0.0 	0.01 	0.0 	
425 	0.0 	0.0 	0.0 	0.0 	0.0 	0.0 	0.0 	0.09 	0.04 	0.0 	0.33 	0.0 	0.0 	0.08 	0.0 	0.0 	0.0 	0.38 	0.0 	0.08 	
426 	0.09 	0.2 	0.08 	0.04 	0.0 	0.02 	0.0 	0.06 	0.0 	0.0 	0.0 	0.02 	0.0 	0.0 	0.0 	0.1 	0.27 	0.0 	0.0 	0.13 	
427 	0.0 	0.0 	0.0 	0.0 	0.0 	0.0 	0.0 	0.0 	0.0 	0.0 	0.05 	0.0 	0.0 	0.52 	0.0 	0.0 	0.0 	0.03 	0.37 	0.03 	
428 	0.03 	0.13 	0.02 	0.18 	0.03 	0.09 	0.0 	0.0 	0.01 	0.0 	0.01 	0.08 	0.0 	0.0 	0.05 	0.13 	0.18 	0.0 	0.04 	0.0 	
429 	0.15 	0.04 	0.01 	0.17 	0.0 	0.04 	0.09 	0.0 	0.01 	0.0 	0.05 	0.0 	0.13 	0.0 	0.0 	0.24 	0.03 	0.0 	0.0 	0.03 	
430 	0.0 	0.0 	0.05 	0.0 	0.0 	0.2 	0.18 	0.12 	0.0 	0.0 	0.18 	0.0 	0.0 	0.12 	0.0 	0.0 	0.04 	0.06 	0.03 	0.0 	
431 	0.25 	0.0 	0.1 	0.0 	0.29 	0.0 	0.0 	0.13 	0.03 	0.0 	0.0 	0.0 	0.04 	0.0 	0.0 	0.0 	0.0 	0.0 	0.16 	0.0 	
432 	0.0 	0.0 	0.0 	0.0 	0.0 	0.0 	0.0 	0.0 	0.0 	0.03 	0.62 	0.0 	0.0 	0.13 	0.19 	0.0 	0.0 	0.0 	0.0 	0.03 	
433 	0.0 	0.0 	0.0 	0.03 	0.0 	0.0 	0.11 	0.0 	0.0 	0.06 	0.0 	0.0 	0.0 	0.0 	0.76 	0.0 	0.0 	0.0 	0.04 	0.0 	
434 	0.31 	0.0 	0.14 	0.2 	0.0 	0.05 	0.19 	0.0 	0.0 	0.0 	0.0 	0.04 	0.0 	0.0 	0.0 	0.01 	0.03 	0.0 	0.0 	0.01 	
435 	0.07 	0.0 	0.07 	0.77 	0.0 	0.0 	0.01 	0.0 	0.0 	0.0 	0.0 	0.0 	0.0 	0.0 	0.0 	0.08 	0.0 	0.0 	0.0 	0.0 	
436 	0.0 	0.0 	0.0 	0.0 	0.0 	0.0 	0.0 	0.0 	0.0 	0.1 	0.82 	0.0 	0.0 	0.05 	0.0 	0.0 	0.0 	0.0 	0.0 	0.03 	
437 	0.13 	0.23 	0.0 	0.0 	0.0 	0.0 	0.0 	0.0 	0.0 	0.26 	0.03 	0.12 	0.0 	0.04 	0.06 	0.0 	0.0 	0.0 	0.0 	0.14 	
438 	0.21 	0.19 	0.02 	0.14 	0.0 	0.0 	0.07 	0.0 	0.0 	0.0 	0.0 	0.27 	0.0 	0.0 	0.0 	0.08 	0.03 	0.0 	0.0 	0.0 	
439 	0.0 	0.94 	0.0 	0.0 	0.0 	0.0 	0.0 	0.0 	0.0 	0.0 	0.01 	0.0 	0.0 	0.0 	0.0 	0.0 	0.0 	0.0 	0.0 	0.0 	
440 	0.0 	0.0 	0.05 	0.02 	0.0 	0.0 	0.0 	0.88 	0.0 	0.0 	0.01 	0.0 	0.0 	0.0 	0.0 	0.0 	0.0 	0.0 	0.0 	0.0 	
441 	0.0 	0.0 	0.0 	0.0 	0.0 	0.0 	0.0 	0.0 	0.0 	0.01 	0.36 	0.0 	0.23 	0.0 	0.0 	0.0 	0.0 	0.0 	0.0 	0.35 	
442 	0.46 	0.01 	0.01 	0.03 	0.01 	0.06 	0.07 	0.04 	0.01 	0.01 	0.03 	0.02 	0.01 	0.01 	0.01 	0.02 	0.02 	0.0 	0.01 	0.16 	
443 	0.02 	0.02 	0.01 	0.19 	0.01 	0.01 	0.07 	0.08 	0.01 	0.09 	0.03 	0.02 	0.01 	0.01 	0.02 	0.08 	0.04 	0.0 	0.01 	0.29 	
444 	0.06 	0.06 	0.01 	0.11 	0.05 	0.01 	0.26 	0.02 	0.03 	0.02 	0.03 	0.11 	0.01 	0.01 	0.08 	0.02 	0.04 	0.0 	0.04 	0.02 	
445 	0.03 	0.03 	0.03 	0.49 	0.01 	0.01 	0.06 	0.09 	0.01 	0.02 	0.03 	0.02 	0.01 	0.01 	0.02 	0.02 	0.09 	0.0 	0.01 	0.02 	
446 	0.06 	0.02 	0.01 	0.07 	0.01 	0.01 	0.05 	0.02 	0.01 	0.02 	0.04 	0.03 	0.01 	0.04 	0.37 	0.1 	0.02 	0.0 	0.08 	0.02 	
447 	0.04 	0.02 	0.06 	0.08 	0.01 	0.02 	0.06 	0.16 	0.01 	0.02 	0.04 	0.02 	0.01 	0.02 	0.02 	0.26 	0.12 	0.01 	0.01 	0.03 	
448 	0.14 	0.02 	0.02 	0.02 	0.02 	0.07 	0.04 	0.1 	0.01 	0.02 	0.09 	0.07 	0.01 	0.02 	0.12 	0.16 	0.04 	0.01 	0.01 	0.03 	
449 	0.04 	0.02 	0.02 	0.04 	0.01 	0.02 	0.14 	0.04 	0.01 	0.02 	0.04 	0.03 	0.01 	0.02 	0.43 	0.03 	0.03 	0.01 	0.02 	0.03 	
450 	0.05 	0.03 	0.04 	0.03 	0.03 	0.03 	0.04 	0.04 	0.3 	0.03 	0.05 	0.03 	0.01 	0.02 	0.03 	0.05 	0.04 	0.01 	0.08 	0.04 	
451 	0.05 	0.03 	0.04 	0.03 	0.01 	0.03 	0.04 	0.34 	0.01 	0.03 	0.06 	0.09 	0.01 	0.02 	0.03 	0.05 	0.04 	0.01 	0.02 	0.04 	
452 	0.05 	0.03 	0.03 	0.03 	0.01 	0.03 	0.04 	0.05 	0.01 	0.07 	0.23 	0.04 	0.01 	0.02 	0.03 	0.04 	0.04 	0.01 	0.02 	0.21 	
453 	0.05 	0.26 	0.03 	0.03 	0.01 	0.03 	0.08 	0.05 	0.01 	0.03 	0.06 	0.15 	0.01 	0.02 	0.03 	0.04 	0.04 	0.01 	0.02 	0.04 	
454 	0.03 	0.02 	0.02 	0.02 	0.01 	0.02 	0.03 	0.03 	0.01 	0.02 	0.61 	0.02 	0.01 	0.02 	0.02 	0.03 	0.02 	0.01 	0.01 	0.03 	
455 	0.18 	0.07 	0.01 	0.11 	0.01 	0.01 	0.02 	0.1 	0.01 	0.02 	0.23 	0.02 	0.01 	0.01 	0.02 	0.02 	0.07 	0.0 	0.01 	0.09 	
456 	0.0 	0.0 	0.0 	0.0 	0.0 	0.0 	0.0 	0.0 	0.0 	0.52 	0.28 	0.0 	0.01 	0.0 	0.0 	0.0 	0.0 	0.0 	0.0 	0.14 	
457 	0.0 	0.0 	0.0 	0.03 	0.0 	0.01 	0.3 	0.0 	0.0 	0.0 	0.02 	0.11 	0.0 	0.0 	0.44 	0.02 	0.04 	0.0 	0.0 	0.0 	
458 	0.0 	0.0 	0.04 	0.42 	0.0 	0.0 	0.0 	0.21 	0.09 	0.0 	0.0 	0.0 	0.0 	0.02 	0.0 	0.14 	0.02 	0.0 	0.02 	0.0 	
459 	0.03 	0.0 	0.0 	0.06 	0.02 	0.0 	0.0 	0.0 	0.0 	0.0 	0.03 	0.0 	0.0 	0.19 	0.0 	0.08 	0.0 	0.0 	0.6 	0.0 	
460 	0.0 	0.0 	0.0 	0.0 	0.0 	0.0 	0.0 	0.0 	0.04 	0.0 	0.12 	0.0 	0.0 	0.11 	0.6 	0.0 	0.0 	0.0 	0.13 	0.0 	
461 	0.0 	0.0 	0.0 	0.0 	0.0 	0.0 	0.0 	0.0 	0.0 	0.0 	0.0 	0.0 	0.0 	0.35 	0.0 	0.0 	0.0 	0.0 	0.65 	0.0 	
462 	0.51 	0.25 	0.0 	0.0 	0.0 	0.0 	0.0 	0.0 	0.03 	0.0 	0.0 	0.0 	0.0 	0.0 	0.0 	0.0 	0.06 	0.0 	0.16 	0.0 	
463 	0.08 	0.01 	0.13 	0.26 	0.0 	0.08 	0.18 	0.0 	0.01 	0.0 	0.0 	0.02 	0.0 	0.0 	0.06 	0.04 	0.01 	0.0 	0.0 	0.12 	
464 	0.06 	0.0 	0.0 	0.9 	0.0 	0.0 	0.0 	0.0 	0.0 	0.0 	0.0 	0.0 	0.0 	0.0 	0.0 	0.0 	0.04 	0.0 	0.0 	0.0 	
465 	0.25 	0.0 	0.0 	0.0 	0.0 	0.0 	0.0 	0.66 	0.0 	0.0 	0.0 	0.0 	0.0 	0.0 	0.0 	0.05 	0.0 	0.0 	0.0 	0.04 	
466 	0.07 	0.0 	0.0 	0.0 	0.0 	0.03 	0.0 	0.0 	0.05 	0.0 	0.71 	0.0 	0.05 	0.0 	0.0 	0.03 	0.06 	0.0 	0.0 	0.0 	
467 	0.17 	0.21 	0.0 	0.0 	0.0 	0.08 	0.16 	0.0 	0.0 	0.01 	0.21 	0.07 	0.02 	0.0 	0.04 	0.0 	0.0 	0.0 	0.0 	0.02 	
468 	0.0 	0.0 	0.0 	0.0 	0.0 	0.0 	0.0 	0.0 	0.0 	0.4 	0.3 	0.0 	0.04 	0.0 	0.0 	0.0 	0.0 	0.0 	0.06 	0.2 	
469 	0.0 	0.0 	0.0 	0.0 	0.0 	0.0 	0.0 	0.0 	0.0 	0.08 	0.03 	0.0 	0.0 	0.0 	0.0 	0.0 	0.0 	0.82 	0.0 	0.07 	
470 	0.1 	0.0 	0.08 	0.13 	0.0 	0.03 	0.33 	0.11 	0.03 	0.0 	0.0 	0.04 	0.0 	0.0 	0.0 	0.09 	0.01 	0.01 	0.05 	0.0 	
471 	0.71 	0.0 	0.0 	0.0 	0.0 	0.0 	0.0 	0.0 	0.0 	0.1 	0.06 	0.0 	0.0 	0.0 	0.0 	0.02 	0.01 	0.0 	0.0 	0.1 	
472 	0.0 	0.0 	0.0 	0.0 	0.0 	0.0 	0.0 	0.0 	0.0 	0.81 	0.1 	0.0 	0.05 	0.0 	0.0 	0.0 	0.02 	0.0 	0.0 	0.02 	
473 	0.03 	0.23 	0.08 	0.0 	0.0 	0.06 	0.26 	0.0 	0.0 	0.0 	0.0 	0.26 	0.0 	0.0 	0.0 	0.08 	0.0 	0.0 	0.01 	0.0 	
474 	0.0 	0.29 	0.08 	0.01 	0.0 	0.14 	0.05 	0.03 	0.0 	0.0 	0.0 	0.02 	0.0 	0.0 	0.0 	0.16 	0.22 	0.0 	0.0 	0.0 	
475 	0.0 	0.0 	0.0 	0.0 	0.0 	0.0 	0.0 	0.0 	0.0 	0.0 	0.01 	0.0 	0.0 	0.34 	0.0 	0.0 	0.0 	0.39 	0.25 	0.0 	
476 	0.1 	0.0 	0.0 	0.0 	0.01 	0.0 	0.0 	0.0 	0.0 	0.08 	0.0 	0.0 	0.06 	0.0 	0.0 	0.0 	0.08 	0.0 	0.0 	0.67 	
477 	0.05 	0.12 	0.02 	0.0 	0.0 	0.17 	0.18 	0.09 	0.02 	0.0 	0.01 	0.02 	0.02 	0.0 	0.0 	0.13 	0.15 	0.0 	0.0 	0.03 	
478 	0.14 	0.03 	0.01 	0.13 	0.0 	0.06 	0.37 	0.1 	0.0 	0.0 	0.0 	0.0 	0.0 	0.0 	0.0 	0.09 	0.07 	0.0 	0.0 	0.0 	
479 	0.0 	0.0 	0.0 	0.0 	0.0 	0.0 	0.0 	0.06 	0.0 	0.24 	0.0 	0.0 	0.06 	0.18 	0.0 	0.0 	0.0 	0.0 	0.42 	0.04 	
480 	0.0 	0.0 	0.0 	0.0 	0.05 	0.0 	0.0 	0.0 	0.0 	0.12 	0.1 	0.0 	0.01 	0.02 	0.0 	0.0 	0.0 	0.0 	0.0 	0.69 	
481 	0.17 	0.0 	0.07 	0.18 	0.0 	0.03 	0.09 	0.05 	0.03 	0.0 	0.06 	0.07 	0.0 	0.02 	0.02 	0.16 	0.06 	0.0 	0.0 	0.0 	
482 	0.05 	0.04 	0.0 	0.0 	0.0 	0.06 	0.0 	0.0 	0.1 	0.17 	0.22 	0.0 	0.0 	0.08 	0.0 	0.08 	0.06 	0.0 	0.09 	0.04 	
483 	0.0 	0.0 	0.0 	0.0 	0.0 	0.0 	0.0 	0.0 	0.04 	0.03 	0.0 	0.0 	0.0 	0.13 	0.06 	0.0 	0.06 	0.0 	0.66 	0.03 	
484 	0.0 	0.0 	0.0 	0.0 	0.0 	0.0 	0.0 	0.0 	0.03 	0.0 	0.0 	0.0 	0.0 	0.06 	0.0 	0.0 	0.0 	0.0 	0.91 	0.0 	
485 	0.08 	0.01 	0.01 	0.0 	0.0 	0.03 	0.16 	0.06 	0.0 	0.0 	0.0 	0.23 	0.0 	0.0 	0.39 	0.01 	0.02 	0.0 	0.0 	0.0 	
486 	0.0 	0.04 	0.18 	0.24 	0.02 	0.02 	0.0 	0.02 	0.0 	0.01 	0.0 	0.0 	0.0 	0.0 	0.0 	0.36 	0.1 	0.0 	0.0 	0.0 	
487 	0.07 	0.0 	0.01 	0.72 	0.0 	0.0 	0.09 	0.0 	0.0 	0.0 	0.0 	0.04 	0.0 	0.0 	0.01 	0.05 	0.01 	0.0 	0.0 	0.0 	
488 	0.16 	0.01 	0.1 	0.12 	0.0 	0.05 	0.18 	0.17 	0.0 	0.0 	0.0 	0.09 	0.0 	0.0 	0.0 	0.0 	0.07 	0.0 	0.0 	0.03 	
489 	0.25 	0.0 	0.0 	0.17 	0.01 	0.02 	0.03 	0.0 	0.0 	0.03 	0.11 	0.01 	0.03 	0.0 	0.0 	0.14 	0.05 	0.0 	0.0 	0.15 	
490 	0.0 	0.0 	0.0 	0.0 	0.0 	0.0 	0.0 	0.0 	0.0 	0.18 	0.2 	0.0 	0.04 	0.0 	0.0 	0.0 	0.0 	0.0 	0.0 	0.58 	
491 	0.16 	0.1 	0.0 	0.04 	0.02 	0.27 	0.13 	0.0 	0.0 	0.0 	0.04 	0.15 	0.0 	0.0 	0.0 	0.0 	0.06 	0.0 	0.0 	0.02 	
492 	0.05 	0.09 	0.04 	0.13 	0.01 	0.08 	0.11 	0.17 	0.0 	0.0 	0.0 	0.11 	0.0 	0.0 	0.01 	0.06 	0.04 	0.0 	0.0 	0.1 	
493 	0.0 	0.0 	0.0 	1.0 	0.0 	0.0 	0.0 	0.0 	0.0 	0.0 	0.0 	0.0 	0.0 	0.0 	0.0 	0.0 	0.0 	0.0 	0.0 	0.0 	
494 	0.07 	0.04 	0.09 	0.0 	0.01 	0.05 	0.1 	0.0 	0.0 	0.02 	0.06 	0.02 	0.0 	0.03 	0.16 	0.12 	0.08 	0.03 	0.06 	0.05 	
495 	0.0 	0.0 	0.0 	0.0 	0.0 	0.0 	1.0 	0.0 	0.0 	0.0 	0.0 	0.0 	0.0 	0.0 	0.0 	0.0 	0.0 	0.0 	0.0 	0.0 	
496 	0.0 	0.0 	0.0 	0.0 	0.0 	0.0 	0.0 	0.0 	0.0 	0.04 	0.94 	0.0 	0.0 	0.0 	0.0 	0.0 	0.0 	0.0 	0.0 	0.01 	
497 	0.04 	0.02 	0.0 	0.0 	0.0 	0.89 	0.0 	0.0 	0.0 	0.0 	0.0 	0.0 	0.0 	0.06 	0.0 	0.0 	0.0 	0.0 	0.0 	0.0 	
498 	0.61 	0.0 	0.03 	0.12 	0.03 	0.01 	0.0 	0.03 	0.03 	0.0 	0.0 	0.0 	0.0 	0.0 	0.0 	0.11 	0.01 	0.0 	0.0 	0.03 	
499 	0.0 	0.0 	0.0 	0.0 	0.01 	0.0 	0.06 	0.0 	0.0 	0.0 	0.0 	0.0 	0.0 	0.07 	0.0 	0.0 	0.0 	0.86 	0.0 	0.0 	
500 	0.0 	0.0 	0.0 	0.0 	0.13 	0.0 	0.0 	0.0 	0.0 	0.15 	0.06 	0.0 	0.0 	0.0 	0.0 	0.0 	0.01 	0.31 	0.07 	0.26 	
501 	0.19 	0.14 	0.02 	0.01 	0.0 	0.07 	0.02 	0.1 	0.01 	0.04 	0.0 	0.26 	0.0 	0.0 	0.0 	0.04 	0.07 	0.0 	0.03 	0.0 	
502 	0.0 	0.0 	0.0 	0.08 	0.0 	0.0 	0.92 	0.0 	0.0 	0.0 	0.0 	0.0 	0.0 	0.0 	0.0 	0.0 	0.0 	0.0 	0.0 	0.0 	
503 	0.24 	0.0 	0.0 	0.0 	0.0 	0.0 	0.0 	0.0 	0.0 	0.27 	0.09 	0.0 	0.0 	0.01 	0.0 	0.05 	0.03 	0.0 	0.0 	0.27 	
504 	0.02 	0.2 	0.01 	0.01 	0.0 	0.01 	0.01 	0.01 	0.03 	0.1 	0.02 	0.04 	0.0 	0.15 	0.01 	0.01 	0.18 	0.0 	0.04 	0.12 	
505 	0.06 	0.01 	0.09 	0.01 	0.0 	0.03 	0.36 	0.05 	0.02 	0.01 	0.02 	0.09 	0.0 	0.01 	0.01 	0.06 	0.1 	0.0 	0.01 	0.05 	
506 	0.05 	0.0 	0.17 	0.0 	0.0 	0.04 	0.12 	0.0 	0.0 	0.1 	0.01 	0.16 	0.0 	0.0 	0.0 	0.05 	0.0 	0.0 	0.04 	0.23 	
507 	0.05 	0.01 	0.0 	0.01 	0.05 	0.0 	0.01 	0.81 	0.0 	0.01 	0.01 	0.01 	0.0 	0.0 	0.01 	0.01 	0.01 	0.0 	0.0 	0.01 	
508 	0.04 	0.01 	0.04 	0.01 	0.0 	0.01 	0.01 	0.01 	0.39 	0.01 	0.19 	0.01 	0.04 	0.1 	0.12 	0.01 	0.01 	0.0 	0.0 	0.01 	
509 	0.27 	0.1 	0.0 	0.0 	0.03 	0.05 	0.0 	0.27 	0.0 	0.0 	0.2 	0.0 	0.0 	0.0 	0.04 	0.0 	0.0 	0.0 	0.01 	0.01 	
510 	0.0 	0.0 	0.02 	0.38 	0.0 	0.07 	0.05 	0.29 	0.02 	0.0 	0.0 	0.07 	0.0 	0.0 	0.0 	0.08 	0.0 	0.0 	0.0 	0.0 	
511 	0.13 	0.13 	0.0 	0.0 	0.0 	0.04 	0.0 	0.0 	0.04 	0.01 	0.23 	0.22 	0.0 	0.0 	0.0 	0.0 	0.0 	0.0 	0.0 	0.18 	
512 	0.0 	0.15 	0.0 	0.0 	0.0 	0.18 	0.17 	0.0 	0.0 	0.09 	0.0 	0.34 	0.0 	0.0 	0.0 	0.0 	0.0 	0.0 	0.06 	0.0 	
513 	0.02 	0.0 	0.06 	0.55 	0.0 	0.0 	0.01 	0.02 	0.04 	0.0 	0.0 	0.01 	0.0 	0.0 	0.0 	0.24 	0.0 	0.0 	0.0 	0.04 	
514 	0.15 	0.11 	0.0 	0.0 	0.0 	0.03 	0.17 	0.06 	0.03 	0.0 	0.0 	0.08 	0.0 	0.18 	0.0 	0.18 	0.0 	0.0 	0.0 	0.0 	
515 	0.02 	0.0 	0.0 	0.11 	0.0 	0.0 	0.05 	0.37 	0.0 	0.0 	0.0 	0.0 	0.0 	0.0 	0.37 	0.01 	0.02 	0.0 	0.0 	0.04 	
516 	0.03 	0.0 	0.0 	0.0 	0.0 	0.06 	0.0 	0.0 	0.0 	0.02 	0.0 	0.0 	0.03 	0.29 	0.1 	0.03 	0.03 	0.38 	0.0 	0.03 	
517 	0.12 	0.04 	0.0 	0.0 	0.0 	0.0 	0.0 	0.03 	0.0 	0.0 	0.0 	0.0 	0.0 	0.0 	0.4 	0.0 	0.03 	0.38 	0.0 	0.0 	
518 	0.03 	0.02 	0.0 	0.0 	0.0 	0.01 	0.0 	0.0 	0.0 	0.0 	0.03 	0.04 	0.0 	0.01 	0.65 	0.09 	0.07 	0.0 	0.0 	0.07 	
519 	0.02 	0.07 	0.01 	0.01 	0.05 	0.02 	0.08 	0.02 	0.0 	0.01 	0.05 	0.28 	0.0 	0.01 	0.02 	0.23 	0.05 	0.0 	0.01 	0.04 	
520 	0.0 	0.0 	0.0 	0.0 	0.02 	0.0 	0.0 	0.0 	0.0 	0.06 	0.6 	0.0 	0.19 	0.06 	0.0 	0.0 	0.0 	0.0 	0.06 	0.02 	
521 	0.02 	0.15 	0.05 	0.21 	0.04 	0.26 	0.08 	0.0 	0.0 	0.0 	0.0 	0.11 	0.0 	0.0 	0.0 	0.04 	0.04 	0.0 	0.0 	0.0 	
522 	0.01 	0.06 	0.01 	0.0 	0.01 	0.0 	0.04 	0.05 	0.0 	0.0 	0.0 	0.03 	0.0 	0.0 	0.0 	0.32 	0.47 	0.0 	0.0 	0.0 	
523 	0.02 	0.44 	0.0 	0.0 	0.0 	0.06 	0.0 	0.0 	0.03 	0.03 	0.03 	0.05 	0.0 	0.01 	0.17 	0.0 	0.02 	0.0 	0.0 	0.11 	
524 	0.11 	0.0 	0.01 	0.08 	0.0 	0.07 	0.39 	0.05 	0.0 	0.0 	0.0 	0.06 	0.0 	0.0 	0.07 	0.12 	0.0 	0.0 	0.0 	0.01 	
525 	0.05 	0.03 	0.04 	0.17 	0.0 	0.29 	0.33 	0.0 	0.03 	0.0 	0.0 	0.02 	0.0 	0.0 	0.0 	0.03 	0.0 	0.0 	0.0 	0.0 	
526 	0.03 	0.0 	0.0 	0.0 	0.0 	0.0 	0.0 	0.0 	0.0 	0.0 	0.94 	0.0 	0.01 	0.0 	0.0 	0.0 	0.0 	0.0 	0.0 	0.01 	
527 	0.1 	0.02 	0.0 	0.0 	0.13 	0.0 	0.0 	0.0 	0.0 	0.19 	0.0 	0.1 	0.0 	0.0 	0.0 	0.05 	0.03 	0.0 	0.0 	0.37 	
528 	0.0 	0.05 	0.0 	0.09 	0.0 	0.11 	0.3 	0.06 	0.13 	0.0 	0.0 	0.07 	0.0 	0.0 	0.0 	0.17 	0.0 	0.0 	0.0 	0.0 	
529 	0.08 	0.0 	0.0 	0.0 	0.01 	0.0 	0.0 	0.0 	0.0 	0.16 	0.07 	0.0 	0.0 	0.14 	0.0 	0.04 	0.06 	0.0 	0.16 	0.27 	
530 	0.0 	0.0 	0.0 	0.0 	0.19 	0.0 	0.0 	0.0 	0.0 	0.05 	0.55 	0.0 	0.0 	0.0 	0.0 	0.02 	0.0 	0.0 	0.0 	0.19 	
531 	0.07 	0.0 	0.0 	0.0 	0.0 	0.0 	0.0 	0.0 	0.0 	0.0 	0.02 	0.0 	0.06 	0.0 	0.0 	0.09 	0.77 	0.0 	0.0 	0.0 	
532 	0.04 	0.0 	0.01 	0.0 	0.0 	0.0 	0.0 	0.0 	0.18 	0.18 	0.0 	0.0 	0.25 	0.0 	0.0 	0.03 	0.21 	0.0 	0.06 	0.04 	
533 	0.0 	0.0 	0.0 	0.0 	0.13 	0.0 	0.0 	0.0 	0.0 	0.42 	0.1 	0.0 	0.14 	0.0 	0.0 	0.0 	0.0 	0.0 	0.0 	0.21 	
534 	0.19 	0.0 	0.0 	0.0 	0.0 	0.0 	0.0 	0.0 	0.0 	0.59 	0.0 	0.0 	0.09 	0.0 	0.0 	0.0 	0.0 	0.0 	0.0 	0.13 	
535 	0.0 	0.0 	0.0 	0.0 	0.0 	0.0 	0.0 	0.0 	0.0 	0.0 	0.0 	0.0 	0.0 	0.36 	0.0 	0.0 	0.0 	0.52 	0.11 	0.0 	
536 	0.0 	0.0 	0.07 	0.0 	0.0 	0.0 	0.0 	0.0 	0.06 	0.16 	0.19 	0.0 	0.0 	0.0 	0.0 	0.0 	0.37 	0.0 	0.0 	0.14 	
537 	0.39 	0.0 	0.0 	0.0 	0.28 	0.0 	0.0 	0.02 	0.0 	0.0 	0.0 	0.0 	0.0 	0.03 	0.0 	0.07 	0.21 	0.0 	0.0 	0.0 	
538 	0.02 	0.0 	0.0 	0.0 	0.0 	0.0 	0.0 	0.18 	0.0 	0.0 	0.0 	0.0 	0.0 	0.0 	0.0 	0.67 	0.13 	0.0 	0.0 	0.0 	
539 	0.55 	0.0 	0.0 	0.0 	0.06 	0.0 	0.0 	0.21 	0.0 	0.04 	0.0 	0.0 	0.0 	0.06 	0.0 	0.02 	0.0 	0.0 	0.0 	0.05 	
540 	0.13 	0.03 	0.0 	0.0 	0.0 	0.35 	0.0 	0.0 	0.1 	0.0 	0.26 	0.07 	0.0 	0.0 	0.0 	0.05 	0.0 	0.0 	0.0 	0.0 	
541 	0.0 	0.0 	0.0 	0.0 	0.0 	0.0 	0.0 	0.0 	1.0 	0.0 	0.0 	0.0 	0.0 	0.0 	0.0 	0.0 	0.0 	0.0 	0.0 	0.0 	
542 	0.69 	0.0 	0.0 	0.0 	0.0 	0.0 	0.0 	0.0 	0.18 	0.0 	0.0 	0.0 	0.0 	0.0 	0.0 	0.13 	0.0 	0.0 	0.0 	0.0 	
543 	0.7 	0.0 	0.0 	0.0 	0.0 	0.0 	0.0 	0.0 	0.0 	0.0 	0.0 	0.0 	0.0 	0.0 	0.0 	0.1 	0.0 	0.06 	0.0 	0.14 	
544 	0.06 	0.0 	0.01 	0.0 	0.0 	0.0 	0.0 	0.0 	0.0 	0.07 	0.24 	0.0 	0.03 	0.0 	0.0 	0.0 	0.04 	0.0 	0.0 	0.55 	
545 	0.0 	0.0 	0.84 	0.0 	0.0 	0.0 	0.0 	0.0 	0.11 	0.0 	0.0 	0.0 	0.0 	0.0 	0.0 	0.05 	0.0 	0.0 	0.0 	0.0 	
546 	0.03 	0.0 	0.0 	0.0 	0.0 	0.17 	0.0 	0.04 	0.0 	0.0 	0.1 	0.0 	0.0 	0.55 	0.0 	0.07 	0.03 	0.0 	0.0 	0.0 	
547 	0.04 	0.0 	0.0 	0.0 	0.0 	0.0 	0.0 	0.82 	0.0 	0.0 	0.0 	0.06 	0.0 	0.0 	0.0 	0.05 	0.0 	0.0 	0.0 	0.0 	
548 	0.03 	0.0 	0.0 	0.0 	0.0 	0.77 	0.09 	0.0 	0.0 	0.0 	0.02 	0.0 	0.0 	0.0 	0.0 	0.03 	0.04 	0.0 	0.0 	0.0 	
549 	0.0 	0.0 	0.0 	0.0 	0.0 	0.0 	0.0 	0.0 	0.04 	0.0 	0.16 	0.03 	0.02 	0.08 	0.0 	0.0 	0.0 	0.0 	0.48 	0.16 	
550 	0.0 	0.03 	0.0 	0.38 	0.0 	0.0 	0.09 	0.01 	0.02 	0.0 	0.0 	0.03 	0.0 	0.0 	0.32 	0.04 	0.08 	0.0 	0.0 	0.0 	
551 	0.1 	0.0 	0.0 	0.06 	0.0 	0.04 	0.0 	0.0 	0.03 	0.0 	0.03 	0.0 	0.02 	0.13 	0.0 	0.05 	0.05 	0.17 	0.31 	0.01 	
552 	0.22 	0.0 	0.0 	0.0 	0.09 	0.0 	0.0 	0.26 	0.0 	0.0 	0.0 	0.0 	0.0 	0.03 	0.04 	0.18 	0.05 	0.0 	0.13 	0.0 	
553 	0.1 	0.0 	0.0 	0.0 	0.0 	0.0 	0.0 	0.67 	0.0 	0.0 	0.0 	0.0 	0.0 	0.0 	0.0 	0.16 	0.01 	0.0 	0.02 	0.03 	
554 	0.0 	0.0 	0.0 	0.0 	0.0 	0.0 	0.0 	0.0 	0.0 	0.0 	0.07 	0.0 	0.04 	0.08 	0.0 	0.0 	0.0 	0.31 	0.26 	0.19 	
555 	0.0 	0.0 	0.06 	0.0 	0.0 	0.0 	0.0 	0.0 	0.0 	0.2 	0.26 	0.0 	0.18 	0.07 	0.0 	0.0 	0.03 	0.0 	0.0 	0.2 	
556 	0.0 	0.0 	0.0 	0.0 	0.0 	0.0 	0.0 	0.0 	0.0 	0.0 	0.08 	0.0 	0.02 	0.0 	0.87 	0.0 	0.04 	0.0 	0.0 	0.0 	
557 	0.0 	0.0 	0.78 	0.0 	0.0 	0.0 	0.0 	0.0 	0.0 	0.0 	0.15 	0.0 	0.03 	0.0 	0.0 	0.0 	0.0 	0.0 	0.04 	0.0 	
558 	0.25 	0.37 	0.0 	0.0 	0.0 	0.0 	0.0 	0.03 	0.26 	0.0 	0.05 	0.0 	0.0 	0.05 	0.0 	0.0 	0.0 	0.0 	0.0 	0.0 	
559 	0.0 	0.0 	0.0 	0.0 	0.0 	0.0 	0.0 	0.0 	0.0 	0.0 	0.0 	0.0 	0.0 	0.0 	1.0 	0.0 	0.0 	0.0 	0.0 	0.0 	
560 	0.17 	0.0 	0.0 	0.0 	0.13 	0.0 	0.0 	0.03 	0.0 	0.0 	0.0 	0.0 	0.0 	0.0 	0.16 	0.17 	0.34 	0.0 	0.0 	0.0 	
561 	0.1 	0.0 	0.0 	0.0 	0.0 	0.0 	0.0 	0.0 	0.0 	0.16 	0.16 	0.01 	0.01 	0.0 	0.0 	0.23 	0.2 	0.0 	0.0 	0.13 	
562 	0.1 	0.0 	0.0 	0.0 	0.0 	0.0 	0.0 	0.0 	0.0 	0.02 	0.18 	0.0 	0.38 	0.04 	0.0 	0.21 	0.03 	0.0 	0.0 	0.02 	
563 	0.0 	0.72 	0.04 	0.0 	0.02 	0.05 	0.0 	0.0 	0.0 	0.0 	0.0 	0.0 	0.0 	0.0 	0.0 	0.0 	0.0 	0.0 	0.13 	0.0 	
564 	0.17 	0.36 	0.07 	0.0 	0.0 	0.06 	0.0 	0.0 	0.03 	0.02 	0.12 	0.06 	0.03 	0.0 	0.0 	0.02 	0.04 	0.0 	0.0 	0.0 	
565 	0.0 	0.04 	0.05 	0.0 	0.0 	0.0 	0.0 	0.0 	0.0 	0.0 	0.16 	0.03 	0.0 	0.1 	0.55 	0.0 	0.0 	0.0 	0.01 	0.03 	
566 	0.0 	0.0 	0.0 	0.0 	0.04 	0.0 	0.0 	0.0 	0.0 	0.1 	0.12 	0.0 	0.27 	0.0 	0.34 	0.0 	0.0 	0.0 	0.0 	0.12 	
567 	0.05 	0.0 	0.0 	0.0 	0.0 	0.0 	0.0 	0.0 	0.0 	0.0 	0.0 	0.0 	0.0 	0.0 	0.91 	0.0 	0.0 	0.0 	0.0 	0.0 	
568 	0.09 	0.0 	0.0 	0.1 	0.02 	0.06 	0.31 	0.0 	0.0 	0.02 	0.01 	0.06 	0.05 	0.0 	0.0 	0.05 	0.18 	0.0 	0.0 	0.03 	
569 	0.04 	0.02 	0.02 	0.01 	0.0 	0.01 	0.16 	0.01 	0.0 	0.01 	0.01 	0.23 	0.0 	0.01 	0.17 	0.13 	0.15 	0.0 	0.0 	0.02 	
570 	0.05 	0.02 	0.04 	0.05 	0.0 	0.01 	0.01 	0.38 	0.0 	0.01 	0.01 	0.28 	0.0 	0.01 	0.01 	0.03 	0.07 	0.0 	0.0 	0.01 	
571 	0.11 	0.01 	0.02 	0.22 	0.0 	0.04 	0.01 	0.17 	0.0 	0.01 	0.03 	0.01 	0.0 	0.02 	0.02 	0.08 	0.17 	0.0 	0.0 	0.07 	
572 	0.26 	0.01 	0.01 	0.06 	0.0 	0.01 	0.14 	0.02 	0.0 	0.01 	0.02 	0.05 	0.01 	0.01 	0.23 	0.02 	0.01 	0.0 	0.01 	0.14 	
573 	0.15 	0.03 	0.01 	0.07 	0.01 	0.01 	0.37 	0.02 	0.01 	0.01 	0.03 	0.02 	0.01 	0.01 	0.01 	0.04 	0.17 	0.0 	0.01 	0.02 	
574 	0.02 	0.02 	0.01 	0.02 	0.02 	0.01 	0.02 	0.02 	0.01 	0.07 	0.1 	0.02 	0.13 	0.05 	0.09 	0.02 	0.02 	0.03 	0.3 	0.02 	
575 	0.12 	0.03 	0.01 	0.11 	0.01 	0.06 	0.34 	0.04 	0.01 	0.02 	0.06 	0.05 	0.01 	0.01 	0.02 	0.02 	0.06 	0.0 	0.01 	0.02 	
576 	0.09 	0.04 	0.01 	0.04 	0.01 	0.05 	0.22 	0.05 	0.02 	0.02 	0.03 	0.07 	0.02 	0.01 	0.02 	0.14 	0.11 	0.02 	0.01 	0.03 	
577 	0.02 	0.02 	0.01 	0.02 	0.01 	0.01 	0.02 	0.02 	0.01 	0.05 	0.24 	0.08 	0.05 	0.26 	0.06 	0.02 	0.02 	0.0 	0.01 	0.07 	
578 	0.13 	0.02 	0.01 	0.03 	0.01 	0.01 	0.08 	0.11 	0.02 	0.1 	0.08 	0.07 	0.07 	0.01 	0.01 	0.06 	0.03 	0.0 	0.02 	0.12 	
579 	0.14 	0.08 	0.08 	0.1 	0.0 	0.01 	0.1 	0.06 	0.0 	0.01 	0.07 	0.18 	0.0 	0.01 	0.01 	0.04 	0.05 	0.0 	0.01 	0.04 	
580 	0.07 	0.03 	0.22 	0.13 	0.0 	0.01 	0.02 	0.12 	0.02 	0.01 	0.02 	0.09 	0.01 	0.01 	0.01 	0.06 	0.11 	0.0 	0.01 	0.05 	
581 	0.03 	0.01 	0.01 	0.01 	0.0 	0.01 	0.01 	0.05 	0.03 	0.01 	0.02 	0.01 	0.0 	0.01 	0.36 	0.14 	0.25 	0.0 	0.03 	0.01 	
582 	0.01 	0.03 	0.01 	0.11 	0.0 	0.12 	0.29 	0.01 	0.03 	0.08 	0.11 	0.01 	0.07 	0.01 	0.01 	0.04 	0.04 	0.0 	0.01 	0.01 	
583 	0.13 	0.07 	0.01 	0.09 	0.0 	0.1 	0.1 	0.03 	0.0 	0.01 	0.02 	0.34 	0.0 	0.01 	0.01 	0.01 	0.01 	0.0 	0.02 	0.02 	
584 	0.21 	0.01 	0.01 	0.14 	0.0 	0.01 	0.03 	0.06 	0.0 	0.01 	0.01 	0.01 	0.0 	0.05 	0.01 	0.15 	0.11 	0.0 	0.05 	0.13 	
585 	0.01 	0.01 	0.01 	0.01 	0.0 	0.01 	0.01 	0.01 	0.0 	0.08 	0.29 	0.01 	0.0 	0.25 	0.01 	0.01 	0.01 	0.06 	0.18 	0.03 	
586 	0.01 	0.03 	0.0 	0.0 	0.0 	0.0 	0.01 	0.01 	0.0 	0.05 	0.63 	0.0 	0.15 	0.04 	0.0 	0.01 	0.01 	0.0 	0.0 	0.03 	
587 	0.13 	0.12 	0.03 	0.18 	0.0 	0.02 	0.04 	0.08 	0.02 	0.0 	0.0 	0.16 	0.0 	0.0 	0.1 	0.1 	0.0 	0.0 	0.0 	0.0 	
588 	0.07 	0.0 	0.0 	0.0 	0.06 	0.0 	0.0 	0.0 	0.0 	0.0 	0.0 	0.0 	0.04 	0.0 	0.0 	0.1 	0.55 	0.15 	0.03 	0.0 	
589 	0.0 	0.0 	0.0 	0.0 	0.0 	0.0 	0.0 	0.0 	0.0 	0.21 	0.6 	0.0 	0.08 	0.09 	0.0 	0.0 	0.0 	0.0 	0.01 	0.0 	
590 	0.0 	0.0 	0.0 	0.0 	0.0 	0.0 	0.0 	0.0 	0.04 	0.0 	0.0 	0.0 	0.0 	0.0 	0.73 	0.0 	0.21 	0.0 	0.0 	0.02 	
591 	0.06 	0.0 	0.19 	0.15 	0.03 	0.0 	0.05 	0.05 	0.0 	0.0 	0.0 	0.02 	0.0 	0.0 	0.11 	0.3 	0.04 	0.0 	0.0 	0.0 	
592 	0.03 	0.04 	0.0 	0.0 	0.0 	0.25 	0.15 	0.0 	0.0 	0.0 	0.11 	0.14 	0.0 	0.04 	0.02 	0.0 	0.0 	0.0 	0.0 	0.19 	
593 	0.02 	0.04 	0.12 	0.0 	0.0 	0.13 	0.0 	0.04 	0.06 	0.04 	0.18 	0.09 	0.03 	0.07 	0.0 	0.03 	0.06 	0.0 	0.02 	0.07 	
594 	0.03 	0.04 	0.0 	0.01 	0.0 	0.52 	0.1 	0.0 	0.0 	0.02 	0.0 	0.13 	0.0 	0.0 	0.06 	0.02 	0.08 	0.0 	0.0 	0.0 	
595 	0.33 	0.0 	0.0 	0.0 	0.0 	0.0 	0.0 	0.0 	0.0 	0.0 	0.0 	0.0 	0.0 	0.0 	0.0 	0.27 	0.4 	0.0 	0.0 	0.0 	
596 	0.04 	0.03 	0.0 	0.0 	0.2 	0.0 	0.0 	0.0 	0.0 	0.09 	0.25 	0.0 	0.0 	0.0 	0.0 	0.08 	0.17 	0.0 	0.0 	0.15 	
597 	0.0 	0.02 	0.02 	0.09 	0.0 	0.0 	0.08 	0.0 	0.0 	0.17 	0.2 	0.2 	0.04 	0.0 	0.0 	0.01 	0.03 	0.04 	0.02 	0.1 	
598 	0.07 	0.0 	0.04 	0.09 	0.0 	0.31 	0.02 	0.1 	0.05 	0.0 	0.0 	0.0 	0.0 	0.06 	0.0 	0.02 	0.02 	0.0 	0.01 	0.2 	
599 	0.04 	0.0 	0.0 	0.0 	0.0 	0.0 	0.0 	0.0 	0.0 	0.26 	0.3 	0.0 	0.28 	0.0 	0.0 	0.0 	0.0 	0.0 	0.0 	0.12 	
600 	0.23 	0.0 	0.02 	0.0 	0.0 	0.0 	0.04 	0.04 	0.0 	0.03 	0.11 	0.0 	0.0 	0.0 	0.0 	0.4 	0.12 	0.0 	0.0 	0.01 	
601 	0.09 	0.0 	0.0 	0.0 	0.0 	0.0 	0.0 	0.0 	0.0 	0.17 	0.28 	0.04 	0.0 	0.04 	0.0 	0.0 	0.08 	0.0 	0.0 	0.3 	
602 	0.0 	0.0 	0.0 	0.0 	0.0 	0.02 	0.0 	0.0 	0.0 	0.2 	0.42 	0.0 	0.0 	0.06 	0.0 	0.02 	0.09 	0.0 	0.0 	0.2 	
603 	0.13 	0.0 	0.04 	0.19 	0.0 	0.0 	0.25 	0.0 	0.0 	0.0 	0.0 	0.03 	0.0 	0.0 	0.0 	0.0 	0.0 	0.28 	0.03 	0.04 	
604 	0.04 	0.15 	0.0 	0.0 	0.0 	0.05 	0.0 	0.0 	0.03 	0.27 	0.18 	0.0 	0.0 	0.03 	0.0 	0.0 	0.14 	0.0 	0.0 	0.11 	
605 	0.0 	0.0 	0.0 	0.0 	0.0 	0.0 	0.0 	0.0 	0.0 	0.0 	0.72 	0.0 	0.0 	0.18 	0.0 	0.02 	0.0 	0.0 	0.04 	0.04 	
606 	0.0 	0.0 	0.18 	0.0 	0.03 	0.0 	0.0 	0.12 	0.0 	0.0 	0.0 	0.0 	0.0 	0.0 	0.0 	0.61 	0.03 	0.0 	0.0 	0.0 	
607 	0.02 	0.49 	0.02 	0.0 	0.0 	0.08 	0.0 	0.0 	0.0 	0.0 	0.0 	0.12 	0.01 	0.0 	0.0 	0.06 	0.17 	0.0 	0.0 	0.0 	
608 	0.05 	0.07 	0.0 	0.02 	0.01 	0.0 	0.15 	0.0 	0.5 	0.0 	0.02 	0.0 	0.0 	0.07 	0.1 	0.0 	0.0 	0.0 	0.0 	0.0 	
609 	0.15 	0.0 	0.0 	0.0 	0.0 	0.25 	0.03 	0.0 	0.0 	0.0 	0.09 	0.0 	0.0 	0.0 	0.15 	0.31 	0.01 	0.0 	0.0 	0.0 	
610 	0.04 	0.03 	0.03 	0.05 	0.0 	0.0 	0.07 	0.05 	0.0 	0.03 	0.09 	0.05 	0.0 	0.0 	0.29 	0.23 	0.05 	0.0 	0.0 	0.0 	
611 	0.0 	0.0 	0.09 	0.72 	0.0 	0.0 	0.0 	0.05 	0.0 	0.03 	0.0 	0.0 	0.0 	0.0 	0.0 	0.0 	0.01 	0.0 	0.0 	0.08 	
612 	0.0 	0.07 	0.0 	0.0 	0.0 	0.1 	0.6 	0.0 	0.0 	0.0 	0.0 	0.0 	0.13 	0.0 	0.0 	0.05 	0.0 	0.0 	0.0 	0.03 	
613 	0.0 	0.2 	0.0 	0.0 	0.0 	0.05 	0.21 	0.0 	0.0 	0.07 	0.06 	0.0 	0.0 	0.01 	0.0 	0.0 	0.05 	0.0 	0.0 	0.33 	
614 	0.07 	0.0 	0.0 	0.0 	0.0 	0.0 	0.0 	0.0 	0.0 	0.0 	0.03 	0.0 	0.0 	0.04 	0.24 	0.0 	0.0 	0.0 	0.58 	0.03 	
615 	0.0 	0.03 	0.0 	0.0 	0.0 	0.0 	0.0 	0.0 	0.04 	0.08 	0.66 	0.0 	0.11 	0.0 	0.0 	0.0 	0.03 	0.0 	0.0 	0.04 	
616 	0.0 	0.0 	0.06 	0.0 	0.0 	0.0 	0.0 	0.83 	0.03 	0.02 	0.0 	0.0 	0.0 	0.07 	0.0 	0.0 	0.0 	0.0 	0.0 	0.0 	
617 	0.0 	0.04 	0.06 	0.03 	0.0 	0.31 	0.19 	0.03 	0.12 	0.0 	0.0 	0.0 	0.09 	0.0 	0.0 	0.04 	0.11 	0.0 	0.0 	0.0 	
618 	0.0 	0.32 	0.0 	0.0 	0.0 	0.01 	0.03 	0.06 	0.16 	0.0 	0.06 	0.01 	0.0 	0.1 	0.0 	0.04 	0.03 	0.0 	0.18 	0.0 	
619 	0.04 	0.03 	0.0 	0.21 	0.0 	0.11 	0.11 	0.04 	0.01 	0.03 	0.03 	0.09 	0.02 	0.0 	0.19 	0.09 	0.0 	0.0 	0.0 	0.0 	
620 	0.06 	0.03 	0.07 	0.21 	0.0 	0.08 	0.29 	0.02 	0.0 	0.0 	0.0 	0.0 	0.0 	0.0 	0.0 	0.13 	0.09 	0.0 	0.0 	0.03 	
621 	0.03 	0.04 	0.0 	0.06 	0.0 	0.0 	0.26 	0.0 	0.0 	0.07 	0.03 	0.07 	0.0 	0.04 	0.28 	0.01 	0.04 	0.0 	0.07 	0.0 	
622 	0.12 	0.04 	0.05 	0.03 	0.0 	0.0 	0.12 	0.0 	0.26 	0.0 	0.07 	0.0 	0.03 	0.0 	0.04 	0.07 	0.03 	0.0 	0.14 	0.0 	
623 	0.07 	0.0 	0.0 	0.0 	0.0 	0.04 	0.0 	0.0 	0.0 	0.0 	0.05 	0.0 	0.0 	0.37 	0.0 	0.0 	0.0 	0.47 	0.0 	0.0 	
624 	0.13 	0.05 	0.03 	0.01 	0.0 	0.02 	0.03 	0.04 	0.0 	0.05 	0.06 	0.01 	0.0 	0.02 	0.01 	0.03 	0.44 	0.0 	0.01 	0.06 	
625 	0.14 	0.02 	0.03 	0.0 	0.0 	0.02 	0.19 	0.08 	0.0 	0.0 	0.0 	0.05 	0.0 	0.0 	0.02 	0.35 	0.09 	0.0 	0.0 	0.0 	
626 	0.0 	0.0 	0.05 	0.49 	0.0 	0.0 	0.22 	0.21 	0.0 	0.0 	0.0 	0.0 	0.0 	0.0 	0.0 	0.0 	0.0 	0.0 	0.0 	0.03 	
627 	0.28 	0.07 	0.0 	0.01 	0.0 	0.01 	0.09 	0.07 	0.0 	0.01 	0.0 	0.12 	0.0 	0.0 	0.26 	0.05 	0.01 	0.0 	0.0 	0.0 	
628 	0.16 	0.11 	0.01 	0.04 	0.0 	0.02 	0.22 	0.08 	0.0 	0.01 	0.01 	0.13 	0.02 	0.0 	0.09 	0.01 	0.01 	0.0 	0.0 	0.08 	
629 	0.26 	0.0 	0.0 	0.0 	0.0 	0.0 	0.0 	0.0 	0.0 	0.15 	0.0 	0.0 	0.0 	0.0 	0.31 	0.0 	0.02 	0.0 	0.06 	0.21 	
630 	0.05 	0.22 	0.04 	0.02 	0.0 	0.03 	0.0 	0.0 	0.04 	0.01 	0.25 	0.2 	0.0 	0.0 	0.0 	0.0 	0.04 	0.0 	0.03 	0.08 	
631 	0.38 	0.14 	0.0 	0.11 	0.0 	0.09 	0.21 	0.0 	0.0 	0.0 	0.0 	0.03 	0.0 	0.0 	0.0 	0.02 	0.0 	0.0 	0.0 	0.02 	
632 	0.65 	0.0 	0.0 	0.0 	0.0 	0.0 	0.0 	0.0 	0.0 	0.0 	0.0 	0.0 	0.0 	0.0 	0.0 	0.19 	0.0 	0.0 	0.02 	0.14 	
633 	0.04 	0.0 	0.11 	0.0 	0.0 	0.0 	0.04 	0.0 	0.01 	0.14 	0.17 	0.0 	0.05 	0.39 	0.0 	0.0 	0.0 	0.0 	0.03 	0.02 	
634 	0.15 	0.07 	0.09 	0.02 	0.0 	0.08 	0.27 	0.01 	0.0 	0.02 	0.0 	0.2 	0.0 	0.0 	0.0 	0.02 	0.01 	0.0 	0.05 	0.0 	
635 	0.14 	0.43 	0.0 	0.0 	0.0 	0.09 	0.04 	0.05 	0.0 	0.0 	0.0 	0.18 	0.01 	0.0 	0.0 	0.0 	0.02 	0.0 	0.0 	0.03 	
636 	0.0 	0.0 	0.0 	0.0 	0.0 	0.0 	0.0 	0.0 	0.0 	0.0 	0.0 	0.0 	0.0 	1.0 	0.0 	0.0 	0.0 	0.0 	0.0 	0.0 	
637 	0.05 	0.22 	0.0 	0.0 	0.02 	0.23 	0.0 	0.19 	0.0 	0.0 	0.0 	0.03 	0.05 	0.0 	0.0 	0.12 	0.01 	0.0 	0.0 	0.08 	
638 	0.18 	0.07 	0.07 	0.05 	0.0 	0.06 	0.26 	0.06 	0.0 	0.03 	0.0 	0.15 	0.0 	0.0 	0.0 	0.05 	0.02 	0.0 	0.0 	0.0 	
639 	0.06 	0.2 	0.07 	0.09 	0.03 	0.01 	0.23 	0.0 	0.0 	0.0 	0.0 	0.29 	0.02 	0.0 	0.0 	0.01 	0.0 	0.0 	0.0 	0.0 	
640 	0.0 	0.0 	0.0 	0.0 	0.0 	0.0 	0.0 	0.0 	0.0 	0.05 	0.71 	0.0 	0.14 	0.0 	0.0 	0.0 	0.07 	0.0 	0.0 	0.04 	
641 	0.21 	0.06 	0.05 	0.0 	0.0 	0.03 	0.12 	0.17 	0.0 	0.03 	0.0 	0.17 	0.0 	0.0 	0.0 	0.02 	0.03 	0.04 	0.0 	0.06 	
642 	0.14 	0.16 	0.02 	0.08 	0.0 	0.15 	0.26 	0.01 	0.03 	0.03 	0.01 	0.06 	0.0 	0.0 	0.0 	0.0 	0.03 	0.0 	0.01 	0.01 	
643 	0.04 	0.0 	0.0 	0.0 	0.0 	0.0 	0.0 	0.0 	0.0 	0.74 	0.13 	0.0 	0.04 	0.0 	0.0 	0.0 	0.0 	0.0 	0.0 	0.04 	
644 	0.02 	0.0 	0.0 	0.1 	0.0 	0.0 	0.48 	0.0 	0.0 	0.0 	0.0 	0.0 	0.0 	0.0 	0.0 	0.35 	0.0 	0.0 	0.0 	0.05 	
645 	0.05 	0.08 	0.05 	0.1 	0.0 	0.03 	0.11 	0.09 	0.05 	0.0 	0.0 	0.35 	0.0 	0.0 	0.0 	0.09 	0.0 	0.0 	0.0 	0.0 	
646 	0.0 	0.04 	0.06 	0.09 	0.0 	0.05 	0.34 	0.05 	0.0 	0.03 	0.0 	0.18 	0.0 	0.0 	0.0 	0.0 	0.09 	0.0 	0.0 	0.08 	
647 	0.0 	0.0 	0.0 	0.0 	0.0 	0.0 	0.0 	0.0 	0.0 	0.78 	0.09 	0.0 	0.03 	0.0 	0.0 	0.0 	0.0 	0.0 	0.0 	0.11 	
648 	0.07 	0.2 	0.03 	0.14 	0.0 	0.03 	0.19 	0.0 	0.0 	0.04 	0.01 	0.07 	0.03 	0.0 	0.0 	0.06 	0.06 	0.0 	0.0 	0.06 	
649 	0.11 	0.07 	0.05 	0.01 	0.0 	0.13 	0.21 	0.11 	0.0 	0.06 	0.0 	0.05 	0.06 	0.0 	0.0 	0.02 	0.07 	0.0 	0.0 	0.06 	
650 	0.0 	0.85 	0.0 	0.0 	0.0 	0.0 	0.0 	0.0 	0.0 	0.0 	0.0 	0.04 	0.08 	0.0 	0.0 	0.0 	0.0 	0.03 	0.0 	0.0 	
651 	0.0 	0.03 	0.84 	0.0 	0.0 	0.04 	0.0 	0.03 	0.0 	0.0 	0.0 	0.06 	0.0 	0.0 	0.0 	0.0 	0.0 	0.0 	0.0 	0.0 	
652 	0.07 	0.05 	0.14 	0.02 	0.0 	0.13 	0.08 	0.05 	0.01 	0.0 	0.01 	0.21 	0.0 	0.17 	0.0 	0.04 	0.0 	0.0 	0.0 	0.02 	
653 	0.05 	0.0 	0.11 	0.54 	0.05 	0.05 	0.0 	0.05 	0.02 	0.0 	0.01 	0.04 	0.0 	0.0 	0.0 	0.07 	0.0 	0.0 	0.0 	0.0 	
654 	0.04 	0.09 	0.02 	0.12 	0.01 	0.02 	0.13 	0.02 	0.02 	0.03 	0.03 	0.11 	0.01 	0.01 	0.18 	0.09 	0.04 	0.0 	0.01 	0.02 	
655 	0.04 	0.07 	0.01 	0.04 	0.01 	0.01 	0.05 	0.05 	0.02 	0.04 	0.04 	0.17 	0.01 	0.01 	0.15 	0.16 	0.07 	0.0 	0.01 	0.02 	
656 	0.03 	0.12 	0.03 	0.02 	0.01 	0.02 	0.02 	0.03 	0.01 	0.02 	0.34 	0.02 	0.01 	0.18 	0.02 	0.03 	0.02 	0.03 	0.01 	0.03 	
657 	0.03 	0.21 	0.02 	0.02 	0.01 	0.04 	0.03 	0.03 	0.01 	0.12 	0.09 	0.23 	0.01 	0.02 	0.02 	0.03 	0.03 	0.01 	0.01 	0.03 	
658 	0.06 	0.04 	0.03 	0.04 	0.01 	0.03 	0.05 	0.07 	0.02 	0.04 	0.07 	0.09 	0.02 	0.03 	0.04 	0.08 	0.05 	0.16 	0.03 	0.05 	
659 	0.03 	0.07 	0.46 	0.02 	0.01 	0.05 	0.02 	0.03 	0.02 	0.02 	0.04 	0.02 	0.01 	0.02 	0.02 	0.03 	0.09 	0.01 	0.01 	0.03 	
660 	0.07 	0.48 	0.02 	0.02 	0.01 	0.02 	0.02 	0.09 	0.01 	0.02 	0.04 	0.02 	0.01 	0.02 	0.02 	0.08 	0.02 	0.01 	0.01 	0.03 	
661 	0.05 	0.02 	0.08 	0.02 	0.14 	0.02 	0.02 	0.03 	0.05 	0.07 	0.1 	0.02 	0.07 	0.02 	0.02 	0.06 	0.1 	0.01 	0.04 	0.06 	
662 	0.08 	0.02 	0.02 	0.17 	0.01 	0.01 	0.02 	0.48 	0.01 	0.02 	0.03 	0.02 	0.01 	0.01 	0.02 	0.02 	0.02 	0.0 	0.01 	0.02 	
663 	0.24 	0.02 	0.02 	0.02 	0.01 	0.01 	0.02 	0.02 	0.01 	0.02 	0.04 	0.05 	0.01 	0.01 	0.39 	0.05 	0.02 	0.0 	0.01 	0.02 	
664 	0.06 	0.05 	0.0 	0.0 	0.0 	0.0 	0.01 	0.33 	0.0 	0.0 	0.32 	0.0 	0.0 	0.0 	0.0 	0.01 	0.02 	0.0 	0.0 	0.17 	
665 	0.1 	0.0 	0.13 	0.12 	0.0 	0.08 	0.06 	0.0 	0.0 	0.05 	0.02 	0.13 	0.03 	0.0 	0.02 	0.0 	0.02 	0.0 	0.0 	0.21 	
666 	0.01 	0.0 	0.0 	0.0 	0.0 	0.0 	0.0 	0.0 	0.0 	0.21 	0.39 	0.0 	0.12 	0.05 	0.02 	0.0 	0.0 	0.03 	0.0 	0.14 	
667 	0.0 	0.0 	0.0 	0.0 	0.0 	0.02 	0.0 	0.0 	0.0 	0.0 	0.0 	0.02 	0.0 	0.0 	0.97 	0.0 	0.0 	0.0 	0.0 	0.0 	
668 	0.0 	0.0 	0.0 	0.0 	0.0 	0.0 	0.0 	0.0 	0.0 	0.0 	0.0 	0.0 	0.0 	0.1 	0.0 	0.0 	0.0 	0.0 	0.9 	0.0 	
669 	0.03 	0.0 	0.0 	0.0 	0.0 	0.04 	0.32 	0.0 	0.0 	0.03 	0.0 	0.0 	0.04 	0.0 	0.0 	0.0 	0.27 	0.0 	0.24 	0.03 	
670 	0.0 	0.0 	0.0 	0.0 	0.0 	0.0 	0.0 	0.0 	0.0 	0.0 	0.59 	0.0 	0.0 	0.0 	0.0 	0.0 	0.0 	0.0 	0.39 	0.01 	
671 	0.0 	0.0 	0.0 	0.0 	0.0 	0.0 	0.0 	0.0 	0.0 	0.0 	0.92 	0.0 	0.08 	0.0 	0.0 	0.0 	0.0 	0.0 	0.0 	0.0 	
672 	0.08 	0.16 	0.0 	0.17 	0.0 	0.0 	0.0 	0.0 	0.04 	0.0 	0.14 	0.15 	0.0 	0.07 	0.0 	0.05 	0.0 	0.0 	0.14 	0.01 	
673 	0.0 	0.01 	0.0 	0.0 	0.0 	0.0 	0.0 	0.0 	0.0 	0.0 	0.0 	0.0 	0.0 	0.0 	0.99 	0.0 	0.0 	0.0 	0.0 	0.0 	
674 	0.0 	0.0 	0.1 	0.05 	0.0 	0.0 	0.04 	0.0 	0.0 	0.0 	0.02 	0.0 	0.0 	0.07 	0.11 	0.45 	0.09 	0.0 	0.02 	0.06 	
675 	0.0 	0.19 	0.02 	0.02 	0.03 	0.0 	0.0 	0.0 	0.0 	0.03 	0.22 	0.0 	0.02 	0.0 	0.0 	0.39 	0.07 	0.0 	0.0 	0.0 	
676 	0.03 	0.02 	0.02 	0.05 	0.01 	0.02 	0.29 	0.13 	0.01 	0.08 	0.04 	0.06 	0.01 	0.02 	0.06 	0.09 	0.02 	0.01 	0.01 	0.03 	
677 	0.05 	0.02 	0.04 	0.07 	0.01 	0.04 	0.19 	0.07 	0.07 	0.02 	0.04 	0.04 	0.01 	0.02 	0.2 	0.04 	0.02 	0.01 	0.01 	0.03 	
678 	0.09 	0.02 	0.02 	0.02 	0.01 	0.02 	0.03 	0.52 	0.01 	0.02 	0.04 	0.02 	0.03 	0.02 	0.04 	0.03 	0.02 	0.01 	0.01 	0.03 	
679 	0.05 	0.02 	0.02 	0.02 	0.01 	0.02 	0.03 	0.03 	0.01 	0.08 	0.26 	0.02 	0.03 	0.02 	0.02 	0.08 	0.02 	0.01 	0.01 	0.24 	
680 	0.03 	0.02 	0.02 	0.04 	0.01 	0.02 	0.03 	0.03 	0.01 	0.02 	0.04 	0.02 	0.03 	0.02 	0.02 	0.05 	0.56 	0.01 	0.01 	0.03 	
681 	0.13 	0.02 	0.02 	0.02 	0.13 	0.02 	0.05 	0.24 	0.01 	0.02 	0.04 	0.03 	0.01 	0.13 	0.02 	0.03 	0.03 	0.01 	0.01 	0.03 	
682 	0.03 	0.33 	0.02 	0.02 	0.01 	0.02 	0.03 	0.03 	0.01 	0.02 	0.04 	0.19 	0.1 	0.02 	0.02 	0.03 	0.03 	0.01 	0.01 	0.03 	
683 	0.03 	0.02 	0.02 	0.02 	0.01 	0.02 	0.03 	0.59 	0.01 	0.02 	0.04 	0.03 	0.01 	0.02 	0.02 	0.03 	0.03 	0.01 	0.01 	0.03 	
684 	0.0 	0.0 	0.0 	0.0 	0.0 	0.0 	0.0 	0.0 	0.0 	0.72 	0.0 	0.0 	0.0 	0.0 	0.0 	0.0 	0.0 	0.0 	0.0 	0.28 	
685 	0.0 	0.0 	0.0 	0.0 	0.0 	0.0 	0.35 	0.0 	0.0 	0.0 	0.0 	0.0 	0.0 	0.0 	0.65 	0.0 	0.0 	0.0 	0.0 	0.0 	
686 	0.0 	0.0 	0.94 	0.0 	0.0 	0.0 	0.0 	0.0 	0.0 	0.0 	0.0 	0.0 	0.0 	0.0 	0.0 	0.0 	0.0 	0.0 	0.06 	0.0 	
687 	0.0 	0.0 	0.0 	0.0 	0.0 	0.0 	0.0 	0.04 	0.0 	0.0 	0.0 	0.0 	0.0 	0.0 	0.0 	0.96 	0.0 	0.0 	0.0 	0.0 	
688 	0.0 	0.0 	0.0 	0.0 	0.0 	0.0 	0.0 	0.0 	0.0 	0.47 	0.0 	0.0 	0.0 	0.0 	0.0 	0.0 	0.08 	0.0 	0.0 	0.45 	
689 	0.18 	0.0 	0.0 	0.0 	0.0 	0.0 	0.0 	0.0 	0.0 	0.0 	0.0 	0.0 	0.0 	0.0 	0.0 	0.72 	0.1 	0.0 	0.0 	0.0 	
690 	0.0 	0.0 	0.0 	0.0 	0.0 	0.0 	0.0 	0.0 	0.0 	1.0 	0.0 	0.0 	0.0 	0.0 	0.0 	0.0 	0.0 	0.0 	0.0 	0.0 	
