	A 	R 	N 	D 	C 	Q 	E 	G 	H 	I 	L 	K 	M 	F 	P 	S 	T 	W 	Y 	V 	
1 	0.74 	0.0 	0.0 	0.0 	0.0 	0.0 	0.0 	0.15 	0.0 	0.0 	0.0 	0.0 	0.0 	0.0 	0.0 	0.1 	0.0 	0.0 	0.0 	0.0 	
2 	0.0 	0.0 	0.02 	0.41 	0.0 	0.1 	0.45 	0.0 	0.0 	0.01 	0.0 	0.0 	0.0 	0.0 	0.0 	0.01 	0.0 	0.0 	0.0 	0.0 	
3 	0.05 	0.16 	0.0 	0.0 	0.0 	0.01 	0.01 	0.0 	0.0 	0.02 	0.0 	0.59 	0.01 	0.02 	0.01 	0.0 	0.0 	0.07 	0.0 	0.03 	
4 	0.24 	0.02 	0.05 	0.09 	0.01 	0.12 	0.07 	0.04 	0.03 	0.0 	0.0 	0.13 	0.0 	0.0 	0.0 	0.09 	0.12 	0.0 	0.0 	0.01 	
5 	0.24 	0.01 	0.13 	0.02 	0.0 	0.02 	0.03 	0.0 	0.05 	0.07 	0.29 	0.02 	0.01 	0.01 	0.0 	0.01 	0.06 	0.0 	0.0 	0.03 	
6 	0.01 	0.0 	0.0 	0.0 	0.0 	0.0 	0.0 	0.0 	0.0 	0.36 	0.11 	0.0 	0.01 	0.0 	0.0 	0.0 	0.0 	0.0 	0.0 	0.51 	
7 	0.04 	0.15 	0.06 	0.01 	0.0 	0.07 	0.01 	0.02 	0.01 	0.01 	0.13 	0.33 	0.0 	0.0 	0.0 	0.03 	0.09 	0.0 	0.0 	0.03 	
8 	0.22 	0.02 	0.03 	0.1 	0.01 	0.05 	0.02 	0.12 	0.05 	0.0 	0.02 	0.09 	0.0 	0.0 	0.0 	0.2 	0.06 	0.0 	0.0 	0.01 	
9 	0.07 	0.0 	0.01 	0.01 	0.02 	0.02 	0.01 	0.0 	0.01 	0.14 	0.19 	0.01 	0.02 	0.04 	0.0 	0.26 	0.07 	0.0 	0.0 	0.12 	
10 	0.01 	0.0 	0.0 	0.0 	0.01 	0.0 	0.0 	0.0 	0.0 	0.0 	0.01 	0.0 	0.0 	0.06 	0.0 	0.01 	0.01 	0.87 	0.01 	0.01 	
11 	0.14 	0.01 	0.03 	0.07 	0.01 	0.03 	0.12 	0.3 	0.01 	0.0 	0.0 	0.07 	0.0 	0.01 	0.04 	0.13 	0.02 	0.0 	0.0 	0.0 	
12 	0.05 	0.02 	0.01 	0.01 	0.0 	0.04 	0.03 	0.02 	0.04 	0.04 	0.03 	0.51 	0.0 	0.01 	0.04 	0.06 	0.02 	0.0 	0.0 	0.07 	
13 	0.04 	0.0 	0.01 	0.0 	0.0 	0.0 	0.0 	0.0 	0.0 	0.22 	0.19 	0.0 	0.08 	0.03 	0.0 	0.0 	0.0 	0.0 	0.0 	0.42 	
14 	0.08 	0.02 	0.04 	0.01 	0.01 	0.01 	0.11 	0.17 	0.01 	0.01 	0.02 	0.18 	0.03 	0.02 	0.01 	0.14 	0.03 	0.01 	0.06 	0.01 	
15 	0.19 	0.02 	0.02 	0.03 	0.01 	0.05 	0.02 	0.22 	0.04 	0.01 	0.02 	0.12 	0.01 	0.01 	0.05 	0.07 	0.05 	0.0 	0.0 	0.05 	
16 	0.03 	0.02 	0.24 	0.34 	0.01 	0.03 	0.02 	0.03 	0.16 	0.0 	0.0 	0.04 	0.0 	0.0 	0.0 	0.06 	0.0 	0.0 	0.0 	0.0 	
17 	0.17 	0.04 	0.01 	0.0 	0.01 	0.02 	0.08 	0.08 	0.01 	0.09 	0.08 	0.07 	0.02 	0.01 	0.05 	0.07 	0.01 	0.02 	0.06 	0.1 	
18 	0.17 	0.01 	0.02 	0.18 	0.0 	0.04 	0.22 	0.08 	0.0 	0.0 	0.01 	0.04 	0.0 	0.0 	0.07 	0.02 	0.05 	0.0 	0.0 	0.09 	
19 	0.17 	0.02 	0.03 	0.1 	0.0 	0.06 	0.25 	0.13 	0.01 	0.0 	0.01 	0.03 	0.0 	0.01 	0.03 	0.04 	0.07 	0.0 	0.0 	0.03 	
20 	0.05 	0.0 	0.07 	0.01 	0.03 	0.0 	0.0 	0.0 	0.11 	0.2 	0.1 	0.0 	0.01 	0.08 	0.0 	0.01 	0.04 	0.01 	0.16 	0.12 	
21 	0.02 	0.0 	0.0 	0.0 	0.01 	0.0 	0.0 	0.8 	0.0 	0.0 	0.01 	0.0 	0.01 	0.0 	0.0 	0.07 	0.01 	0.0 	0.0 	0.04 	
22 	0.26 	0.01 	0.02 	0.03 	0.0 	0.07 	0.01 	0.12 	0.04 	0.03 	0.12 	0.02 	0.01 	0.0 	0.08 	0.02 	0.04 	0.0 	0.01 	0.09 	
23 	0.1 	0.04 	0.06 	0.09 	0.0 	0.04 	0.43 	0.01 	0.02 	0.01 	0.03 	0.04 	0.02 	0.02 	0.0 	0.02 	0.01 	0.0 	0.0 	0.03 	
24 	0.39 	0.0 	0.0 	0.0 	0.01 	0.0 	0.0 	0.01 	0.0 	0.11 	0.12 	0.0 	0.03 	0.13 	0.0 	0.02 	0.06 	0.0 	0.01 	0.09 	
25 	0.0 	0.0 	0.0 	0.0 	0.0 	0.0 	0.0 	0.0 	0.0 	0.01 	0.67 	0.0 	0.05 	0.19 	0.0 	0.0 	0.0 	0.03 	0.04 	0.02 	
26 	0.13 	0.04 	0.0 	0.02 	0.01 	0.02 	0.11 	0.14 	0.02 	0.07 	0.07 	0.01 	0.04 	0.01 	0.0 	0.09 	0.09 	0.0 	0.07 	0.03 	
27 	0.07 	0.62 	0.02 	0.01 	0.0 	0.01 	0.03 	0.01 	0.01 	0.01 	0.03 	0.11 	0.0 	0.02 	0.0 	0.01 	0.02 	0.01 	0.0 	0.0 	
28 	0.01 	0.0 	0.01 	0.0 	0.03 	0.0 	0.0 	0.0 	0.0 	0.07 	0.4 	0.0 	0.26 	0.07 	0.0 	0.0 	0.03 	0.0 	0.03 	0.08 	
29 	0.0 	0.0 	0.0 	0.0 	0.0 	0.0 	0.0 	0.0 	0.0 	0.03 	0.25 	0.0 	0.01 	0.68 	0.0 	0.0 	0.0 	0.0 	0.0 	0.01 	
30 	0.09 	0.01 	0.03 	0.02 	0.01 	0.02 	0.17 	0.0 	0.03 	0.09 	0.08 	0.15 	0.01 	0.0 	0.0 	0.01 	0.11 	0.0 	0.01 	0.13 	
31 	0.13 	0.01 	0.03 	0.06 	0.03 	0.02 	0.04 	0.04 	0.01 	0.07 	0.05 	0.05 	0.02 	0.0 	0.0 	0.11 	0.05 	0.0 	0.01 	0.28 	
32 	0.1 	0.01 	0.06 	0.05 	0.0 	0.0 	0.02 	0.0 	0.17 	0.01 	0.01 	0.0 	0.01 	0.16 	0.0 	0.02 	0.01 	0.0 	0.36 	0.02 	
33 	0.01 	0.0 	0.0 	0.02 	0.0 	0.01 	0.01 	0.01 	0.0 	0.0 	0.0 	0.01 	0.0 	0.0 	0.91 	0.01 	0.0 	0.0 	0.0 	0.0 	
34 	0.09 	0.0 	0.02 	0.1 	0.0 	0.16 	0.15 	0.06 	0.0 	0.0 	0.0 	0.02 	0.0 	0.0 	0.01 	0.07 	0.1 	0.18 	0.0 	0.01 	
35 	0.14 	0.0 	0.03 	0.01 	0.0 	0.0 	0.0 	0.0 	0.0 	0.04 	0.05 	0.01 	0.04 	0.0 	0.0 	0.06 	0.58 	0.01 	0.02 	0.02 	
36 	0.02 	0.08 	0.01 	0.0 	0.0 	0.25 	0.01 	0.0 	0.01 	0.02 	0.1 	0.38 	0.04 	0.02 	0.01 	0.01 	0.02 	0.0 	0.0 	0.02 	
37 	0.12 	0.2 	0.07 	0.05 	0.0 	0.03 	0.04 	0.04 	0.01 	0.03 	0.01 	0.03 	0.0 	0.02 	0.01 	0.06 	0.26 	0.0 	0.01 	0.01 	
38 	0.01 	0.02 	0.0 	0.0 	0.0 	0.01 	0.0 	0.0 	0.04 	0.02 	0.13 	0.11 	0.06 	0.1 	0.01 	0.01 	0.0 	0.0 	0.43 	0.03 	
39 	0.0 	0.0 	0.0 	0.0 	0.0 	0.0 	0.0 	0.0 	0.0 	0.0 	0.0 	0.0 	0.0 	0.96 	0.0 	0.0 	0.0 	0.0 	0.02 	0.0 	
40 	0.1 	0.01 	0.01 	0.07 	0.0 	0.01 	0.04 	0.06 	0.03 	0.0 	0.01 	0.09 	0.0 	0.0 	0.29 	0.23 	0.03 	0.0 	0.0 	0.01 	
41 	0.03 	0.08 	0.04 	0.05 	0.01 	0.06 	0.01 	0.04 	0.23 	0.0 	0.01 	0.15 	0.02 	0.06 	0.0 	0.11 	0.02 	0.0 	0.05 	0.0 	
42 	0.0 	0.03 	0.03 	0.0 	0.0 	0.0 	0.0 	0.0 	0.05 	0.0 	0.06 	0.0 	0.03 	0.51 	0.0 	0.03 	0.03 	0.11 	0.03 	0.06 	
43 	0.08 	0.03 	0.03 	0.09 	0.0 	0.05 	0.02 	0.15 	0.03 	0.03 	0.06 	0.13 	0.0 	0.03 	0.05 	0.09 	0.1 	0.0 	0.0 	0.03 	
44 	0.02 	0.05 	0.13 	0.29 	0.0 	0.02 	0.04 	0.21 	0.04 	0.02 	0.02 	0.02 	0.0 	0.02 	0.0 	0.03 	0.02 	0.0 	0.0 	0.03 	
45 	0.03 	0.02 	0.04 	0.08 	0.08 	0.02 	0.03 	0.01 	0.07 	0.04 	0.24 	0.07 	0.04 	0.07 	0.0 	0.01 	0.03 	0.0 	0.02 	0.1 	
46 	0.06 	0.04 	0.03 	0.05 	0.01 	0.04 	0.03 	0.03 	0.04 	0.0 	0.03 	0.07 	0.0 	0.03 	0.02 	0.4 	0.07 	0.0 	0.02 	0.03 	
47 	0.05 	0.0 	0.1 	0.08 	0.0 	0.03 	0.03 	0.03 	0.06 	0.05 	0.07 	0.04 	0.0 	0.03 	0.12 	0.13 	0.14 	0.0 	0.0 	0.03 	
48 	0.24 	0.03 	0.04 	0.05 	0.01 	0.07 	0.08 	0.07 	0.01 	0.03 	0.03 	0.03 	0.01 	0.01 	0.08 	0.08 	0.03 	0.0 	0.04 	0.07 	
49 	0.18 	0.01 	0.03 	0.25 	0.01 	0.06 	0.09 	0.04 	0.02 	0.03 	0.03 	0.02 	0.01 	0.03 	0.05 	0.06 	0.04 	0.0 	0.01 	0.04 	
50 	0.03 	0.02 	0.02 	0.05 	0.04 	0.03 	0.03 	0.02 	0.01 	0.21 	0.18 	0.04 	0.11 	0.02 	0.04 	0.03 	0.03 	0.0 	0.01 	0.08 	
51 	0.08 	0.06 	0.01 	0.02 	0.02 	0.03 	0.11 	0.03 	0.04 	0.04 	0.09 	0.19 	0.08 	0.02 	0.05 	0.04 	0.04 	0.0 	0.01 	0.03 	
52 	0.06 	0.02 	0.07 	0.06 	0.02 	0.05 	0.02 	0.39 	0.08 	0.01 	0.01 	0.04 	0.0 	0.01 	0.01 	0.1 	0.03 	0.0 	0.0 	0.01 	
53 	0.01 	0.0 	0.31 	0.05 	0.0 	0.0 	0.03 	0.03 	0.02 	0.0 	0.01 	0.0 	0.0 	0.0 	0.0 	0.43 	0.08 	0.0 	0.0 	0.01 	
54 	0.27 	0.02 	0.01 	0.02 	0.0 	0.01 	0.1 	0.06 	0.0 	0.01 	0.0 	0.03 	0.01 	0.01 	0.35 	0.08 	0.02 	0.0 	0.01 	0.01 	
55 	0.09 	0.02 	0.03 	0.12 	0.0 	0.2 	0.1 	0.03 	0.02 	0.0 	0.01 	0.23 	0.02 	0.01 	0.03 	0.01 	0.02 	0.0 	0.01 	0.02 	
56 	0.06 	0.0 	0.0 	0.0 	0.0 	0.04 	0.07 	0.04 	0.0 	0.13 	0.12 	0.0 	0.04 	0.09 	0.04 	0.0 	0.0 	0.04 	0.04 	0.2 	
57 	0.07 	0.07 	0.03 	0.0 	0.0 	0.09 	0.07 	0.0 	0.04 	0.07 	0.05 	0.21 	0.03 	0.07 	0.03 	0.04 	0.04 	0.0 	0.0 	0.0 	
58 	0.36 	0.01 	0.04 	0.04 	0.0 	0.02 	0.03 	0.07 	0.03 	0.01 	0.01 	0.18 	0.0 	0.0 	0.02 	0.04 	0.08 	0.01 	0.0 	0.02 	
59 	0.0 	0.0 	0.0 	0.0 	0.0 	0.08 	0.0 	0.0 	0.79 	0.0 	0.01 	0.0 	0.0 	0.0 	0.0 	0.0 	0.0 	0.0 	0.02 	0.03 	
60 	0.27 	0.0 	0.0 	0.0 	0.0 	0.0 	0.0 	0.52 	0.0 	0.02 	0.02 	0.0 	0.0 	0.0 	0.0 	0.06 	0.02 	0.0 	0.0 	0.04 	
61 	0.07 	0.08 	0.03 	0.02 	0.01 	0.05 	0.06 	0.08 	0.01 	0.06 	0.04 	0.26 	0.05 	0.0 	0.0 	0.04 	0.05 	0.0 	0.0 	0.06 	
62 	0.04 	0.17 	0.02 	0.01 	0.0 	0.01 	0.0 	0.0 	0.0 	0.02 	0.02 	0.42 	0.0 	0.0 	0.0 	0.04 	0.16 	0.0 	0.01 	0.05 	
63 	0.01 	0.0 	0.0 	0.0 	0.0 	0.0 	0.0 	0.0 	0.0 	0.15 	0.07 	0.0 	0.01 	0.03 	0.0 	0.0 	0.02 	0.0 	0.0 	0.67 	
64 	0.09 	0.0 	0.0 	0.0 	0.01 	0.01 	0.01 	0.02 	0.0 	0.09 	0.27 	0.01 	0.13 	0.15 	0.0 	0.03 	0.03 	0.0 	0.0 	0.15 	
65 	0.09 	0.02 	0.13 	0.13 	0.0 	0.02 	0.03 	0.14 	0.03 	0.0 	0.04 	0.06 	0.01 	0.0 	0.0 	0.08 	0.13 	0.0 	0.02 	0.04 	
66 	0.45 	0.03 	0.0 	0.0 	0.0 	0.06 	0.01 	0.14 	0.0 	0.01 	0.02 	0.02 	0.03 	0.04 	0.0 	0.11 	0.01 	0.0 	0.03 	0.02 	
67 	0.0 	0.0 	0.0 	0.01 	0.0 	0.0 	0.0 	0.0 	0.0 	0.17 	0.5 	0.0 	0.04 	0.12 	0.0 	0.0 	0.03 	0.0 	0.0 	0.1 	
68 	0.06 	0.05 	0.09 	0.12 	0.04 	0.02 	0.02 	0.28 	0.01 	0.01 	0.02 	0.01 	0.01 	0.0 	0.0 	0.11 	0.09 	0.0 	0.01 	0.04 	
69 	0.08 	0.04 	0.1 	0.15 	0.0 	0.03 	0.23 	0.04 	0.03 	0.01 	0.06 	0.09 	0.01 	0.0 	0.0 	0.03 	0.06 	0.01 	0.0 	0.03 	
70 	0.52 	0.0 	0.0 	0.0 	0.01 	0.0 	0.01 	0.07 	0.0 	0.08 	0.04 	0.01 	0.03 	0.06 	0.01 	0.01 	0.02 	0.02 	0.03 	0.07 	
71 	0.09 	0.0 	0.01 	0.0 	0.01 	0.0 	0.0 	0.04 	0.0 	0.18 	0.18 	0.0 	0.01 	0.0 	0.0 	0.01 	0.02 	0.0 	0.01 	0.43 	
72 	0.06 	0.02 	0.14 	0.1 	0.01 	0.04 	0.05 	0.1 	0.01 	0.0 	0.01 	0.33 	0.0 	0.01 	0.0 	0.06 	0.03 	0.0 	0.0 	0.01 	
73 	0.06 	0.01 	0.22 	0.02 	0.0 	0.05 	0.04 	0.01 	0.27 	0.08 	0.07 	0.06 	0.0 	0.0 	0.0 	0.06 	0.01 	0.0 	0.01 	0.04 	
74 	0.03 	0.02 	0.01 	0.07 	0.0 	0.0 	0.01 	0.0 	0.0 	0.12 	0.42 	0.08 	0.14 	0.01 	0.01 	0.01 	0.03 	0.0 	0.0 	0.05 	
75 	0.04 	0.01 	0.08 	0.56 	0.0 	0.01 	0.03 	0.17 	0.01 	0.0 	0.0 	0.01 	0.0 	0.0 	0.01 	0.02 	0.0 	0.0 	0.0 	0.05 	
76 	0.01 	0.03 	0.32 	0.34 	0.0 	0.02 	0.02 	0.04 	0.03 	0.04 	0.05 	0.02 	0.01 	0.0 	0.0 	0.04 	0.02 	0.0 	0.0 	0.01 	
77 	0.07 	0.02 	0.03 	0.09 	0.0 	0.01 	0.07 	0.01 	0.1 	0.05 	0.09 	0.16 	0.03 	0.01 	0.09 	0.05 	0.03 	0.0 	0.0 	0.07 	
78 	0.24 	0.01 	0.03 	0.06 	0.0 	0.01 	0.08 	0.23 	0.02 	0.01 	0.01 	0.06 	0.01 	0.0 	0.04 	0.12 	0.05 	0.0 	0.0 	0.0 	
79 	0.28 	0.02 	0.04 	0.03 	0.02 	0.02 	0.06 	0.09 	0.03 	0.0 	0.02 	0.08 	0.0 	0.0 	0.01 	0.03 	0.2 	0.0 	0.01 	0.02 	
80 	0.04 	0.0 	0.0 	0.02 	0.0 	0.01 	0.0 	0.0 	0.01 	0.07 	0.48 	0.0 	0.08 	0.09 	0.0 	0.0 	0.01 	0.0 	0.09 	0.08 	
81 	0.22 	0.01 	0.03 	0.02 	0.01 	0.05 	0.05 	0.01 	0.01 	0.01 	0.08 	0.14 	0.01 	0.02 	0.01 	0.24 	0.03 	0.0 	0.01 	0.04 	
82 	0.13 	0.03 	0.03 	0.06 	0.03 	0.03 	0.08 	0.06 	0.01 	0.0 	0.0 	0.25 	0.02 	0.0 	0.08 	0.06 	0.08 	0.0 	0.01 	0.02 	
83 	0.0 	0.0 	0.0 	0.0 	0.0 	0.02 	0.0 	0.0 	0.0 	0.05 	0.76 	0.02 	0.03 	0.02 	0.0 	0.0 	0.01 	0.0 	0.01 	0.04 	
84 	0.19 	0.01 	0.0 	0.0 	0.01 	0.01 	0.0 	0.07 	0.0 	0.02 	0.11 	0.01 	0.01 	0.0 	0.0 	0.47 	0.01 	0.0 	0.02 	0.04 	
85 	0.08 	0.03 	0.04 	0.15 	0.01 	0.09 	0.22 	0.02 	0.03 	0.02 	0.03 	0.1 	0.0 	0.0 	0.0 	0.07 	0.02 	0.0 	0.0 	0.05 	
86 	0.02 	0.02 	0.02 	0.01 	0.0 	0.07 	0.02 	0.01 	0.01 	0.03 	0.37 	0.18 	0.01 	0.01 	0.0 	0.07 	0.07 	0.0 	0.03 	0.03 	
87 	0.0 	0.0 	0.01 	0.0 	0.0 	0.0 	0.0 	0.01 	0.73 	0.0 	0.09 	0.01 	0.03 	0.06 	0.02 	0.0 	0.01 	0.0 	0.01 	0.01 	
88 	0.46 	0.01 	0.01 	0.01 	0.1 	0.01 	0.01 	0.11 	0.0 	0.02 	0.02 	0.01 	0.0 	0.01 	0.0 	0.13 	0.02 	0.0 	0.02 	0.03 	
89 	0.03 	0.04 	0.05 	0.08 	0.0 	0.06 	0.12 	0.02 	0.1 	0.0 	0.03 	0.08 	0.0 	0.07 	0.01 	0.04 	0.12 	0.0 	0.08 	0.06 	
90 	0.0 	0.05 	0.11 	0.07 	0.0 	0.02 	0.1 	0.03 	0.01 	0.04 	0.0 	0.45 	0.0 	0.01 	0.0 	0.05 	0.04 	0.0 	0.0 	0.02 	
91 	0.0 	0.03 	0.02 	0.01 	0.0 	0.0 	0.0 	0.04 	0.28 	0.02 	0.49 	0.0 	0.02 	0.04 	0.0 	0.02 	0.01 	0.0 	0.02 	0.0 	
92 	0.0 	0.24 	0.03 	0.0 	0.0 	0.04 	0.0 	0.13 	0.21 	0.01 	0.03 	0.23 	0.01 	0.0 	0.0 	0.01 	0.01 	0.0 	0.01 	0.04 	
93 	0.04 	0.0 	0.0 	0.0 	0.0 	0.0 	0.0 	0.0 	0.0 	0.22 	0.02 	0.0 	0.0 	0.01 	0.0 	0.0 	0.01 	0.0 	0.0 	0.7 	
94 	0.02 	0.03 	0.03 	0.53 	0.0 	0.02 	0.02 	0.05 	0.0 	0.0 	0.0 	0.03 	0.01 	0.0 	0.07 	0.08 	0.08 	0.0 	0.0 	0.01 	
95 	0.09 	0.02 	0.01 	0.05 	0.0 	0.01 	0.0 	0.02 	0.02 	0.04 	0.01 	0.05 	0.0 	0.01 	0.57 	0.02 	0.03 	0.0 	0.0 	0.03 	
96 	0.13 	0.0 	0.02 	0.14 	0.0 	0.09 	0.16 	0.05 	0.03 	0.03 	0.0 	0.08 	0.0 	0.0 	0.01 	0.03 	0.02 	0.0 	0.0 	0.18 	
97 	0.01 	0.02 	0.49 	0.02 	0.0 	0.1 	0.04 	0.0 	0.12 	0.0 	0.01 	0.0 	0.0 	0.01 	0.0 	0.03 	0.0 	0.01 	0.12 	0.0 	
98 	0.0 	0.0 	0.0 	0.0 	0.0 	0.0 	0.0 	0.0 	0.0 	0.01 	0.08 	0.0 	0.01 	0.84 	0.0 	0.0 	0.0 	0.0 	0.04 	0.01 	
99 	0.02 	0.15 	0.04 	0.05 	0.0 	0.02 	0.16 	0.06 	0.01 	0.0 	0.01 	0.35 	0.02 	0.0 	0.05 	0.01 	0.03 	0.0 	0.01 	0.02 	
100 	0.03 	0.02 	0.04 	0.01 	0.0 	0.02 	0.09 	0.0 	0.0 	0.07 	0.43 	0.03 	0.01 	0.06 	0.01 	0.03 	0.02 	0.0 	0.01 	0.1 	
101 	0.05 	0.0 	0.0 	0.0 	0.0 	0.0 	0.0 	0.03 	0.0 	0.13 	0.43 	0.0 	0.05 	0.13 	0.0 	0.0 	0.03 	0.0 	0.0 	0.07 	
102 	0.1 	0.11 	0.04 	0.0 	0.03 	0.01 	0.04 	0.2 	0.01 	0.02 	0.02 	0.05 	0.0 	0.03 	0.0 	0.16 	0.05 	0.0 	0.02 	0.03 	
103 	0.04 	0.0 	0.1 	0.06 	0.0 	0.06 	0.15 	0.07 	0.13 	0.01 	0.01 	0.04 	0.01 	0.07 	0.06 	0.04 	0.05 	0.0 	0.02 	0.0 	
104 	0.2 	0.0 	0.05 	0.01 	0.17 	0.01 	0.01 	0.03 	0.02 	0.13 	0.02 	0.0 	0.04 	0.0 	0.04 	0.04 	0.02 	0.0 	0.0 	0.13 	
105 	0.03 	0.0 	0.0 	0.0 	0.0 	0.0 	0.0 	0.0 	0.0 	0.21 	0.36 	0.0 	0.05 	0.18 	0.0 	0.0 	0.03 	0.0 	0.0 	0.06 	
106 	0.04 	0.03 	0.03 	0.03 	0.0 	0.03 	0.03 	0.04 	0.04 	0.1 	0.13 	0.06 	0.06 	0.03 	0.04 	0.03 	0.06 	0.0 	0.0 	0.15 	
107 	0.06 	0.03 	0.04 	0.05 	0.03 	0.05 	0.05 	0.06 	0.04 	0.09 	0.03 	0.06 	0.03 	0.0 	0.0 	0.04 	0.05 	0.0 	0.03 	0.17 	
108 	0.06 	0.01 	0.0 	0.0 	0.06 	0.0 	0.03 	0.02 	0.0 	0.03 	0.03 	0.0 	0.03 	0.06 	0.0 	0.03 	0.17 	0.0 	0.05 	0.34 	
109 	0.02 	0.0 	0.0 	0.0 	0.02 	0.0 	0.0 	0.0 	0.0 	0.1 	0.48 	0.0 	0.09 	0.04 	0.02 	0.02 	0.02 	0.0 	0.0 	0.1 	
110 	0.41 	0.02 	0.01 	0.04 	0.01 	0.07 	0.05 	0.07 	0.04 	0.0 	0.01 	0.07 	0.01 	0.02 	0.0 	0.05 	0.01 	0.0 	0.01 	0.02 	
111 	0.16 	0.05 	0.02 	0.03 	0.03 	0.03 	0.12 	0.03 	0.08 	0.04 	0.02 	0.03 	0.06 	0.03 	0.0 	0.11 	0.04 	0.0 	0.02 	0.05 	
112 	0.06 	0.04 	0.04 	0.01 	0.01 	0.02 	0.04 	0.02 	0.32 	0.01 	0.03 	0.17 	0.03 	0.01 	0.09 	0.03 	0.03 	0.0 	0.03 	0.02 	
113 	0.11 	0.0 	0.03 	0.02 	0.01 	0.01 	0.02 	0.01 	0.12 	0.03 	0.19 	0.01 	0.05 	0.22 	0.02 	0.04 	0.04 	0.0 	0.02 	0.04 	
114 	0.06 	0.0 	0.02 	0.09 	0.01 	0.01 	0.06 	0.41 	0.02 	0.0 	0.01 	0.02 	0.0 	0.01 	0.19 	0.05 	0.01 	0.0 	0.0 	0.02 	
115 	0.03 	0.01 	0.01 	0.02 	0.0 	0.02 	0.01 	0.1 	0.01 	0.0 	0.08 	0.06 	0.02 	0.4 	0.04 	0.03 	0.06 	0.06 	0.04 	0.02 	
116 	0.01 	0.0 	0.08 	0.19 	0.01 	0.0 	0.04 	0.05 	0.01 	0.0 	0.0 	0.03 	0.0 	0.0 	0.03 	0.06 	0.42 	0.0 	0.0 	0.01 	
117 	0.17 	0.01 	0.01 	0.04 	0.01 	0.01 	0.03 	0.04 	0.0 	0.0 	0.01 	0.02 	0.01 	0.1 	0.43 	0.01 	0.01 	0.0 	0.03 	0.03 	
118 	0.14 	0.01 	0.03 	0.1 	0.0 	0.06 	0.28 	0.08 	0.01 	0.01 	0.01 	0.01 	0.0 	0.02 	0.05 	0.05 	0.04 	0.01 	0.01 	0.03 	
119 	0.15 	0.01 	0.03 	0.02 	0.03 	0.01 	0.01 	0.09 	0.0 	0.04 	0.09 	0.0 	0.05 	0.0 	0.02 	0.01 	0.08 	0.03 	0.01 	0.29 	
120 	0.03 	0.04 	0.03 	0.07 	0.0 	0.31 	0.03 	0.01 	0.28 	0.01 	0.01 	0.1 	0.0 	0.0 	0.0 	0.01 	0.01 	0.0 	0.0 	0.02 	
121 	0.46 	0.02 	0.02 	0.05 	0.03 	0.03 	0.05 	0.06 	0.01 	0.0 	0.04 	0.02 	0.01 	0.01 	0.0 	0.04 	0.03 	0.0 	0.0 	0.07 	
122 	0.63 	0.0 	0.0 	0.01 	0.01 	0.01 	0.01 	0.03 	0.0 	0.01 	0.0 	0.0 	0.0 	0.0 	0.01 	0.17 	0.01 	0.0 	0.01 	0.02 	
123 	0.02 	0.0 	0.0 	0.0 	0.01 	0.0 	0.0 	0.0 	0.0 	0.01 	0.14 	0.0 	0.07 	0.19 	0.0 	0.0 	0.01 	0.37 	0.06 	0.09 	
124 	0.06 	0.03 	0.03 	0.3 	0.0 	0.21 	0.11 	0.05 	0.01 	0.0 	0.03 	0.04 	0.0 	0.0 	0.0 	0.04 	0.03 	0.0 	0.01 	0.01 	
125 	0.06 	0.02 	0.05 	0.02 	0.0 	0.02 	0.04 	0.02 	0.01 	0.0 	0.01 	0.67 	0.0 	0.0 	0.01 	0.02 	0.01 	0.0 	0.0 	0.02 	
126 	0.16 	0.0 	0.0 	0.0 	0.03 	0.0 	0.0 	0.01 	0.01 	0.02 	0.27 	0.0 	0.04 	0.33 	0.0 	0.01 	0.01 	0.0 	0.01 	0.11 	
127 	0.02 	0.01 	0.0 	0.0 	0.0 	0.0 	0.01 	0.0 	0.0 	0.02 	0.36 	0.0 	0.09 	0.15 	0.0 	0.02 	0.01 	0.01 	0.09 	0.21 	
128 	0.25 	0.02 	0.04 	0.1 	0.05 	0.03 	0.09 	0.15 	0.01 	0.0 	0.01 	0.02 	0.01 	0.0 	0.0 	0.15 	0.05 	0.0 	0.01 	0.0 	
129 	0.16 	0.01 	0.05 	0.0 	0.01 	0.03 	0.02 	0.14 	0.04 	0.05 	0.1 	0.01 	0.05 	0.02 	0.0 	0.03 	0.03 	0.0 	0.01 	0.23 	
130 	0.01 	0.01 	0.0 	0.0 	0.0 	0.0 	0.0 	0.0 	0.0 	0.19 	0.13 	0.0 	0.01 	0.07 	0.0 	0.0 	0.02 	0.0 	0.0 	0.56 	
131 	0.32 	0.07 	0.01 	0.0 	0.07 	0.04 	0.01 	0.05 	0.0 	0.06 	0.0 	0.02 	0.01 	0.04 	0.0 	0.1 	0.02 	0.0 	0.03 	0.16 	
132 	0.2 	0.01 	0.15 	0.06 	0.0 	0.01 	0.04 	0.02 	0.09 	0.04 	0.06 	0.06 	0.0 	0.0 	0.02 	0.12 	0.1 	0.01 	0.01 	0.0 	
133 	0.51 	0.0 	0.01 	0.1 	0.0 	0.01 	0.01 	0.03 	0.02 	0.01 	0.05 	0.01 	0.02 	0.0 	0.0 	0.03 	0.04 	0.0 	0.0 	0.15 	
134 	0.01 	0.0 	0.0 	0.0 	0.01 	0.0 	0.0 	0.0 	0.0 	0.14 	0.71 	0.0 	0.11 	0.0 	0.0 	0.0 	0.0 	0.0 	0.0 	0.02 	
135 	0.33 	0.02 	0.01 	0.02 	0.01 	0.01 	0.04 	0.1 	0.0 	0.03 	0.0 	0.13 	0.0 	0.01 	0.0 	0.14 	0.13 	0.0 	0.0 	0.02 	
136 	0.17 	0.15 	0.0 	0.03 	0.01 	0.02 	0.09 	0.01 	0.12 	0.0 	0.01 	0.1 	0.0 	0.0 	0.0 	0.25 	0.03 	0.0 	0.0 	0.0 	
137 	0.1 	0.12 	0.02 	0.01 	0.0 	0.11 	0.11 	0.05 	0.01 	0.0 	0.01 	0.39 	0.0 	0.0 	0.0 	0.01 	0.02 	0.0 	0.02 	0.01 	
138 	0.0 	0.0 	0.0 	0.0 	0.0 	0.02 	0.0 	0.0 	0.0 	0.0 	0.0 	0.0 	0.07 	0.0 	0.0 	0.0 	0.0 	0.0 	0.91 	0.0 	
139 	0.01 	0.59 	0.0 	0.0 	0.0 	0.0 	0.01 	0.0 	0.0 	0.0 	0.0 	0.37 	0.0 	0.0 	0.0 	0.0 	0.02 	0.0 	0.0 	0.0 	
140 	0.06 	0.06 	0.0 	0.0 	0.0 	0.09 	0.76 	0.0 	0.0 	0.0 	0.0 	0.0 	0.0 	0.0 	0.0 	0.0 	0.0 	0.0 	0.0 	0.02 	
141 	0.11 	0.0 	0.0 	0.0 	0.0 	0.0 	0.0 	0.0 	0.0 	0.04 	0.57 	0.0 	0.0 	0.11 	0.0 	0.0 	0.0 	0.0 	0.0 	0.16 	
142 	0.0 	0.0 	0.14 	0.0 	0.0 	0.0 	0.0 	0.86 	0.0 	0.0 	0.0 	0.0 	0.0 	0.0 	0.0 	0.0 	0.0 	0.0 	0.0 	0.0 	
143 	0.0 	0.0 	0.0 	0.0 	0.0 	0.0 	0.0 	0.0 	0.0 	0.0 	0.0 	0.0 	0.0 	0.71 	0.0 	0.0 	0.0 	0.24 	0.04 	0.0 	
144 	0.06 	0.0 	0.0 	0.0 	0.0 	0.64 	0.12 	0.0 	0.0 	0.0 	0.0 	0.0 	0.0 	0.0 	0.0 	0.09 	0.08 	0.0 	0.0 	0.0 	
