	A 	R 	N 	D 	C 	Q 	E 	G 	H 	I 	L 	K 	M 	F 	P 	S 	T 	W 	Y 	V 	
1 	0.0 	0.0 	0.0 	0.0 	0.0 	0.0 	0.0 	0.0 	0.0 	0.0 	0.0 	0.0 	1.0 	0.0 	0.0 	0.0 	0.0 	0.0 	0.0 	0.0 	
2 	0.0 	0.0 	0.0 	0.0 	0.0 	0.0 	0.0 	0.0 	0.0 	0.0 	0.0 	1.0 	0.0 	0.0 	0.0 	0.0 	0.0 	0.0 	0.0 	0.0 	
3 	0.0 	0.0 	0.0 	0.0 	0.0 	0.0 	0.0 	0.0 	0.0 	0.1 	0.75 	0.0 	0.15 	0.0 	0.0 	0.0 	0.0 	0.0 	0.0 	0.0 	
4 	0.0 	0.0 	0.0 	0.0 	0.13 	0.0 	0.0 	0.0 	0.0 	0.0 	0.0 	0.14 	0.46 	0.0 	0.0 	0.27 	0.0 	0.0 	0.0 	0.0 	
5 	0.0 	0.0 	0.0 	0.31 	0.0 	0.08 	0.38 	0.0 	0.0 	0.0 	0.0 	0.11 	0.0 	0.0 	0.0 	0.12 	0.0 	0.0 	0.0 	0.0 	
6 	0.01 	0.01 	0.01 	0.01 	0.0 	0.01 	0.24 	0.01 	0.0 	0.01 	0.11 	0.01 	0.13 	0.12 	0.01 	0.01 	0.3 	0.0 	0.0 	0.01 	
7 	0.02 	0.01 	0.01 	0.01 	0.0 	0.01 	0.01 	0.02 	0.01 	0.42 	0.02 	0.01 	0.01 	0.23 	0.01 	0.02 	0.01 	0.0 	0.01 	0.15 	
8 	0.0 	0.25 	0.1 	0.0 	0.0 	0.21 	0.0 	0.1 	0.0 	0.0 	0.0 	0.34 	0.0 	0.0 	0.0 	0.0 	0.0 	0.0 	0.0 	0.0 	
9 	0.0 	0.08 	0.0 	0.0 	0.0 	0.0 	0.0 	0.0 	0.0 	0.0 	0.0 	0.0 	0.0 	0.0 	0.0 	0.26 	0.66 	0.0 	0.0 	0.0 	
10 	0.14 	0.0 	0.0 	0.0 	0.0 	0.0 	0.07 	0.18 	0.0 	0.0 	0.0 	0.0 	0.0 	0.0 	0.0 	0.08 	0.37 	0.0 	0.0 	0.16 	
11 	0.0 	0.0 	0.0 	1.0 	0.0 	0.0 	0.0 	0.0 	0.0 	0.0 	0.0 	0.0 	0.0 	0.0 	0.0 	0.0 	0.0 	0.0 	0.0 	0.0 	
12 	0.24 	0.0 	0.0 	0.0 	0.0 	0.0 	0.06 	0.13 	0.0 	0.0 	0.0 	0.0 	0.0 	0.17 	0.0 	0.0 	0.0 	0.32 	0.0 	0.07 	
13 	0.38 	0.0 	0.0 	0.0 	0.0 	0.0 	0.1 	0.13 	0.0 	0.0 	0.0 	0.39 	0.0 	0.0 	0.0 	0.0 	0.0 	0.0 	0.0 	0.0 	
14 	0.0 	0.0 	0.0 	0.0 	0.0 	0.08 	0.0 	0.18 	0.0 	0.0 	0.0 	0.53 	0.05 	0.0 	0.07 	0.0 	0.08 	0.0 	0.0 	0.0 	
15 	0.01 	0.01 	0.0 	0.01 	0.0 	0.0 	0.9 	0.01 	0.0 	0.01 	0.01 	0.01 	0.0 	0.0 	0.01 	0.01 	0.01 	0.0 	0.0 	0.01 	
16 	0.0 	0.0 	0.0 	0.0 	0.0 	0.0 	0.0 	0.0 	0.0 	0.0 	0.0 	1.0 	0.0 	0.0 	0.0 	0.0 	0.0 	0.0 	0.0 	0.0 	
17 	0.0 	0.0 	0.0 	0.0 	0.0 	0.0 	0.0 	0.0 	1.0 	0.0 	0.0 	0.0 	0.0 	0.0 	0.0 	0.0 	0.0 	0.0 	0.0 	0.0 	
18 	0.0 	0.0 	0.0 	0.0 	0.0 	0.0 	0.0 	0.0 	0.0 	0.0 	0.0 	0.0 	0.0 	0.0 	0.0 	0.0 	0.1 	0.0 	0.0 	0.9 	
19 	0.0 	0.0 	0.0 	0.0 	0.0 	0.0 	0.0 	0.0 	0.0 	0.0 	0.0 	0.0 	0.0 	0.0 	1.0 	0.0 	0.0 	0.0 	0.0 	0.0 	
20 	0.08 	0.0 	0.0 	0.0 	0.0 	0.0 	0.0 	0.0 	0.08 	0.0 	0.0 	0.0 	0.0 	0.1 	0.0 	0.0 	0.0 	0.0 	0.0 	0.73 	
21 	0.0 	0.0 	0.0 	0.0 	0.0 	0.0 	0.0 	0.0 	0.0 	0.93 	0.0 	0.0 	0.0 	0.0 	0.0 	0.0 	0.0 	0.0 	0.0 	0.07 	
22 	0.0 	0.0 	0.0 	0.0 	0.0 	0.0 	0.92 	0.0 	0.0 	0.0 	0.0 	0.0 	0.0 	0.0 	0.0 	0.0 	0.08 	0.0 	0.0 	0.0 	
23 	0.08 	0.07 	0.0 	0.0 	0.19 	0.0 	0.0 	0.0 	0.0 	0.0 	0.01 	0.38 	0.0 	0.0 	0.0 	0.0 	0.0 	0.0 	0.18 	0.06 	
24 	0.02 	0.01 	0.01 	0.09 	0.0 	0.01 	0.2 	0.02 	0.0 	0.06 	0.08 	0.12 	0.0 	0.01 	0.08 	0.02 	0.21 	0.0 	0.01 	0.07 	
25 	0.15 	0.08 	0.09 	0.31 	0.01 	0.02 	0.1 	0.03 	0.01 	0.02 	0.04 	0.02 	0.01 	0.02 	0.02 	0.03 	0.02 	0.01 	0.01 	0.03 	
26 	0.17 	0.13 	0.1 	0.09 	0.01 	0.02 	0.03 	0.13 	0.01 	0.02 	0.04 	0.1 	0.01 	0.02 	0.02 	0.03 	0.03 	0.01 	0.01 	0.03 	
27 	0.06 	0.04 	0.03 	0.04 	0.01 	0.03 	0.05 	0.06 	0.02 	0.04 	0.07 	0.04 	0.02 	0.03 	0.04 	0.05 	0.04 	0.01 	0.02 	0.3 	
28 	0.13 	0.12 	0.03 	0.03 	0.01 	0.02 	0.04 	0.04 	0.01 	0.03 	0.05 	0.29 	0.01 	0.02 	0.03 	0.04 	0.03 	0.01 	0.02 	0.04 	
29 	0.22 	0.03 	0.02 	0.03 	0.01 	0.02 	0.27 	0.04 	0.01 	0.03 	0.05 	0.1 	0.01 	0.02 	0.03 	0.04 	0.03 	0.01 	0.02 	0.03 	
30 	0.03 	0.02 	0.12 	0.17 	0.01 	0.02 	0.09 	0.27 	0.01 	0.02 	0.04 	0.03 	0.01 	0.02 	0.02 	0.03 	0.03 	0.01 	0.01 	0.03 	
31 	0.1 	0.02 	0.1 	0.25 	0.01 	0.01 	0.21 	0.08 	0.01 	0.02 	0.03 	0.02 	0.01 	0.01 	0.02 	0.02 	0.08 	0.0 	0.01 	0.02 	
32 	0.02 	0.02 	0.01 	0.02 	0.01 	0.01 	0.02 	0.23 	0.01 	0.02 	0.21 	0.09 	0.01 	0.09 	0.02 	0.02 	0.02 	0.0 	0.11 	0.08 	
33 	0.02 	0.01 	0.16 	0.01 	0.0 	0.01 	0.02 	0.02 	0.01 	0.01 	0.02 	0.01 	0.01 	0.19 	0.01 	0.02 	0.12 	0.0 	0.01 	0.32 	
34 	0.0 	0.0 	0.08 	0.0 	0.0 	0.07 	0.16 	0.36 	0.0 	0.0 	0.0 	0.24 	0.0 	0.0 	0.08 	0.0 	0.0 	0.0 	0.0 	0.0 	
35 	0.0 	0.0 	0.0 	0.0 	0.0 	0.0 	0.0 	0.0 	0.0 	0.29 	0.0 	0.0 	0.0 	0.04 	0.0 	0.0 	0.0 	0.0 	0.18 	0.48 	
36 	0.0 	0.07 	0.0 	0.08 	0.0 	0.0 	0.13 	0.0 	0.0 	0.07 	0.1 	0.34 	0.0 	0.0 	0.0 	0.0 	0.08 	0.0 	0.06 	0.07 	
37 	0.0 	0.0 	0.0 	0.0 	0.0 	0.0 	0.0 	0.0 	0.0 	0.16 	0.0 	0.0 	0.0 	0.0 	0.0 	0.0 	0.0 	0.0 	0.0 	0.84 	
38 	0.0 	0.0 	0.0 	0.0 	0.0 	0.05 	0.0 	0.0 	0.0 	0.0 	0.0 	0.39 	0.0 	0.0 	0.0 	0.45 	0.11 	0.0 	0.0 	0.0 	
39 	0.0 	0.0 	0.0 	0.0 	0.0 	0.0 	0.0 	0.0 	0.0 	0.0 	0.08 	0.0 	0.0 	0.0 	0.0 	0.0 	0.1 	0.0 	0.0 	0.82 	
40 	0.0 	0.0 	0.0 	0.0 	0.0 	0.0 	0.0 	1.0 	0.0 	0.0 	0.0 	0.0 	0.0 	0.0 	0.0 	0.0 	0.0 	0.0 	0.0 	0.0 	
41 	0.1 	0.01 	0.01 	0.01 	0.0 	0.01 	0.01 	0.01 	0.0 	0.01 	0.02 	0.4 	0.0 	0.01 	0.01 	0.36 	0.01 	0.0 	0.01 	0.01 	
42 	0.04 	0.03 	0.02 	0.03 	0.01 	0.02 	0.49 	0.04 	0.01 	0.03 	0.05 	0.03 	0.01 	0.02 	0.03 	0.04 	0.03 	0.01 	0.02 	0.04 	
43 	0.0 	0.0 	0.0 	0.0 	0.0 	0.0 	0.0 	0.0 	0.0 	0.49 	0.0 	0.0 	0.0 	0.0 	0.0 	0.0 	0.0 	0.0 	0.0 	0.51 	
44 	0.34 	0.0 	0.0 	0.0 	0.0 	0.0 	0.13 	0.0 	0.0 	0.0 	0.0 	0.0 	0.0 	0.0 	0.53 	0.0 	0.0 	0.0 	0.0 	0.0 	
45 	0.0 	0.0 	0.0 	0.0 	0.0 	0.0 	0.0 	0.0 	1.0 	0.0 	0.0 	0.0 	0.0 	0.0 	0.0 	0.0 	0.0 	0.0 	0.0 	0.0 	
46 	0.0 	0.0 	0.0 	0.0 	0.0 	0.0 	0.0 	0.0 	0.0 	0.0 	0.0 	0.0 	0.0 	0.0 	1.0 	0.0 	0.0 	0.0 	0.0 	0.0 	
47 	0.0 	0.0 	0.39 	0.0 	0.0 	0.0 	0.0 	0.0 	0.0 	0.0 	0.0 	0.0 	0.61 	0.0 	0.0 	0.0 	0.0 	0.0 	0.0 	0.0 	
48 	0.0 	0.0 	0.0 	0.0 	0.0 	0.0 	0.49 	0.0 	0.0 	0.0 	0.0 	0.0 	0.0 	0.0 	0.0 	0.0 	0.51 	0.0 	0.0 	0.0 	
49 	0.0 	0.0 	0.0 	0.15 	0.0 	0.0 	0.38 	0.0 	0.0 	0.0 	0.0 	0.0 	0.0 	0.0 	0.21 	0.0 	0.26 	0.0 	0.0 	0.0 	
50 	0.0 	0.0 	0.17 	0.0 	0.0 	0.06 	0.47 	0.0 	0.0 	0.0 	0.0 	0.25 	0.0 	0.0 	0.0 	0.0 	0.04 	0.0 	0.0 	0.0 	
51 	0.0 	0.0 	0.0 	0.0 	0.0 	0.0 	0.0 	0.0 	1.0 	0.0 	0.0 	0.0 	0.0 	0.0 	0.0 	0.0 	0.0 	0.0 	0.0 	0.0 	
52 	0.0 	0.0 	0.0 	0.0 	0.0 	0.0 	0.0 	0.0 	0.46 	0.0 	0.0 	0.0 	0.0 	0.26 	0.0 	0.0 	0.0 	0.18 	0.11 	0.0 	
53 	0.0 	0.0 	0.0 	0.0 	0.0 	0.0 	0.0 	0.0 	0.0 	1.0 	0.0 	0.0 	0.0 	0.0 	0.0 	0.0 	0.0 	0.0 	0.0 	0.0 	
54 	0.18 	0.21 	0.0 	0.0 	0.0 	0.23 	0.28 	0.0 	0.1 	0.0 	0.0 	0.0 	0.0 	0.0 	0.0 	0.0 	0.0 	0.0 	0.0 	0.0 	
55 	0.0 	0.0 	0.0 	0.0 	0.0 	0.0 	0.0 	0.0 	0.0 	0.0 	0.0 	0.0 	0.0 	0.0 	0.0 	0.0 	0.0 	0.95 	0.05 	0.0 	
56 	0.0 	0.0 	0.0 	0.0 	0.0 	0.0 	0.0 	0.0 	0.0 	1.0 	0.0 	0.0 	0.0 	0.0 	0.0 	0.0 	0.0 	0.0 	0.0 	0.0 	
57 	0.0 	0.08 	0.0 	0.0 	0.0 	0.05 	0.72 	0.0 	0.0 	0.08 	0.0 	0.07 	0.0 	0.0 	0.0 	0.0 	0.0 	0.0 	0.0 	0.0 	
58 	0.0 	0.0 	0.0 	0.0 	0.08 	0.0 	0.0 	0.0 	0.0 	0.0 	0.72 	0.0 	0.0 	0.0 	0.0 	0.0 	0.0 	0.0 	0.0 	0.2 	
59 	0.0 	0.0 	0.0 	0.0 	0.0 	0.0 	0.0 	0.0 	0.0 	0.28 	0.1 	0.0 	0.0 	0.07 	0.0 	0.0 	0.0 	0.05 	0.32 	0.18 	
60 	0.03 	0.02 	0.02 	0.02 	0.01 	0.02 	0.03 	0.03 	0.01 	0.02 	0.04 	0.02 	0.11 	0.41 	0.02 	0.11 	0.02 	0.01 	0.01 	0.03 	
61 	0.04 	0.03 	0.02 	0.03 	0.01 	0.15 	0.03 	0.12 	0.14 	0.03 	0.1 	0.11 	0.01 	0.02 	0.03 	0.04 	0.03 	0.01 	0.02 	0.03 	
62 	0.27 	0.02 	0.01 	0.08 	0.01 	0.01 	0.02 	0.02 	0.01 	0.02 	0.03 	0.02 	0.01 	0.01 	0.4 	0.02 	0.02 	0.0 	0.01 	0.02 	
63 	0.02 	0.02 	0.08 	0.33 	0.01 	0.01 	0.34 	0.02 	0.01 	0.02 	0.03 	0.02 	0.01 	0.01 	0.02 	0.02 	0.02 	0.0 	0.01 	0.02 	
64 	0.12 	0.0 	0.0 	0.09 	0.0 	0.0 	0.01 	0.72 	0.0 	0.0 	0.01 	0.0 	0.0 	0.0 	0.0 	0.01 	0.0 	0.0 	0.0 	0.01 	
65 	0.01 	0.14 	0.01 	0.31 	0.0 	0.01 	0.06 	0.21 	0.0 	0.01 	0.01 	0.08 	0.0 	0.01 	0.01 	0.07 	0.01 	0.0 	0.0 	0.05 	
66 	0.13 	0.01 	0.06 	0.12 	0.0 	0.09 	0.01 	0.01 	0.0 	0.01 	0.12 	0.15 	0.0 	0.01 	0.08 	0.19 	0.01 	0.0 	0.0 	0.01 	
67 	0.01 	0.01 	0.01 	0.01 	0.0 	0.01 	0.01 	0.01 	0.0 	0.01 	0.01 	0.06 	0.07 	0.32 	0.01 	0.01 	0.01 	0.0 	0.43 	0.01 	
68 	0.03 	0.09 	0.01 	0.02 	0.05 	0.01 	0.02 	0.02 	0.01 	0.02 	0.13 	0.02 	0.01 	0.01 	0.2 	0.1 	0.02 	0.0 	0.01 	0.21 	
69 	0.13 	0.02 	0.01 	0.02 	0.01 	0.08 	0.02 	0.02 	0.01 	0.14 	0.03 	0.02 	0.01 	0.01 	0.02 	0.02 	0.02 	0.0 	0.39 	0.02 	
70 	0.03 	0.19 	0.02 	0.02 	0.01 	0.07 	0.17 	0.03 	0.08 	0.02 	0.16 	0.02 	0.01 	0.01 	0.02 	0.03 	0.02 	0.0 	0.01 	0.08 	
71 	0.03 	0.02 	0.02 	0.02 	0.01 	0.02 	0.02 	0.03 	0.01 	0.02 	0.1 	0.09 	0.01 	0.01 	0.02 	0.03 	0.02 	0.0 	0.01 	0.52 	
72 	0.03 	0.02 	0.02 	0.27 	0.01 	0.02 	0.02 	0.42 	0.01 	0.02 	0.03 	0.02 	0.01 	0.01 	0.02 	0.03 	0.02 	0.0 	0.01 	0.02 	
73 	0.03 	0.37 	0.02 	0.02 	0.01 	0.02 	0.03 	0.03 	0.01 	0.02 	0.04 	0.07 	0.01 	0.12 	0.02 	0.11 	0.02 	0.01 	0.01 	0.03 	
74 	0.07 	0.01 	0.01 	0.01 	0.0 	0.01 	0.01 	0.01 	0.0 	0.01 	0.1 	0.05 	0.0 	0.09 	0.01 	0.01 	0.3 	0.0 	0.08 	0.19 	
75 	0.06 	0.05 	0.01 	0.01 	0.0 	0.16 	0.44 	0.01 	0.0 	0.01 	0.02 	0.15 	0.0 	0.01 	0.01 	0.01 	0.01 	0.0 	0.01 	0.01 	
76 	0.02 	0.01 	0.01 	0.01 	0.0 	0.01 	0.01 	0.01 	0.0 	0.01 	0.02 	0.01 	0.09 	0.72 	0.01 	0.01 	0.01 	0.0 	0.01 	0.01 	
77 	0.15 	0.01 	0.08 	0.01 	0.07 	0.01 	0.01 	0.01 	0.0 	0.01 	0.31 	0.01 	0.0 	0.01 	0.01 	0.06 	0.23 	0.0 	0.01 	0.01 	
78 	0.28 	0.01 	0.2 	0.01 	0.0 	0.01 	0.01 	0.01 	0.0 	0.01 	0.02 	0.28 	0.0 	0.01 	0.01 	0.05 	0.01 	0.0 	0.01 	0.07 	
79 	0.02 	0.01 	0.01 	0.01 	0.0 	0.01 	0.02 	0.02 	0.46 	0.01 	0.02 	0.01 	0.01 	0.01 	0.3 	0.02 	0.02 	0.0 	0.01 	0.02 	
80 	0.02 	0.08 	0.01 	0.06 	0.0 	0.01 	0.02 	0.57 	0.01 	0.01 	0.02 	0.01 	0.01 	0.01 	0.01 	0.06 	0.06 	0.0 	0.01 	0.02 	
81 	0.08 	0.01 	0.01 	0.34 	0.0 	0.06 	0.26 	0.02 	0.01 	0.01 	0.02 	0.08 	0.01 	0.01 	0.01 	0.02 	0.02 	0.0 	0.01 	0.02 	
82 	0.21 	0.02 	0.01 	0.02 	0.09 	0.08 	0.02 	0.02 	0.01 	0.02 	0.03 	0.02 	0.01 	0.01 	0.14 	0.2 	0.06 	0.0 	0.01 	0.02 	
83 	0.12 	0.03 	0.02 	0.03 	0.01 	0.02 	0.03 	0.04 	0.01 	0.03 	0.23 	0.03 	0.01 	0.02 	0.08 	0.04 	0.03 	0.01 	0.02 	0.21 	
84 	0.03 	0.02 	0.07 	0.08 	0.01 	0.09 	0.08 	0.03 	0.01 	0.02 	0.12 	0.17 	0.11 	0.02 	0.02 	0.03 	0.03 	0.01 	0.01 	0.03 	
85 	0.08 	0.02 	0.02 	0.02 	0.01 	0.02 	0.02 	0.29 	0.01 	0.02 	0.03 	0.12 	0.01 	0.01 	0.08 	0.1 	0.1 	0.0 	0.01 	0.02 	
86 	0.03 	0.02 	0.02 	0.02 	0.01 	0.02 	0.03 	0.09 	0.01 	0.02 	0.04 	0.02 	0.01 	0.02 	0.54 	0.03 	0.02 	0.01 	0.01 	0.03 	
87 	0.03 	0.02 	0.28 	0.17 	0.01 	0.02 	0.13 	0.1 	0.01 	0.02 	0.04 	0.02 	0.01 	0.02 	0.02 	0.03 	0.02 	0.01 	0.01 	0.03 	
88 	0.04 	0.02 	0.02 	0.1 	0.01 	0.02 	0.11 	0.04 	0.01 	0.1 	0.04 	0.03 	0.09 	0.02 	0.03 	0.03 	0.14 	0.01 	0.02 	0.13 	
89 	0.04 	0.02 	0.02 	0.03 	0.01 	0.02 	0.03 	0.19 	0.01 	0.02 	0.04 	0.28 	0.01 	0.02 	0.03 	0.14 	0.03 	0.01 	0.02 	0.03 	
90 	0.11 	0.02 	0.02 	0.08 	0.01 	0.02 	0.03 	0.09 	0.01 	0.02 	0.15 	0.03 	0.01 	0.02 	0.26 	0.03 	0.03 	0.01 	0.02 	0.03 	
91 	0.04 	0.11 	0.02 	0.03 	0.01 	0.02 	0.1 	0.04 	0.01 	0.02 	0.04 	0.03 	0.11 	0.02 	0.03 	0.03 	0.03 	0.01 	0.02 	0.29 	
92 	0.19 	0.02 	0.02 	0.03 	0.01 	0.02 	0.03 	0.04 	0.01 	0.02 	0.04 	0.03 	0.01 	0.02 	0.03 	0.03 	0.03 	0.01 	0.28 	0.13 	
93 	0.03 	0.02 	0.02 	0.02 	0.08 	0.1 	0.02 	0.03 	0.01 	0.02 	0.03 	0.12 	0.01 	0.01 	0.02 	0.03 	0.41 	0.0 	0.01 	0.02 	
94 	0.12 	0.01 	0.16 	0.07 	0.0 	0.01 	0.33 	0.02 	0.0 	0.01 	0.02 	0.01 	0.01 	0.16 	0.01 	0.02 	0.01 	0.0 	0.01 	0.01 	
95 	0.0 	0.0 	0.0 	0.0 	0.0 	0.0 	0.0 	0.0 	0.17 	0.0 	0.0 	0.0 	0.0 	0.0 	0.78 	0.0 	0.0 	0.0 	0.0 	0.0 	
96 	0.0 	0.13 	0.09 	0.0 	0.0 	0.0 	0.24 	0.0 	0.0 	0.06 	0.08 	0.07 	0.0 	0.0 	0.0 	0.11 	0.15 	0.0 	0.0 	0.06 	
97 	0.55 	0.01 	0.01 	0.01 	0.0 	0.01 	0.01 	0.01 	0.0 	0.08 	0.01 	0.01 	0.0 	0.01 	0.01 	0.01 	0.01 	0.0 	0.01 	0.24 	
98 	0.01 	0.01 	0.01 	0.01 	0.0 	0.01 	0.26 	0.01 	0.0 	0.01 	0.01 	0.01 	0.0 	0.01 	0.01 	0.01 	0.31 	0.0 	0.06 	0.24 	
99 	0.02 	0.01 	0.01 	0.01 	0.0 	0.01 	0.02 	0.09 	0.01 	0.01 	0.02 	0.01 	0.01 	0.63 	0.01 	0.02 	0.08 	0.0 	0.01 	0.02 	
100 	0.07 	0.01 	0.01 	0.01 	0.13 	0.09 	0.02 	0.02 	0.01 	0.01 	0.07 	0.01 	0.01 	0.14 	0.15 	0.02 	0.08 	0.0 	0.01 	0.14 	
101 	0.01 	0.01 	0.01 	0.01 	0.0 	0.01 	0.01 	0.01 	0.0 	0.18 	0.22 	0.01 	0.0 	0.24 	0.01 	0.01 	0.01 	0.0 	0.01 	0.21 	
102 	0.02 	0.06 	0.01 	0.01 	0.0 	0.05 	0.01 	0.01 	0.0 	0.01 	0.02 	0.61 	0.07 	0.06 	0.01 	0.01 	0.01 	0.0 	0.01 	0.01 	
103 	0.25 	0.01 	0.01 	0.01 	0.0 	0.01 	0.12 	0.01 	0.0 	0.09 	0.09 	0.01 	0.0 	0.01 	0.01 	0.08 	0.19 	0.0 	0.01 	0.08 	
104 	0.02 	0.01 	0.08 	0.15 	0.0 	0.06 	0.14 	0.01 	0.11 	0.06 	0.02 	0.19 	0.0 	0.01 	0.01 	0.05 	0.05 	0.0 	0.01 	0.01 	
105 	0.01 	0.14 	0.01 	0.06 	0.0 	0.01 	0.2 	0.01 	0.0 	0.01 	0.01 	0.33 	0.07 	0.01 	0.01 	0.01 	0.09 	0.0 	0.0 	0.01 	
106 	0.19 	0.01 	0.01 	0.01 	0.0 	0.01 	0.02 	0.02 	0.01 	0.01 	0.02 	0.3 	0.01 	0.01 	0.09 	0.23 	0.01 	0.0 	0.01 	0.02 	
107 	0.07 	0.01 	0.01 	0.01 	0.0 	0.01 	0.02 	0.49 	0.01 	0.01 	0.02 	0.01 	0.01 	0.11 	0.01 	0.14 	0.01 	0.0 	0.01 	0.02 	
108 	0.02 	0.01 	0.01 	0.08 	0.0 	0.01 	0.02 	0.02 	0.01 	0.12 	0.02 	0.35 	0.01 	0.01 	0.01 	0.02 	0.17 	0.0 	0.01 	0.1 	
109 	0.01 	0.0 	0.0 	0.0 	0.0 	0.0 	0.0 	0.01 	0.0 	0.07 	0.43 	0.0 	0.0 	0.07 	0.0 	0.01 	0.0 	0.0 	0.0 	0.37 	
110 	0.01 	0.11 	0.0 	0.0 	0.0 	0.0 	0.0 	0.01 	0.0 	0.07 	0.01 	0.0 	0.07 	0.0 	0.0 	0.11 	0.16 	0.0 	0.27 	0.17 	
111 	0.87 	0.0 	0.0 	0.0 	0.0 	0.0 	0.0 	0.01 	0.0 	0.0 	0.01 	0.0 	0.0 	0.0 	0.0 	0.01 	0.0 	0.0 	0.0 	0.07 	
112 	0.01 	0.43 	0.0 	0.0 	0.0 	0.0 	0.01 	0.01 	0.0 	0.0 	0.36 	0.0 	0.0 	0.06 	0.0 	0.09 	0.0 	0.0 	0.0 	0.01 	
113 	0.07 	0.0 	0.0 	0.0 	0.0 	0.0 	0.3 	0.01 	0.0 	0.07 	0.01 	0.0 	0.1 	0.0 	0.0 	0.4 	0.0 	0.0 	0.0 	0.01 	
114 	0.0 	0.1 	0.0 	0.0 	0.0 	0.0 	0.0 	0.0 	0.0 	0.0 	0.0 	0.0 	0.0 	0.08 	0.0 	0.0 	0.0 	0.0 	0.82 	0.0 	
115 	0.0 	0.0 	0.0 	0.0 	1.0 	0.0 	0.0 	0.0 	0.0 	0.0 	0.0 	0.0 	0.0 	0.0 	0.0 	0.0 	0.0 	0.0 	0.0 	0.0 	
116 	0.0 	0.0 	1.0 	0.0 	0.0 	0.0 	0.0 	0.0 	0.0 	0.0 	0.0 	0.0 	0.0 	0.0 	0.0 	0.0 	0.0 	0.0 	0.0 	0.0 	
117 	0.0 	0.0 	0.0 	0.0 	0.0 	0.0 	0.0 	0.0 	0.0 	0.57 	0.43 	0.0 	0.0 	0.0 	0.0 	0.0 	0.0 	0.0 	0.0 	0.0 	
118 	0.0 	0.0 	0.0 	0.0 	0.0 	0.0 	0.0 	0.0 	1.0 	0.0 	0.0 	0.0 	0.0 	0.0 	0.0 	0.0 	0.0 	0.0 	0.0 	0.0 	
119 	0.0 	0.0 	0.0 	0.0 	0.0 	0.0 	0.0 	0.92 	0.0 	0.0 	0.0 	0.0 	0.0 	0.0 	0.0 	0.08 	0.0 	0.0 	0.0 	0.0 	
120 	0.0 	0.0 	0.0 	0.0 	0.0 	0.0 	0.0 	0.0 	0.22 	0.0 	0.67 	0.0 	0.0 	0.0 	0.0 	0.0 	0.0 	0.0 	0.0 	0.1 	
121 	0.0 	0.0 	0.0 	0.0 	0.0 	0.0 	0.0 	0.0 	0.0 	0.0 	0.0 	0.0 	0.0 	0.0 	0.0 	0.0 	0.0 	1.0 	0.0 	0.0 	
122 	0.0 	0.0 	0.0 	0.0 	0.0 	0.07 	0.46 	0.0 	0.0 	0.0 	0.0 	0.33 	0.06 	0.0 	0.0 	0.08 	0.0 	0.0 	0.0 	0.0 	
123 	0.29 	0.0 	0.19 	0.0 	0.0 	0.0 	0.0 	0.06 	0.0 	0.0 	0.0 	0.0 	0.0 	0.0 	0.0 	0.31 	0.05 	0.0 	0.11 	0.0 	
124 	0.0 	0.0 	0.0 	0.09 	0.0 	0.0 	0.67 	0.08 	0.0 	0.0 	0.0 	0.0 	0.0 	0.0 	0.0 	0.16 	0.0 	0.0 	0.0 	0.0 	
125 	0.27 	0.0 	0.0 	0.0 	0.0 	0.12 	0.0 	0.0 	0.0 	0.0 	0.0 	0.31 	0.0 	0.0 	0.0 	0.0 	0.0 	0.0 	0.0 	0.3 	
126 	0.15 	0.0 	0.0 	0.0 	0.0 	0.17 	0.23 	0.0 	0.0 	0.0 	0.0 	0.14 	0.0 	0.0 	0.0 	0.0 	0.31 	0.0 	0.0 	0.0 	
127 	0.0 	0.0 	0.0 	0.0 	0.0 	0.0 	0.0 	0.0 	0.0 	0.37 	0.48 	0.0 	0.0 	0.0 	0.0 	0.0 	0.0 	0.0 	0.0 	0.15 	
128 	0.23 	0.0 	0.0 	0.0 	0.0 	0.0 	0.0 	0.0 	0.0 	0.0 	0.31 	0.0 	0.0 	0.0 	0.0 	0.23 	0.23 	0.0 	0.0 	0.0 	
129 	0.0 	0.0 	0.0 	0.0 	0.0 	0.0 	0.0 	0.0 	0.0 	0.0 	0.77 	0.0 	0.0 	0.0 	0.0 	0.0 	0.0 	0.0 	0.0 	0.23 	
130 	0.0 	0.0 	0.0 	0.0 	0.0 	0.0 	0.77 	0.0 	0.0 	0.0 	0.0 	0.23 	0.0 	0.0 	0.0 	0.0 	0.0 	0.0 	0.0 	0.0 	
131 	0.0 	0.0 	0.0 	0.0 	0.0 	0.0 	0.0 	0.0 	0.0 	0.0 	0.0 	0.0 	0.0 	0.0 	0.0 	0.0 	0.0 	0.0 	0.0 	0.0 	
