	A 	R 	N 	D 	C 	Q 	E 	G 	H 	I 	L 	K 	M 	F 	P 	S 	T 	W 	Y 	V 	
1 	0.0 	0.0 	0.0 	0.0 	0.0 	1.0 	0.0 	0.0 	0.0 	0.0 	0.0 	0.0 	0.0 	0.0 	0.0 	0.0 	0.0 	0.0 	0.0 	0.0 	
2 	0.0 	0.0 	0.0 	0.0 	0.0 	0.37 	0.63 	0.0 	0.0 	0.0 	0.0 	0.0 	0.0 	0.0 	0.0 	0.0 	0.0 	0.0 	0.0 	0.0 	
3 	0.0 	0.0 	0.0 	0.0 	0.0 	0.0 	0.0 	0.0 	0.0 	0.0 	0.0 	0.0 	0.0 	0.0 	0.0 	0.0 	1.0 	0.0 	0.0 	0.0 	
4 	0.0 	0.0 	0.0 	0.0 	0.0 	0.63 	0.37 	0.0 	0.0 	0.0 	0.0 	0.0 	0.0 	0.0 	0.0 	0.0 	0.0 	0.0 	0.0 	0.0 	
5 	0.0 	0.0 	0.0 	0.0 	0.0 	0.0 	0.0 	1.0 	0.0 	0.0 	0.0 	0.0 	0.0 	0.0 	0.0 	0.0 	0.0 	0.0 	0.0 	0.0 	
6 	0.0 	0.0 	0.0 	0.0 	0.0 	1.0 	0.0 	0.0 	0.0 	0.0 	0.0 	0.0 	0.0 	0.0 	0.0 	0.0 	0.0 	0.0 	0.0 	0.0 	
7 	0.77 	0.23 	0.0 	0.0 	0.0 	0.0 	0.0 	0.0 	0.0 	0.0 	0.0 	0.0 	0.0 	0.0 	0.0 	0.0 	0.0 	0.0 	0.0 	0.0 	
8 	0.77 	0.0 	0.0 	0.0 	0.0 	0.0 	0.0 	0.23 	0.0 	0.0 	0.0 	0.0 	0.0 	0.0 	0.0 	0.0 	0.0 	0.0 	0.0 	0.0 	
9 	1.0 	0.0 	0.0 	0.0 	0.0 	0.0 	0.0 	0.0 	0.0 	0.0 	0.0 	0.0 	0.0 	0.0 	0.0 	0.0 	0.0 	0.0 	0.0 	0.0 	
10 	0.23 	0.38 	0.0 	0.0 	0.0 	0.0 	0.0 	0.0 	0.0 	0.0 	0.0 	0.0 	0.38 	0.0 	0.0 	0.0 	0.0 	0.0 	0.0 	0.0 	
11 	0.38 	0.0 	0.0 	0.0 	0.0 	0.0 	0.23 	0.0 	0.0 	0.0 	0.38 	0.0 	0.0 	0.0 	0.0 	0.0 	0.0 	0.0 	0.0 	0.0 	
12 	0.62 	0.0 	0.0 	0.0 	0.0 	0.0 	0.0 	0.38 	0.0 	0.0 	0.0 	0.0 	0.0 	0.0 	0.0 	0.0 	0.0 	0.0 	0.0 	0.0 	
13 	0.62 	0.0 	0.0 	0.0 	0.0 	0.0 	0.0 	0.0 	0.0 	0.0 	0.38 	0.0 	0.0 	0.0 	0.0 	0.0 	0.0 	0.0 	0.0 	0.0 	
14 	0.45 	0.0 	0.0 	0.0 	0.0 	0.0 	0.0 	0.0 	0.0 	0.0 	0.0 	0.0 	0.31 	0.0 	0.0 	0.24 	0.0 	0.0 	0.0 	0.0 	
15 	0.17 	0.0 	0.0 	0.28 	0.0 	0.0 	0.24 	0.0 	0.0 	0.0 	0.0 	0.0 	0.0 	0.0 	0.0 	0.0 	0.0 	0.0 	0.0 	0.31 	
16 	0.0 	0.0 	0.0 	0.0 	0.0 	0.0 	0.0 	0.0 	0.0 	0.24 	0.76 	0.0 	0.0 	0.0 	0.0 	0.0 	0.0 	0.0 	0.0 	0.0 	
17 	0.76 	0.0 	0.0 	0.0 	0.0 	0.0 	0.0 	0.0 	0.0 	0.0 	0.0 	0.0 	0.0 	0.0 	0.0 	0.0 	0.24 	0.0 	0.0 	0.0 	
18 	0.69 	0.0 	0.0 	0.0 	0.0 	0.0 	0.0 	0.31 	0.0 	0.0 	0.0 	0.0 	0.0 	0.0 	0.0 	0.0 	0.0 	0.0 	0.0 	0.0 	
19 	0.0 	0.0 	0.0 	0.0 	0.0 	0.0 	0.0 	0.76 	0.0 	0.0 	0.0 	0.24 	0.0 	0.0 	0.0 	0.0 	0.0 	0.0 	0.0 	0.0 	
20 	0.31 	0.0 	0.0 	0.0 	0.0 	0.28 	0.17 	0.0 	0.0 	0.0 	0.24 	0.0 	0.0 	0.0 	0.0 	0.0 	0.0 	0.0 	0.0 	0.0 	
21 	0.17 	0.0 	0.0 	0.28 	0.0 	0.55 	0.0 	0.0 	0.0 	0.0 	0.0 	0.0 	0.0 	0.0 	0.0 	0.0 	0.0 	0.0 	0.0 	0.0 	
22 	0.0 	0.0 	0.0 	1.0 	0.0 	0.0 	0.0 	0.0 	0.0 	0.0 	0.0 	0.0 	0.0 	0.0 	0.0 	0.0 	0.0 	0.0 	0.0 	0.0 	
23 	0.0 	0.0 	0.0 	0.0 	0.0 	0.0 	0.69 	0.0 	0.0 	0.0 	0.0 	0.31 	0.0 	0.0 	0.0 	0.0 	0.0 	0.0 	0.0 	0.0 	
24 	0.0 	0.0 	0.0 	0.0 	0.0 	0.0 	0.0 	0.0 	0.0 	0.0 	0.0 	0.0 	0.0 	0.0 	0.8 	0.0 	0.2 	0.0 	0.0 	0.0 	
25 	0.0 	0.52 	0.0 	0.0 	0.0 	0.0 	0.0 	0.0 	0.0 	0.0 	0.0 	0.0 	0.0 	0.0 	0.0 	0.2 	0.0 	0.0 	0.0 	0.29 	
26 	0.0 	0.0 	0.0 	0.0 	0.0 	0.0 	0.29 	0.0 	0.0 	0.56 	0.0 	0.0 	0.0 	0.0 	0.0 	0.0 	0.0 	0.0 	0.0 	0.15 	
27 	0.2 	0.0 	0.0 	0.0 	0.0 	0.0 	0.0 	0.0 	0.0 	0.0 	0.51 	0.0 	0.0 	0.0 	0.0 	0.0 	0.0 	0.0 	0.0 	0.29 	
28 	0.0 	0.0 	0.0 	0.0 	0.0 	0.0 	0.36 	0.0 	0.0 	0.2 	0.0 	0.15 	0.0 	0.0 	0.0 	0.29 	0.0 	0.0 	0.0 	0.0 	
29 	0.71 	0.0 	0.0 	0.0 	0.0 	0.0 	0.0 	0.0 	0.0 	0.0 	0.0 	0.0 	0.0 	0.0 	0.0 	0.0 	0.0 	0.0 	0.0 	0.29 	
30 	0.15 	0.0 	0.0 	0.0 	0.0 	0.0 	0.0 	0.0 	0.0 	0.0 	0.0 	0.0 	0.0 	0.0 	0.56 	0.29 	0.0 	0.0 	0.0 	0.0 	
31 	0.85 	0.0 	0.0 	0.0 	0.0 	0.0 	0.0 	0.0 	0.0 	0.0 	0.0 	0.0 	0.0 	0.0 	0.15 	0.0 	0.0 	0.0 	0.0 	0.0 	
32 	0.0 	0.0 	0.0 	0.0 	0.0 	0.0 	0.0 	0.0 	0.0 	0.15 	0.0 	0.0 	0.0 	0.0 	0.65 	0.2 	0.0 	0.0 	0.0 	0.0 	
33 	0.0 	0.0 	0.13 	0.61 	0.0 	0.27 	0.0 	0.0 	0.0 	0.0 	0.0 	0.0 	0.0 	0.0 	0.0 	0.0 	0.0 	0.0 	0.0 	0.0 	
34 	0.58 	0.0 	0.0 	0.0 	0.0 	0.0 	0.27 	0.0 	0.0 	0.0 	0.0 	0.0 	0.0 	0.0 	0.0 	0.15 	0.0 	0.0 	0.0 	0.0 	
35 	0.0 	0.44 	0.27 	0.0 	0.0 	0.0 	0.0 	0.0 	0.0 	0.0 	0.0 	0.29 	0.0 	0.0 	0.0 	0.0 	0.0 	0.0 	0.0 	0.0 	
36 	0.0 	1.0 	0.0 	0.0 	0.0 	0.0 	0.0 	0.0 	0.0 	0.0 	0.0 	0.0 	0.0 	0.0 	0.0 	0.0 	0.0 	0.0 	0.0 	0.0 	
37 	0.0 	0.0 	0.0 	0.0 	0.0 	0.0 	0.0 	0.0 	0.0 	0.27 	0.0 	0.0 	0.0 	0.0 	0.0 	0.0 	0.0 	0.0 	0.0 	0.73 	
38 	0.0 	0.0 	0.0 	0.0 	0.0 	0.0 	0.0 	0.0 	0.0 	0.0 	0.0 	0.0 	0.0 	0.13 	0.0 	0.0 	0.0 	0.0 	0.87 	0.0 	
39 	0.0 	0.0 	0.0 	0.0 	0.0 	0.0 	0.0 	0.0 	0.0 	0.12 	0.0 	0.0 	0.0 	0.0 	0.0 	0.0 	0.0 	0.0 	0.0 	0.88 	
40 	0.0 	0.0 	0.19 	0.0 	0.0 	0.12 	0.0 	0.0 	0.0 	0.0 	0.29 	0.0 	0.27 	0.0 	0.0 	0.0 	0.0 	0.0 	0.13 	0.0 	
41 	0.0 	0.0 	0.0 	1.0 	0.0 	0.0 	0.0 	0.0 	0.0 	0.0 	0.0 	0.0 	0.0 	0.0 	0.0 	0.0 	0.0 	0.0 	0.0 	0.0 	
42 	0.0 	0.0 	0.0 	0.0 	0.0 	0.0 	0.0 	0.0 	0.0 	0.0 	0.0 	0.0 	0.0 	0.0 	0.73 	0.27 	0.0 	0.0 	0.0 	0.0 	
43 	0.31 	0.0 	0.0 	0.0 	0.0 	0.0 	0.0 	0.29 	0.0 	0.0 	0.0 	0.13 	0.0 	0.0 	0.0 	0.0 	0.0 	0.0 	0.0 	0.27 	
44 	0.02 	0.01 	0.16 	0.01 	0.01 	0.01 	0.02 	0.02 	0.59 	0.01 	0.02 	0.02 	0.01 	0.01 	0.01 	0.02 	0.02 	0.0 	0.01 	0.02 	
45 	0.0 	0.0 	0.0 	0.0 	0.0 	0.0 	0.0 	0.0 	0.0 	0.0 	0.0 	0.0 	0.0 	1.0 	0.0 	0.0 	0.0 	0.0 	0.0 	0.0 	
46 	0.44 	0.0 	0.0 	0.0 	0.0 	0.0 	0.0 	0.0 	0.29 	0.0 	0.0 	0.0 	0.27 	0.0 	0.0 	0.0 	0.0 	0.0 	0.0 	0.0 	
47 	0.44 	0.0 	0.0 	0.0 	0.0 	0.0 	0.0 	0.0 	0.27 	0.0 	0.0 	0.0 	0.15 	0.0 	0.0 	0.0 	0.0 	0.0 	0.0 	0.14 	
48 	0.0 	0.0 	0.0 	0.0 	0.0 	0.0 	0.0 	0.0 	0.0 	0.25 	0.27 	0.0 	0.0 	0.0 	0.0 	0.0 	0.29 	0.0 	0.0 	0.19 	
49 	0.0 	0.0 	0.0 	0.0 	0.0 	0.0 	0.0 	0.0 	0.0 	0.0 	0.0 	0.0 	0.0 	0.0 	0.0 	0.27 	0.73 	0.0 	0.0 	0.0 	
50 	0.0 	0.0 	0.0 	0.0 	0.0 	0.44 	0.27 	0.0 	0.0 	0.0 	0.0 	0.0 	0.0 	0.0 	0.0 	0.0 	0.29 	0.0 	0.0 	0.0 	
51 	0.0 	0.0 	0.0 	0.0 	0.0 	0.31 	0.0 	0.0 	0.0 	0.0 	0.0 	0.0 	0.0 	0.13 	0.0 	0.27 	0.0 	0.0 	0.0 	0.29 	
52 	0.0 	0.0 	0.0 	0.0 	0.0 	0.0 	0.0 	0.0 	0.27 	0.0 	0.0 	0.0 	0.0 	0.31 	0.0 	0.0 	0.0 	0.0 	0.42 	0.0 	
53 	0.0 	0.0 	0.0 	0.0 	0.0 	0.0 	0.0 	0.0 	0.0 	0.0 	0.0 	0.0 	0.13 	0.0 	0.0 	0.0 	0.29 	0.0 	0.0 	0.58 	
54 	0.0 	0.0 	0.0 	0.0 	0.0 	0.0 	0.0 	0.0 	0.0 	0.73 	0.0 	0.0 	0.0 	0.0 	0.0 	0.0 	0.0 	0.0 	0.27 	0.0 	
55 	0.0 	0.0 	0.0 	1.0 	0.0 	0.0 	0.0 	0.0 	0.0 	0.0 	0.0 	0.0 	0.0 	0.0 	0.0 	0.0 	0.0 	0.0 	0.0 	0.0 	
56 	0.0 	0.0 	0.0 	0.0 	0.0 	0.0 	0.0 	0.73 	0.0 	0.0 	0.0 	0.0 	0.0 	0.0 	0.0 	0.0 	0.0 	0.0 	0.27 	0.0 	
57 	0.0 	0.0 	0.14 	0.13 	0.0 	0.0 	0.19 	0.0 	0.0 	0.0 	0.0 	0.15 	0.0 	0.0 	0.0 	0.12 	0.27 	0.0 	0.0 	0.0 	
58 	0.19 	0.0 	0.27 	0.0 	0.0 	0.0 	0.0 	0.0 	0.0 	0.0 	0.0 	0.14 	0.0 	0.0 	0.0 	0.15 	0.25 	0.0 	0.0 	0.0 	
59 	0.13 	0.0 	0.14 	0.0 	0.0 	0.0 	0.0 	0.58 	0.0 	0.0 	0.0 	0.0 	0.0 	0.0 	0.0 	0.15 	0.0 	0.0 	0.0 	0.0 	
60 	0.0 	0.44 	0.14 	0.0 	0.0 	0.0 	0.0 	0.0 	0.0 	0.0 	0.0 	0.42 	0.0 	0.0 	0.0 	0.0 	0.0 	0.0 	0.0 	0.0 	
61 	0.0 	0.0 	0.0 	0.0 	0.0 	0.0 	0.0 	0.0 	0.0 	0.12 	0.29 	0.0 	0.0 	0.27 	0.0 	0.0 	0.0 	0.0 	0.0 	0.32 	
62 	0.0 	0.0 	0.0 	0.0 	0.0 	0.0 	0.0 	0.0 	0.0 	0.19 	0.68 	0.0 	0.0 	0.0 	0.0 	0.0 	0.0 	0.0 	0.0 	0.13 	
63 	0.0 	0.0 	0.0 	0.0 	0.0 	0.0 	0.0 	1.0 	0.0 	0.0 	0.0 	0.0 	0.0 	0.0 	0.0 	0.0 	0.0 	0.0 	0.0 	0.0 	
64 	0.0 	0.0 	0.0 	0.0 	0.0 	0.0 	0.0 	0.0 	0.0 	0.0 	0.0 	0.0 	0.87 	0.0 	0.0 	0.0 	0.13 	0.0 	0.0 	0.0 	
65 	0.13 	0.0 	0.0 	0.0 	0.0 	0.0 	0.0 	0.0 	0.0 	0.19 	0.0 	0.0 	0.0 	0.0 	0.0 	0.0 	0.41 	0.0 	0.0 	0.27 	
66 	0.0 	0.0 	0.0 	0.73 	0.0 	0.0 	0.0 	0.0 	0.0 	0.0 	0.0 	0.0 	0.0 	0.0 	0.27 	0.0 	0.0 	0.0 	0.0 	0.0 	
67 	0.15 	0.0 	0.0 	0.0 	0.0 	0.0 	0.0 	0.44 	0.0 	0.0 	0.0 	0.0 	0.0 	0.0 	0.0 	0.0 	0.41 	0.0 	0.0 	0.0 	
68 	0.27 	0.0 	0.0 	0.0 	0.0 	0.0 	0.0 	0.73 	0.0 	0.0 	0.0 	0.0 	0.0 	0.0 	0.0 	0.0 	0.0 	0.0 	0.0 	0.0 	
69 	0.0 	0.0 	0.0 	0.0 	0.0 	0.0 	0.0 	0.0 	0.0 	0.0 	0.0 	0.29 	0.0 	0.71 	0.0 	0.0 	0.0 	0.0 	0.0 	0.0 	
70 	0.0 	0.0 	0.27 	0.0 	0.0 	0.0 	0.0 	0.0 	0.0 	0.0 	0.73 	0.0 	0.0 	0.0 	0.0 	0.0 	0.0 	0.0 	0.0 	0.0 	
71 	0.14 	0.0 	0.0 	0.0 	0.0 	0.0 	0.0 	0.27 	0.0 	0.0 	0.0 	0.0 	0.0 	0.0 	0.46 	0.13 	0.0 	0.0 	0.0 	0.0 	
72 	0.0 	0.0 	0.61 	0.0 	0.0 	0.0 	0.0 	0.0 	0.39 	0.0 	0.0 	0.0 	0.0 	0.0 	0.0 	0.0 	0.0 	0.0 	0.0 	0.0 	
73 	0.0 	0.0 	0.0 	0.0 	0.0 	0.0 	0.0 	0.0 	0.0 	0.0 	0.0 	0.0 	0.0 	0.0 	0.44 	0.0 	0.0 	0.0 	0.0 	0.56 	
74 	0.0 	0.0 	0.0 	0.0 	0.0 	0.27 	0.0 	0.0 	0.0 	0.0 	0.0 	0.0 	0.29 	0.0 	0.0 	0.0 	0.0 	0.0 	0.0 	0.44 	
75 	0.12 	0.0 	0.0 	0.0 	0.0 	0.0 	0.0 	0.0 	0.0 	0.0 	0.14 	0.0 	0.0 	0.0 	0.0 	0.0 	0.0 	0.0 	0.0 	0.74 	
76 	0.59 	0.0 	0.0 	0.0 	0.0 	0.0 	0.0 	0.0 	0.0 	0.0 	0.0 	0.0 	0.0 	0.0 	0.0 	0.41 	0.0 	0.0 	0.0 	0.0 	
77 	0.0 	0.0 	0.27 	0.19 	0.0 	0.0 	0.12 	0.0 	0.0 	0.0 	0.0 	0.0 	0.0 	0.0 	0.0 	0.42 	0.0 	0.0 	0.0 	0.0 	
78 	0.0 	0.0 	0.0 	1.0 	0.0 	0.0 	0.0 	0.0 	0.0 	0.0 	0.0 	0.0 	0.0 	0.0 	0.0 	0.0 	0.0 	0.0 	0.0 	0.0 	
79 	0.0 	0.0 	0.0 	0.0 	0.0 	0.0 	0.0 	1.0 	0.0 	0.0 	0.0 	0.0 	0.0 	0.0 	0.0 	0.0 	0.0 	0.0 	0.0 	0.0 	
80 	0.0 	0.0 	0.0 	0.0 	0.0 	0.0 	0.0 	0.0 	0.0 	0.0 	0.0 	0.56 	0.0 	0.0 	0.0 	0.44 	0.0 	0.0 	0.0 	0.0 	
81 	0.0 	0.0 	0.0 	0.0 	0.0 	0.0 	0.0 	0.0 	0.0 	0.0 	0.0 	0.27 	0.0 	0.73 	0.0 	0.0 	0.0 	0.0 	0.0 	0.0 	
82 	0.0 	0.0 	0.0 	0.0 	0.0 	0.0 	0.0 	0.0 	0.0 	0.46 	0.15 	0.0 	0.0 	0.39 	0.0 	0.0 	0.0 	0.0 	0.0 	0.0 	
83 	0.46 	0.0 	0.0 	0.0 	0.0 	0.0 	0.0 	0.13 	0.0 	0.0 	0.0 	0.0 	0.0 	0.0 	0.0 	0.0 	0.0 	0.0 	0.27 	0.14 	
84 	0.0 	0.0 	0.0 	0.0 	0.0 	0.25 	0.0 	0.0 	0.19 	0.15 	0.0 	0.0 	0.0 	0.0 	0.0 	0.0 	0.41 	0.0 	0.0 	0.0 	
85 	0.59 	0.0 	0.0 	0.0 	0.0 	0.0 	0.0 	0.0 	0.0 	0.0 	0.0 	0.0 	0.27 	0.0 	0.0 	0.14 	0.0 	0.0 	0.0 	0.0 	
86 	0.0 	0.0 	0.29 	0.0 	0.0 	0.0 	0.0 	0.0 	0.0 	0.0 	0.0 	0.0 	0.0 	0.0 	0.0 	0.44 	0.27 	0.0 	0.0 	0.0 	
87 	0.0 	0.0 	0.0 	0.0 	0.0 	0.0 	0.0 	0.0 	0.0 	0.0 	0.0 	0.0 	0.0 	0.0 	0.0 	0.0 	1.0 	0.0 	0.0 	0.0 	
88 	0.0 	0.0 	0.0 	0.0 	0.0 	0.0 	0.0 	0.0 	0.0 	0.0 	0.0 	0.0 	0.15 	0.0 	0.0 	0.0 	0.14 	0.0 	0.27 	0.44 	
89 	0.0 	0.0 	0.0 	0.0 	0.0 	0.0 	0.0 	0.0 	0.27 	0.0 	0.0 	0.0 	0.0 	0.31 	0.0 	0.0 	0.0 	0.0 	0.42 	0.0 	
90 	0.0 	0.0 	0.0 	0.0 	0.0 	0.0 	0.51 	0.0 	0.0 	0.0 	0.0 	0.0 	0.0 	0.0 	0.0 	0.49 	0.0 	0.0 	0.0 	0.0 	
91 	0.0 	1.0 	0.0 	0.0 	0.0 	0.0 	0.0 	0.0 	0.0 	0.0 	0.0 	0.0 	0.0 	0.0 	0.0 	0.0 	0.0 	0.0 	0.0 	0.0 	
92 	0.0 	0.0 	0.0 	0.0 	0.0 	0.0 	0.0 	0.0 	0.0 	0.85 	0.0 	0.0 	0.0 	0.0 	0.0 	0.0 	0.0 	0.0 	0.0 	0.15 	
93 	0.73 	0.0 	0.0 	0.0 	0.0 	0.0 	0.0 	0.0 	0.0 	0.0 	0.0 	0.0 	0.0 	0.0 	0.0 	0.0 	0.27 	0.0 	0.0 	0.0 	
94 	0.0 	1.0 	0.0 	0.0 	0.0 	0.0 	0.0 	0.0 	0.0 	0.0 	0.0 	0.0 	0.0 	0.0 	0.0 	0.0 	0.0 	0.0 	0.0 	0.0 	
95 	0.0 	0.0 	0.0 	0.0 	0.0 	0.0 	0.0 	1.0 	0.0 	0.0 	0.0 	0.0 	0.0 	0.0 	0.0 	0.0 	0.0 	0.0 	0.0 	0.0 	
96 	0.0 	0.0 	0.0 	0.0 	0.0 	0.0 	0.19 	0.0 	0.0 	0.0 	0.0 	0.81 	0.0 	0.0 	0.0 	0.0 	0.0 	0.0 	0.0 	0.0 	
97 	0.0 	1.0 	0.0 	0.0 	0.0 	0.0 	0.0 	0.0 	0.0 	0.0 	0.0 	0.0 	0.0 	0.0 	0.0 	0.0 	0.0 	0.0 	0.0 	0.0 	
98 	0.0 	0.0 	0.0 	0.29 	0.0 	0.0 	0.0 	0.0 	0.0 	0.0 	0.0 	0.0 	0.0 	0.0 	0.0 	0.27 	0.44 	0.0 	0.0 	0.0 	
99 	0.0 	0.0 	0.0 	1.0 	0.0 	0.0 	0.0 	0.0 	0.0 	0.0 	0.0 	0.0 	0.0 	0.0 	0.0 	0.0 	0.0 	0.0 	0.0 	0.0 	
100 	0.0 	0.0 	0.0 	0.0 	0.0 	0.0 	0.0 	0.0 	0.0 	0.0 	0.0 	0.0 	0.0 	0.0 	0.0 	0.0 	0.0 	0.0 	0.73 	0.27 	
101 	0.0 	0.0 	0.0 	0.0 	0.0 	0.0 	0.0 	0.0 	0.0 	0.0 	0.15 	0.0 	0.0 	0.0 	0.0 	0.0 	0.0 	0.0 	0.0 	0.85 	
102 	0.0 	0.0 	0.0 	0.0 	0.0 	0.0 	1.0 	0.0 	0.0 	0.0 	0.0 	0.0 	0.0 	0.0 	0.0 	0.0 	0.0 	0.0 	0.0 	0.0 	
103 	0.0 	0.0 	0.0 	0.0 	0.0 	0.0 	0.0 	0.0 	0.0 	0.0 	0.27 	0.0 	0.0 	0.0 	0.0 	0.0 	0.0 	0.0 	0.0 	0.73 	
104 	0.0 	0.0 	0.0 	0.0 	0.0 	0.0 	0.0 	0.0 	0.0 	0.29 	0.13 	0.0 	0.0 	0.31 	0.0 	0.0 	0.0 	0.27 	0.0 	0.0 	
105 	0.0 	0.0 	0.0 	1.0 	0.0 	0.0 	0.0 	0.0 	0.0 	0.0 	0.0 	0.0 	0.0 	0.0 	0.0 	0.0 	0.0 	0.0 	0.0 	0.0 	
106 	0.41 	0.0 	0.0 	0.0 	0.0 	0.0 	0.0 	0.0 	0.0 	0.0 	0.0 	0.0 	0.0 	0.0 	0.44 	0.0 	0.15 	0.0 	0.0 	0.0 	
107 	0.0 	0.0 	0.0 	0.27 	0.0 	0.27 	0.0 	0.0 	0.0 	0.0 	0.0 	0.15 	0.0 	0.0 	0.0 	0.0 	0.0 	0.0 	0.0 	0.31 	
108 	0.0 	0.0 	0.0 	0.0 	0.0 	0.0 	0.0 	0.0 	0.0 	0.0 	0.0 	0.27 	0.0 	0.0 	0.0 	0.14 	0.59 	0.0 	0.0 	0.0 	
109 	0.0 	0.0 	0.13 	0.0 	0.0 	0.0 	0.0 	0.0 	0.29 	0.0 	0.46 	0.0 	0.0 	0.12 	0.0 	0.0 	0.0 	0.0 	0.0 	0.0 	
110 	0.0 	0.0 	0.13 	0.0 	0.0 	0.15 	0.0 	0.0 	0.0 	0.0 	0.31 	0.14 	0.0 	0.0 	0.0 	0.0 	0.27 	0.0 	0.0 	0.0 	
111 	0.0 	0.0 	0.0 	0.0 	0.0 	0.0 	0.0 	0.0 	0.0 	0.0 	0.0 	0.0 	0.0 	0.27 	0.59 	0.0 	0.0 	0.0 	0.0 	0.14 	
112 	0.0 	0.0 	0.0 	0.0 	0.0 	0.0 	0.27 	0.0 	0.0 	0.39 	0.14 	0.0 	0.0 	0.0 	0.0 	0.0 	0.19 	0.0 	0.0 	0.0 	
113 	0.73 	0.0 	0.0 	0.0 	0.0 	0.0 	0.0 	0.0 	0.0 	0.0 	0.0 	0.27 	0.0 	0.0 	0.0 	0.0 	0.0 	0.0 	0.0 	0.0 	
114 	0.0 	0.0 	0.0 	0.73 	0.0 	0.0 	0.27 	0.0 	0.0 	0.0 	0.0 	0.0 	0.0 	0.0 	0.0 	0.0 	0.0 	0.0 	0.0 	0.0 	
115 	0.0 	0.0 	0.0 	0.0 	0.0 	0.0 	0.0 	0.0 	0.0 	1.0 	0.0 	0.0 	0.0 	0.0 	0.0 	0.0 	0.0 	0.0 	0.0 	0.0 	
116 	0.0 	0.0 	0.0 	0.29 	0.0 	0.0 	0.44 	0.0 	0.0 	0.0 	0.0 	0.0 	0.0 	0.0 	0.0 	0.27 	0.0 	0.0 	0.0 	0.0 	
117 	0.0 	0.0 	0.0 	0.0 	0.0 	0.0 	0.0 	0.0 	0.0 	0.29 	0.71 	0.0 	0.0 	0.0 	0.0 	0.0 	0.0 	0.0 	0.0 	0.0 	
118 	0.0 	0.0 	0.0 	0.0 	0.0 	0.0 	0.0 	0.0 	0.0 	0.0 	0.0 	0.0 	0.0 	0.0 	1.0 	0.0 	0.0 	0.0 	0.0 	0.0 	
119 	0.02 	0.01 	0.14 	0.33 	0.01 	0.01 	0.31 	0.02 	0.01 	0.01 	0.02 	0.02 	0.01 	0.01 	0.01 	0.02 	0.02 	0.0 	0.01 	0.02 	
120 	0.33 	0.01 	0.01 	0.01 	0.01 	0.01 	0.02 	0.31 	0.01 	0.01 	0.02 	0.02 	0.01 	0.01 	0.01 	0.15 	0.02 	0.0 	0.01 	0.02 	
121 	0.02 	0.01 	0.01 	0.02 	0.01 	0.01 	0.02 	0.02 	0.01 	0.02 	0.03 	0.02 	0.01 	0.01 	0.72 	0.02 	0.02 	0.0 	0.01 	0.02 	
122 	0.0 	0.73 	0.0 	0.0 	0.0 	0.0 	0.0 	0.0 	0.0 	0.0 	0.0 	0.27 	0.0 	0.0 	0.0 	0.0 	0.0 	0.0 	0.0 	0.0 	
123 	0.0 	0.27 	0.0 	0.0 	0.0 	0.0 	0.0 	0.0 	0.0 	0.0 	0.0 	0.0 	0.0 	0.73 	0.0 	0.0 	0.0 	0.0 	0.0 	0.0 	
124 	0.0 	0.0 	0.0 	0.0 	0.0 	0.0 	0.0 	0.0 	0.0 	0.0 	0.73 	0.0 	0.0 	0.0 	0.0 	0.0 	0.0 	0.0 	0.0 	0.27 	
125 	0.0 	0.0 	0.0 	0.0 	0.0 	0.27 	0.0 	0.0 	0.0 	0.0 	0.0 	0.0 	0.0 	0.0 	0.0 	0.0 	0.29 	0.0 	0.0 	0.44 	
126 	0.0 	0.0 	0.0 	0.0 	0.0 	0.0 	0.0 	1.0 	0.0 	0.0 	0.0 	0.0 	0.0 	0.0 	0.0 	0.0 	0.0 	0.0 	0.0 	0.0 	
127 	0.0 	0.0 	0.27 	0.0 	0.0 	0.0 	0.0 	0.0 	0.0 	0.0 	0.0 	0.0 	0.0 	0.0 	0.0 	0.0 	0.44 	0.0 	0.0 	0.29 	
128 	0.0 	0.0 	0.0 	0.0 	0.0 	0.0 	0.0 	0.0 	0.0 	0.0 	0.0 	0.0 	0.14 	0.15 	0.0 	0.0 	0.0 	0.0 	0.71 	0.0 	
129 	0.0 	0.0 	0.14 	0.27 	0.0 	0.12 	0.15 	0.0 	0.0 	0.0 	0.0 	0.0 	0.0 	0.0 	0.32 	0.0 	0.0 	0.0 	0.0 	0.0 	
130 	0.0 	0.29 	0.0 	0.0 	0.0 	0.0 	0.0 	0.27 	0.0 	0.0 	0.0 	0.0 	0.0 	0.0 	0.0 	0.0 	0.0 	0.44 	0.0 	0.0 	
131 	0.0 	0.0 	0.0 	0.0 	0.0 	0.0 	0.0 	0.0 	0.0 	0.0 	0.27 	0.0 	0.58 	0.0 	0.0 	0.0 	0.15 	0.0 	0.0 	0.0 	
132 	0.29 	0.0 	0.12 	0.0 	0.0 	0.0 	0.0 	0.0 	0.0 	0.0 	0.0 	0.0 	0.0 	0.27 	0.0 	0.0 	0.32 	0.0 	0.0 	0.0 	
133 	0.25 	0.27 	0.0 	0.0 	0.0 	0.0 	0.0 	0.15 	0.0 	0.0 	0.0 	0.0 	0.0 	0.0 	0.0 	0.34 	0.0 	0.0 	0.0 	0.0 	
134 	0.0 	0.0 	0.0 	0.0 	0.0 	0.27 	0.0 	0.0 	0.0 	0.0 	0.73 	0.0 	0.0 	0.0 	0.0 	0.0 	0.0 	0.0 	0.0 	0.0 	
135 	0.0 	0.0 	0.0 	0.0 	0.0 	0.0 	0.0 	0.0 	0.0 	0.0 	0.0 	0.0 	0.0 	0.0 	0.0 	0.29 	0.71 	0.0 	0.0 	0.0 	
136 	0.0 	0.0 	0.0 	0.0 	0.0 	0.0 	0.0 	0.0 	0.0 	0.0 	0.0 	0.0 	0.0 	0.0 	0.44 	0.0 	0.41 	0.0 	0.0 	0.15 	
137 	0.0 	0.0 	0.13 	0.87 	0.0 	0.0 	0.0 	0.0 	0.0 	0.0 	0.0 	0.0 	0.0 	0.0 	0.0 	0.0 	0.0 	0.0 	0.0 	0.0 	
138 	0.0 	0.0 	0.39 	0.15 	0.0 	0.0 	0.0 	0.46 	0.0 	0.0 	0.0 	0.0 	0.0 	0.0 	0.0 	0.0 	0.0 	0.0 	0.0 	0.0 	
139 	0.0 	0.0 	0.0 	0.0 	0.0 	0.0 	0.0 	0.0 	0.0 	0.0 	0.0 	1.0 	0.0 	0.0 	0.0 	0.0 	0.0 	0.0 	0.0 	0.0 	
140 	0.0 	0.0 	0.12 	0.0 	0.0 	0.0 	0.0 	0.0 	0.15 	0.0 	0.0 	0.0 	0.0 	0.27 	0.0 	0.0 	0.32 	0.0 	0.14 	0.0 	
141 	0.0 	0.0 	0.0 	0.0 	0.0 	0.0 	0.0 	0.0 	0.0 	0.27 	0.59 	0.0 	0.14 	0.0 	0.0 	0.0 	0.0 	0.0 	0.0 	0.0 	
142 	0.0 	0.0 	0.0 	0.0 	0.0 	0.0 	0.0 	0.0 	0.0 	0.0 	0.73 	0.0 	0.0 	0.0 	0.0 	0.0 	0.0 	0.0 	0.0 	0.27 	
143 	0.0 	0.0 	0.0 	0.0 	0.0 	0.0 	0.0 	0.0 	0.0 	0.0 	0.27 	0.0 	0.0 	0.73 	0.0 	0.0 	0.0 	0.0 	0.0 	0.0 	
144 	0.0 	0.0 	0.0 	0.0 	0.0 	0.56 	0.0 	0.0 	0.0 	0.0 	0.0 	0.0 	0.0 	0.0 	0.0 	0.0 	0.0 	0.0 	0.44 	0.0 	
145 	0.0 	0.0 	0.27 	0.0 	0.0 	0.73 	0.0 	0.0 	0.0 	0.0 	0.0 	0.0 	0.0 	0.0 	0.0 	0.0 	0.0 	0.0 	0.0 	0.0 	
146 	0.27 	0.0 	0.0 	0.0 	0.0 	0.0 	0.0 	0.0 	0.0 	0.0 	0.0 	0.0 	0.0 	0.73 	0.0 	0.0 	0.0 	0.0 	0.0 	0.0 	
147 	0.14 	0.0 	0.0 	0.0 	0.0 	0.0 	0.0 	0.0 	0.0 	0.0 	0.0 	0.0 	0.0 	0.0 	0.0 	0.86 	0.0 	0.0 	0.0 	0.0 	
148 	0.0 	0.0 	0.0 	0.0 	0.0 	0.0 	0.0 	0.0 	0.0 	0.0 	0.0 	0.0 	0.0 	0.0 	1.0 	0.0 	0.0 	0.0 	0.0 	0.0 	
149 	0.58 	0.0 	0.0 	0.0 	0.0 	0.13 	0.0 	0.0 	0.0 	0.0 	0.0 	0.0 	0.0 	0.0 	0.0 	0.29 	0.0 	0.0 	0.0 	0.0 	
150 	0.0 	0.0 	0.0 	0.0 	0.0 	0.0 	0.0 	0.0 	0.0 	0.0 	0.0 	0.0 	0.0 	0.0 	0.73 	0.0 	0.27 	0.0 	0.0 	0.0 	
151 	0.58 	0.0 	0.0 	0.0 	0.0 	0.0 	0.0 	0.15 	0.0 	0.0 	0.0 	0.0 	0.0 	0.0 	0.0 	0.27 	0.0 	0.0 	0.0 	0.0 	
152 	0.0 	0.0 	0.0 	0.0 	0.0 	0.0 	0.0 	0.0 	0.0 	0.27 	0.0 	0.0 	0.0 	0.0 	0.0 	0.0 	0.0 	0.0 	0.0 	0.73 	
153 	0.0 	0.0 	0.0 	0.0 	0.0 	0.0 	0.0 	1.0 	0.0 	0.0 	0.0 	0.0 	0.0 	0.0 	0.0 	0.0 	0.0 	0.0 	0.0 	0.0 	
154 	0.0 	0.0 	0.0 	0.0 	0.0 	0.0 	0.0 	0.0 	0.0 	0.27 	0.29 	0.0 	0.0 	0.0 	0.0 	0.0 	0.0 	0.0 	0.0 	0.44 	
155 	0.0 	0.0 	0.0 	0.0 	0.0 	0.0 	0.0 	0.0 	0.0 	0.0 	0.0 	0.0 	0.0 	0.0 	0.0 	0.0 	0.0 	0.0 	0.0 	1.0 	
156 	0.0 	0.0 	0.0 	1.0 	0.0 	0.0 	0.0 	0.0 	0.0 	0.0 	0.0 	0.0 	0.0 	0.0 	0.0 	0.0 	0.0 	0.0 	0.0 	0.0 	
157 	0.0 	0.0 	0.0 	0.0 	0.0 	0.0 	0.0 	0.0 	0.0 	0.0 	0.73 	0.0 	0.0 	0.0 	0.0 	0.0 	0.0 	0.0 	0.0 	0.27 	
158 	0.13 	0.0 	0.0 	0.0 	0.0 	0.15 	0.46 	0.0 	0.0 	0.0 	0.0 	0.27 	0.0 	0.0 	0.0 	0.0 	0.0 	0.0 	0.0 	0.0 	
159 	0.0 	0.0 	0.0 	0.0 	0.0 	0.15 	0.0 	0.71 	0.0 	0.0 	0.0 	0.14 	0.0 	0.0 	0.0 	0.0 	0.0 	0.0 	0.0 	0.0 	
160 	0.0 	0.0 	0.0 	0.27 	0.0 	0.0 	0.0 	0.0 	0.0 	0.0 	0.0 	0.73 	0.0 	0.0 	0.0 	0.0 	0.0 	0.0 	0.0 	0.0 	
161 	0.34 	0.0 	0.0 	0.0 	0.0 	0.0 	0.0 	0.0 	0.0 	0.0 	0.0 	0.13 	0.0 	0.0 	0.0 	0.14 	0.12 	0.0 	0.27 	0.0 	
162 	0.0 	0.0 	0.0 	0.0 	0.0 	0.0 	0.0 	0.0 	0.0 	0.0 	0.0 	0.0 	0.0 	0.73 	0.0 	0.0 	0.0 	0.0 	0.0 	0.27 	
163 	0.0 	0.0 	0.0 	0.25 	0.0 	0.0 	0.27 	0.0 	0.0 	0.0 	0.0 	0.19 	0.0 	0.0 	0.0 	0.0 	0.0 	0.0 	0.0 	0.29 	
164 	0.0 	0.44 	0.0 	0.27 	0.0 	0.0 	0.0 	0.0 	0.0 	0.0 	0.0 	0.29 	0.0 	0.0 	0.0 	0.0 	0.0 	0.0 	0.0 	0.0 	
165 	0.0 	0.0 	0.0 	0.0 	0.0 	0.0 	0.0 	0.0 	0.0 	0.15 	0.0 	0.0 	0.58 	0.0 	0.0 	0.0 	0.0 	0.0 	0.0 	0.27 	
166 	0.0 	0.0 	0.0 	0.0 	0.0 	0.0 	0.0 	0.0 	0.0 	0.13 	0.31 	0.0 	0.29 	0.0 	0.0 	0.0 	0.27 	0.0 	0.0 	0.0 	
167 	0.27 	0.0 	0.15 	0.46 	0.0 	0.0 	0.13 	0.0 	0.0 	0.0 	0.0 	0.0 	0.0 	0.0 	0.0 	0.0 	0.0 	0.0 	0.0 	0.0 	
168 	0.27 	0.0 	0.0 	0.0 	0.0 	0.0 	0.0 	0.0 	0.0 	0.14 	0.0 	0.0 	0.0 	0.0 	0.0 	0.0 	0.0 	0.0 	0.0 	0.59 	
169 	0.27 	0.0 	0.0 	0.0 	0.0 	0.0 	0.0 	0.0 	0.0 	0.0 	0.0 	0.0 	0.0 	0.0 	0.73 	0.0 	0.0 	0.0 	0.0 	0.0 	
170 	0.0 	0.0 	0.0 	0.73 	0.0 	0.0 	0.0 	0.27 	0.0 	0.0 	0.0 	0.0 	0.0 	0.0 	0.0 	0.0 	0.0 	0.0 	0.0 	0.0 	
171 	0.0 	0.0 	0.0 	0.0 	1.0 	0.0 	0.0 	0.0 	0.0 	0.0 	0.0 	0.0 	0.0 	0.0 	0.0 	0.0 	0.0 	0.0 	0.0 	0.0 	
172 	0.0 	0.0 	0.0 	0.0 	0.0 	0.0 	0.0 	0.0 	0.0 	0.0 	0.0 	0.0 	0.0 	0.0 	0.0 	0.0 	0.0 	0.27 	0.73 	0.0 	
173 	0.0 	0.0 	0.0 	0.0 	0.0 	0.14 	0.0 	0.0 	0.59 	0.0 	0.0 	0.0 	0.0 	0.0 	0.0 	0.27 	0.0 	0.0 	0.0 	0.0 	
174 	0.0 	0.0 	0.0 	0.0 	0.0 	0.0 	0.0 	0.0 	0.0 	0.73 	0.0 	0.0 	0.0 	0.0 	0.0 	0.0 	0.0 	0.0 	0.0 	0.27 	
175 	0.0 	0.0 	0.0 	0.0 	0.0 	0.0 	0.0 	0.0 	0.0 	0.27 	0.0 	0.0 	0.0 	0.73 	0.0 	0.0 	0.0 	0.0 	0.0 	0.0 	
176 	0.0 	0.0 	0.0 	0.0 	0.0 	0.0 	0.0 	0.0 	0.0 	0.0 	0.0 	0.0 	0.0 	0.0 	1.0 	0.0 	0.0 	0.0 	0.0 	0.0 	
177 	0.12 	0.0 	0.27 	0.0 	0.0 	0.0 	0.0 	0.0 	0.0 	0.0 	0.0 	0.0 	0.0 	0.0 	0.0 	0.13 	0.34 	0.0 	0.0 	0.14 	
178 	0.34 	0.27 	0.0 	0.0 	0.0 	0.0 	0.0 	0.0 	0.0 	0.0 	0.0 	0.0 	0.0 	0.0 	0.14 	0.25 	0.0 	0.0 	0.0 	0.0 	
179 	0.0 	0.0 	0.42 	0.0 	0.0 	0.0 	0.0 	0.0 	0.0 	0.0 	0.0 	0.0 	0.0 	0.0 	0.58 	0.0 	0.0 	0.0 	0.0 	0.0 	
180 	0.0 	0.27 	0.0 	0.32 	0.0 	0.29 	0.0 	0.0 	0.0 	0.0 	0.0 	0.0 	0.0 	0.0 	0.0 	0.0 	0.12 	0.0 	0.0 	0.0 	
181 	0.0 	0.0 	0.15 	0.0 	0.0 	0.0 	0.0 	0.0 	0.0 	0.0 	0.0 	0.0 	0.0 	0.0 	0.0 	0.41 	0.32 	0.0 	0.0 	0.12 	
182 	0.0 	0.0 	0.0 	0.0 	0.0 	0.0 	0.0 	0.0 	0.0 	0.0 	0.0 	0.0 	0.0 	1.0 	0.0 	0.0 	0.0 	0.0 	0.0 	0.0 	
183 	0.0 	0.0 	0.0 	0.0 	0.0 	0.0 	0.0 	0.0 	0.0 	0.0 	0.0 	0.0 	0.27 	0.47 	0.0 	0.0 	0.0 	0.0 	0.26 	0.0 	
184 	0.0 	0.0 	0.0 	0.0 	0.0 	0.0 	0.0 	0.0 	0.0 	0.0 	0.0 	0.0 	0.73 	0.0 	0.0 	0.0 	0.27 	0.0 	0.0 	0.0 	
185 	0.0 	0.0 	0.12 	0.0 	0.0 	0.0 	0.0 	0.0 	0.61 	0.27 	0.0 	0.0 	0.0 	0.0 	0.0 	0.0 	0.0 	0.0 	0.0 	0.0 	
186 	0.0 	0.0 	0.0 	0.0 	1.0 	0.0 	0.0 	0.0 	0.0 	0.0 	0.0 	0.0 	0.0 	0.0 	0.0 	0.0 	0.0 	0.0 	0.0 	0.0 	
187 	0.0 	0.73 	0.0 	0.0 	0.0 	0.0 	0.0 	0.27 	0.0 	0.0 	0.0 	0.0 	0.0 	0.0 	0.0 	0.0 	0.0 	0.0 	0.0 	0.0 	
188 	0.0 	0.0 	0.0 	1.0 	0.0 	0.0 	0.0 	0.0 	0.0 	0.0 	0.0 	0.0 	0.0 	0.0 	0.0 	0.0 	0.0 	0.0 	0.0 	0.0 	
189 	0.0 	0.0 	0.0 	0.0 	0.0 	0.0 	0.0 	1.0 	0.0 	0.0 	0.0 	0.0 	0.0 	0.0 	0.0 	0.0 	0.0 	0.0 	0.0 	0.0 	
190 	0.0 	0.0 	0.0 	0.0 	0.0 	0.0 	0.0 	0.27 	0.0 	0.0 	0.0 	0.0 	0.0 	0.0 	0.0 	0.73 	0.0 	0.0 	0.0 	0.0 	
191 	0.0 	0.0 	0.0 	0.0 	0.0 	0.0 	0.0 	0.0 	0.0 	0.0 	1.0 	0.0 	0.0 	0.0 	0.0 	0.0 	0.0 	0.0 	0.0 	0.0 	
192 	0.31 	0.0 	0.0 	0.0 	0.0 	0.14 	0.0 	0.0 	0.0 	0.0 	0.39 	0.0 	0.15 	0.0 	0.0 	0.0 	0.0 	0.0 	0.0 	0.0 	
193 	0.0 	0.12 	0.0 	0.0 	0.0 	0.29 	0.0 	0.0 	0.0 	0.0 	0.0 	0.32 	0.0 	0.0 	0.0 	0.0 	0.27 	0.0 	0.0 	0.0 	
194 	0.0 	0.0 	0.0 	0.0 	0.0 	0.0 	0.0 	0.0 	0.0 	0.27 	0.0 	0.0 	0.0 	0.29 	0.0 	0.0 	0.0 	0.0 	0.0 	0.44 	
195 	0.19 	0.0 	0.27 	0.12 	0.0 	0.0 	0.0 	0.27 	0.0 	0.0 	0.0 	0.0 	0.0 	0.0 	0.0 	0.0 	0.15 	0.0 	0.0 	0.0 	
196 	0.0 	0.0 	0.0 	0.0 	0.0 	0.0 	0.0 	0.0 	0.0 	0.13 	0.27 	0.0 	0.0 	0.31 	0.0 	0.0 	0.0 	0.0 	0.29 	0.0 	
197 	0.12 	0.0 	0.0 	0.29 	0.0 	0.0 	0.0 	0.59 	0.0 	0.0 	0.0 	0.0 	0.0 	0.0 	0.0 	0.0 	0.0 	0.0 	0.0 	0.0 	
198 	0.14 	0.01 	0.01 	0.15 	0.0 	0.01 	0.27 	0.01 	0.0 	0.01 	0.01 	0.01 	0.0 	0.0 	0.01 	0.16 	0.2 	0.0 	0.0 	0.01 	
199 	0.0 	0.0 	0.0 	0.51 	0.0 	0.0 	0.19 	0.0 	0.0 	0.0 	0.0 	0.29 	0.0 	0.0 	0.0 	0.0 	0.0 	0.0 	0.0 	0.0 	
200 	0.0 	0.0 	0.0 	0.0 	0.0 	0.0 	0.0 	1.0 	0.0 	0.0 	0.0 	0.0 	0.0 	0.0 	0.0 	0.0 	0.0 	0.0 	0.0 	0.0 	
201 	0.27 	0.0 	0.29 	0.0 	0.0 	0.0 	0.12 	0.0 	0.0 	0.0 	0.0 	0.13 	0.0 	0.0 	0.0 	0.0 	0.19 	0.0 	0.0 	0.0 	
202 	0.0 	0.0 	0.0 	0.0 	0.0 	0.0 	0.0 	0.0 	0.0 	0.0 	0.14 	0.0 	0.0 	0.0 	0.19 	0.39 	0.27 	0.0 	0.0 	0.0 	
203 	0.0 	0.0 	0.0 	0.0 	0.0 	0.39 	0.19 	0.0 	0.0 	0.0 	0.0 	0.41 	0.0 	0.0 	0.0 	0.0 	0.0 	0.0 	0.0 	0.0 	
204 	0.0 	0.0 	0.0 	0.0 	0.0 	0.15 	0.0 	0.0 	0.0 	0.19 	0.0 	0.0 	0.14 	0.0 	0.0 	0.27 	0.13 	0.0 	0.0 	0.12 	
205 	0.0 	0.27 	0.0 	0.0 	0.0 	0.0 	0.0 	0.0 	0.0 	0.0 	0.0 	0.42 	0.0 	0.0 	0.0 	0.0 	0.31 	0.0 	0.0 	0.0 	
206 	0.0 	0.13 	0.12 	0.0 	0.0 	0.0 	0.0 	0.0 	0.19 	0.0 	0.0 	0.0 	0.0 	0.0 	0.29 	0.27 	0.0 	0.0 	0.0 	0.0 	
207 	0.0 	0.0 	0.0 	0.0 	0.0 	0.0 	0.0 	0.0 	0.0 	0.0 	0.0 	0.27 	0.0 	0.0 	0.0 	0.0 	0.73 	0.0 	0.0 	0.0 	
208 	0.0 	0.0 	0.0 	0.0 	0.0 	0.27 	0.44 	0.0 	0.0 	0.0 	0.0 	0.29 	0.0 	0.0 	0.0 	0.0 	0.0 	0.0 	0.0 	0.0 	
209 	0.0 	0.0 	0.0 	0.0 	0.0 	0.0 	0.0 	0.0 	0.0 	0.27 	0.0 	0.0 	0.27 	0.0 	0.0 	0.0 	0.0 	0.0 	0.0 	0.46 	
210 	0.0 	0.0 	0.0 	0.0 	0.0 	0.0 	0.0 	0.0 	0.0 	0.0 	0.0 	0.0 	0.0 	1.0 	0.0 	0.0 	0.0 	0.0 	0.0 	0.0 	
211 	0.0 	0.0 	0.0 	0.0 	0.0 	0.0 	0.0 	0.0 	0.73 	0.0 	0.0 	0.0 	0.0 	0.0 	0.0 	0.27 	0.0 	0.0 	0.0 	0.0 	
212 	0.15 	0.0 	0.0 	0.0 	0.0 	0.0 	0.0 	0.14 	0.0 	0.0 	0.0 	0.13 	0.0 	0.0 	0.19 	0.0 	0.12 	0.0 	0.0 	0.27 	
213 	0.0 	0.0 	0.0 	0.0 	0.0 	0.0 	0.73 	0.0 	0.0 	0.0 	0.0 	0.27 	0.0 	0.0 	0.0 	0.0 	0.0 	0.0 	0.0 	0.0 	
214 	0.0 	0.0 	0.13 	0.73 	0.0 	0.0 	0.0 	0.0 	0.0 	0.0 	0.0 	0.15 	0.0 	0.0 	0.0 	0.0 	0.0 	0.0 	0.0 	0.0 	
215 	0.0 	0.0 	0.0 	0.41 	0.0 	0.0 	0.59 	0.0 	0.0 	0.0 	0.0 	0.0 	0.0 	0.0 	0.0 	0.0 	0.0 	0.0 	0.0 	0.0 	
216 	0.0 	0.0 	0.0 	0.0 	0.0 	0.0 	0.0 	0.0 	0.0 	0.0 	0.12 	0.0 	0.0 	0.19 	0.27 	0.0 	0.0 	0.0 	0.42 	0.0 	
217 	0.0 	0.0 	0.0 	0.0 	0.0 	0.0 	0.0 	0.0 	0.0 	0.27 	0.73 	0.0 	0.0 	0.0 	0.0 	0.0 	0.0 	0.0 	0.0 	0.0 	
218 	0.0 	0.0 	0.0 	0.0 	0.0 	0.0 	0.0 	0.0 	0.0 	0.44 	0.15 	0.0 	0.0 	0.41 	0.0 	0.0 	0.0 	0.0 	0.0 	0.0 	
219 	0.0 	0.0 	0.59 	0.0 	0.0 	0.0 	0.0 	0.0 	0.0 	0.27 	0.0 	0.0 	0.0 	0.0 	0.0 	0.0 	0.0 	0.0 	0.0 	0.14 	
220 	0.27 	0.0 	0.29 	0.0 	0.0 	0.0 	0.0 	0.0 	0.44 	0.0 	0.0 	0.0 	0.0 	0.0 	0.0 	0.0 	0.0 	0.0 	0.0 	0.0 	
221 	0.0 	0.0 	0.0 	0.0 	0.0 	0.0 	0.0 	0.0 	0.0 	0.0 	0.0 	0.0 	0.0 	0.0 	1.0 	0.0 	0.0 	0.0 	0.0 	0.0 	
222 	0.71 	0.0 	0.0 	0.0 	0.0 	0.0 	0.0 	0.0 	0.0 	0.0 	0.0 	0.0 	0.0 	0.0 	0.0 	0.0 	0.0 	0.0 	0.29 	0.0 	
223 	0.0 	0.0 	0.0 	0.0 	0.0 	0.0 	0.0 	0.0 	0.0 	0.0 	0.27 	0.0 	0.0 	0.12 	0.0 	0.0 	0.0 	0.0 	0.61 	0.0 	
224 	0.0 	0.0 	0.0 	0.27 	0.0 	0.0 	0.0 	0.0 	0.0 	0.0 	0.0 	0.0 	0.0 	0.0 	0.0 	0.73 	0.0 	0.0 	0.0 	0.0 	
225 	0.0 	0.0 	0.29 	0.0 	0.0 	0.19 	0.0 	0.0 	0.0 	0.0 	0.12 	0.27 	0.0 	0.0 	0.13 	0.0 	0.0 	0.0 	0.0 	0.0 	
226 	0.0 	0.12 	0.0 	0.27 	0.0 	0.0 	0.0 	0.14 	0.0 	0.0 	0.0 	0.32 	0.0 	0.0 	0.0 	0.15 	0.0 	0.0 	0.0 	0.0 	
227 	0.19 	0.0 	0.15 	0.0 	0.0 	0.0 	0.0 	0.0 	0.0 	0.0 	0.0 	0.27 	0.0 	0.0 	0.0 	0.39 	0.0 	0.0 	0.0 	0.0 	
228 	0.27 	0.0 	0.15 	0.0 	0.0 	0.0 	0.0 	0.58 	0.0 	0.0 	0.0 	0.0 	0.0 	0.0 	0.0 	0.0 	0.0 	0.0 	0.0 	0.0 	
229 	0.0 	0.58 	0.0 	0.0 	0.0 	0.0 	0.0 	0.0 	0.42 	0.0 	0.0 	0.0 	0.0 	0.0 	0.0 	0.0 	0.0 	0.0 	0.0 	0.0 	
230 	0.0 	0.0 	0.0 	0.0 	0.0 	0.0 	0.0 	0.0 	0.0 	0.0 	0.73 	0.0 	0.0 	0.27 	0.0 	0.0 	0.0 	0.0 	0.0 	0.0 	
231 	0.0 	0.0 	0.0 	0.0 	0.0 	0.0 	0.0 	0.0 	0.0 	0.0 	0.0 	0.0 	0.0 	0.0 	0.0 	0.0 	0.15 	0.0 	0.0 	0.85 	
232 	0.02 	0.01 	0.01 	0.01 	0.01 	0.01 	0.02 	0.02 	0.01 	0.01 	0.02 	0.02 	0.01 	0.01 	0.01 	0.02 	0.02 	0.74 	0.01 	0.02 	
233 	0.02 	0.01 	0.01 	0.01 	0.01 	0.01 	0.02 	0.02 	0.01 	0.01 	0.02 	0.02 	0.01 	0.01 	0.75 	0.02 	0.02 	0.0 	0.01 	0.02 	
234 	0.0 	0.0 	0.0 	0.0 	0.0 	0.0 	0.0 	0.0 	0.0 	0.0 	0.0 	0.0 	0.0 	0.0 	0.0 	0.27 	0.73 	0.0 	0.0 	0.0 	
235 	0.0 	0.0 	0.0 	0.0 	0.0 	0.0 	0.0 	0.0 	0.0 	0.0 	0.0 	0.0 	0.0 	0.0 	0.0 	0.0 	0.0 	0.0 	1.0 	0.0 	
236 	0.0 	0.0 	0.0 	0.0 	0.0 	0.0 	0.29 	0.0 	0.0 	0.0 	0.0 	0.0 	0.0 	0.0 	0.0 	0.0 	0.44 	0.0 	0.27 	0.0 	
237 	0.0 	0.0 	0.0 	0.0 	0.0 	0.0 	0.0 	1.0 	0.0 	0.0 	0.0 	0.0 	0.0 	0.0 	0.0 	0.0 	0.0 	0.0 	0.0 	0.0 	
238 	0.0 	0.14 	0.27 	0.0 	0.0 	0.0 	0.0 	0.0 	0.0 	0.0 	0.0 	0.59 	0.0 	0.0 	0.0 	0.0 	0.0 	0.0 	0.0 	0.0 	
239 	0.0 	0.0 	0.0 	0.0 	0.0 	0.0 	0.0 	0.0 	0.0 	0.73 	0.0 	0.0 	0.0 	0.0 	0.0 	0.0 	0.0 	0.0 	0.0 	0.27 	
240 	0.0 	0.0 	0.0 	0.0 	0.0 	0.0 	0.0 	0.0 	0.19 	0.0 	0.0 	0.0 	0.0 	0.54 	0.0 	0.0 	0.0 	0.0 	0.27 	0.0 	
241 	0.0 	0.0 	0.0 	0.0 	0.0 	0.73 	0.0 	0.0 	0.0 	0.0 	0.0 	0.0 	0.0 	0.0 	0.0 	0.27 	0.0 	0.0 	0.0 	0.0 	
242 	0.68 	0.0 	0.0 	0.0 	0.0 	0.0 	0.0 	0.0 	0.0 	0.32 	0.0 	0.0 	0.0 	0.0 	0.0 	0.0 	0.0 	0.0 	0.0 	0.0 	
243 	0.0 	0.0 	0.0 	0.71 	0.0 	0.0 	0.0 	0.0 	0.0 	0.0 	0.0 	0.29 	0.0 	0.0 	0.0 	0.0 	0.0 	0.0 	0.0 	0.0 	
244 	0.0 	0.0 	0.0 	0.0 	0.0 	0.0 	0.0 	0.0 	0.0 	0.0 	0.73 	0.0 	0.0 	0.27 	0.0 	0.0 	0.0 	0.0 	0.0 	0.0 	
245 	0.0 	0.0 	0.0 	0.0 	0.0 	0.0 	0.0 	0.0 	0.0 	0.0 	0.0 	0.0 	0.0 	0.0 	0.0 	0.74 	0.26 	0.0 	0.0 	0.0 	
246 	0.12 	0.0 	0.0 	0.14 	0.0 	0.0 	0.15 	0.27 	0.0 	0.0 	0.0 	0.0 	0.0 	0.0 	0.0 	0.32 	0.0 	0.0 	0.0 	0.0 	
247 	0.0 	0.0 	0.0 	0.27 	0.0 	0.13 	0.12 	0.19 	0.0 	0.0 	0.0 	0.14 	0.0 	0.0 	0.0 	0.15 	0.0 	0.0 	0.0 	0.0 	
248 	0.0 	0.0 	0.0 	0.32 	0.0 	0.0 	0.27 	0.27 	0.0 	0.0 	0.0 	0.14 	0.0 	0.0 	0.0 	0.0 	0.0 	0.0 	0.0 	0.0 	
249 	0.59 	0.0 	0.0 	0.0 	0.0 	0.0 	0.0 	0.0 	0.0 	0.0 	0.0 	0.0 	0.0 	0.0 	0.0 	0.0 	0.0 	0.0 	0.0 	0.41 	
250 	0.0 	0.0 	0.0 	0.14 	0.0 	0.0 	0.15 	0.0 	0.0 	0.0 	0.0 	0.59 	0.0 	0.0 	0.0 	0.0 	0.12 	0.0 	0.0 	0.0 	
251 	0.0 	0.0 	0.0 	0.0 	0.0 	0.0 	0.0 	0.0 	0.0 	0.0 	0.0 	0.0 	0.0 	0.73 	0.0 	0.0 	0.0 	0.0 	0.0 	0.27 	
252 	0.0 	0.12 	0.0 	0.27 	0.0 	0.0 	0.0 	0.0 	0.0 	0.0 	0.47 	0.0 	0.14 	0.0 	0.0 	0.0 	0.0 	0.0 	0.0 	0.0 	
253 	0.12 	0.0 	0.0 	0.0 	0.0 	0.0 	0.0 	0.27 	0.0 	0.0 	0.0 	0.29 	0.0 	0.0 	0.32 	0.0 	0.0 	0.0 	0.0 	0.0 	
254 	0.32 	0.0 	0.0 	0.0 	0.0 	0.0 	0.0 	0.0 	0.0 	0.0 	0.0 	0.0 	0.0 	0.0 	0.68 	0.0 	0.0 	0.0 	0.0 	0.0 	
255 	0.0 	0.0 	0.0 	0.0 	0.0 	0.0 	0.0 	0.0 	0.0 	0.39 	0.0 	0.0 	0.0 	0.14 	0.0 	0.0 	0.0 	0.27 	0.0 	0.19 	
256 	0.0 	0.0 	0.0 	0.0 	0.0 	0.0 	0.73 	0.0 	0.0 	0.0 	0.0 	0.0 	0.0 	0.0 	0.0 	0.27 	0.0 	0.0 	0.0 	0.0 	
257 	0.44 	0.0 	0.0 	0.0 	0.0 	0.0 	0.0 	0.0 	0.0 	0.0 	0.41 	0.0 	0.0 	0.0 	0.0 	0.0 	0.0 	0.0 	0.0 	0.15 	
258 	0.0 	0.0 	0.0 	0.0 	0.0 	0.0 	0.0 	0.0 	0.0 	0.0 	0.58 	0.0 	0.0 	0.42 	0.0 	0.0 	0.0 	0.0 	0.0 	0.0 	
259 	0.0 	0.0 	0.27 	0.0 	0.0 	0.0 	0.0 	0.0 	0.0 	0.0 	0.0 	0.0 	0.0 	0.0 	0.0 	0.0 	0.73 	0.0 	0.0 	0.0 	
260 	0.0 	0.0 	0.0 	0.54 	0.0 	0.0 	0.46 	0.0 	0.0 	0.0 	0.0 	0.0 	0.0 	0.0 	0.0 	0.0 	0.0 	0.0 	0.0 	0.0 	
261 	0.58 	0.0 	0.0 	0.0 	0.0 	0.0 	0.27 	0.0 	0.0 	0.0 	0.0 	0.15 	0.0 	0.0 	0.0 	0.0 	0.0 	0.0 	0.0 	0.0 	
262 	0.0 	0.0 	0.0 	0.27 	0.0 	0.0 	0.73 	0.0 	0.0 	0.0 	0.0 	0.0 	0.0 	0.0 	0.0 	0.0 	0.0 	0.0 	0.0 	0.0 	
263 	0.0 	0.31 	0.0 	0.0 	0.0 	0.0 	0.0 	0.0 	0.0 	0.0 	0.0 	0.69 	0.0 	0.0 	0.0 	0.0 	0.0 	0.0 	0.0 	0.0 	
264 	0.73 	0.0 	0.0 	0.0 	0.0 	0.0 	0.0 	0.0 	0.0 	0.0 	0.0 	0.27 	0.0 	0.0 	0.0 	0.0 	0.0 	0.0 	0.0 	0.0 	
265 	0.14 	0.0 	0.0 	0.46 	0.0 	0.0 	0.13 	0.0 	0.0 	0.0 	0.0 	0.27 	0.0 	0.0 	0.0 	0.0 	0.0 	0.0 	0.0 	0.0 	
266 	0.0 	0.0 	0.41 	0.12 	0.0 	0.0 	0.0 	0.32 	0.0 	0.0 	0.0 	0.15 	0.0 	0.0 	0.0 	0.0 	0.0 	0.0 	0.0 	0.0 	
267 	0.0 	0.0 	0.0 	0.0 	0.0 	0.0 	0.0 	0.0 	0.0 	0.0 	0.0 	0.0 	0.0 	0.0 	0.0 	0.0 	0.0 	1.0 	0.0 	0.0 	
268 	0.13 	0.61 	0.0 	0.0 	0.0 	0.0 	0.0 	0.0 	0.0 	0.0 	0.0 	0.0 	0.0 	0.0 	0.0 	0.0 	0.0 	0.0 	0.0 	0.27 	
269 	0.0 	0.0 	0.0 	0.0 	0.0 	0.0 	0.0 	0.0 	0.0 	0.0 	0.0 	0.0 	0.0 	0.0 	1.0 	0.0 	0.0 	0.0 	0.0 	0.0 	
270 	0.0 	0.0 	0.0 	0.0 	0.0 	0.0 	0.0 	1.0 	0.0 	0.0 	0.0 	0.0 	0.0 	0.0 	0.0 	0.0 	0.0 	0.0 	0.0 	0.0 	
271 	0.0 	0.0 	0.0 	0.0 	0.0 	0.0 	0.0 	1.0 	0.0 	0.0 	0.0 	0.0 	0.0 	0.0 	0.0 	0.0 	0.0 	0.0 	0.0 	0.0 	
272 	0.0 	0.0 	0.0 	0.0 	0.0 	0.0 	0.0 	0.0 	0.0 	0.0 	0.0 	0.0 	0.0 	0.0 	0.0 	0.0 	0.0 	0.73 	0.27 	0.0 	
273 	0.0 	0.0 	0.27 	0.0 	0.0 	0.73 	0.0 	0.0 	0.0 	0.0 	0.0 	0.0 	0.0 	0.0 	0.0 	0.0 	0.0 	0.0 	0.0 	0.0 	
274 	0.0 	0.0 	0.0 	0.0 	0.0 	0.44 	0.0 	0.0 	0.0 	0.0 	0.27 	0.0 	0.0 	0.0 	0.0 	0.0 	0.15 	0.0 	0.0 	0.14 	
275 	0.0 	0.0 	0.0 	0.0 	0.0 	0.0 	0.0 	0.0 	0.0 	0.15 	0.0 	0.0 	0.0 	0.0 	0.0 	0.0 	0.12 	0.0 	0.0 	0.73 	
276 	0.73 	0.0 	0.0 	0.0 	0.0 	0.0 	0.0 	0.27 	0.0 	0.0 	0.0 	0.0 	0.0 	0.0 	0.0 	0.0 	0.0 	0.0 	0.0 	0.0 	
277 	0.0 	0.0 	0.0 	0.0 	0.0 	0.0 	0.0 	0.0 	0.0 	0.0 	0.27 	0.0 	0.0 	0.15 	0.0 	0.0 	0.0 	0.0 	0.58 	0.0 	
278 	0.0 	0.0 	0.0 	0.0 	0.0 	0.0 	0.0 	0.0 	1.0 	0.0 	0.0 	0.0 	0.0 	0.0 	0.0 	0.0 	0.0 	0.0 	0.0 	0.0 	
279 	0.0 	0.71 	0.0 	0.0 	0.0 	0.0 	0.0 	0.0 	0.0 	0.0 	0.0 	0.29 	0.0 	0.0 	0.0 	0.0 	0.0 	0.0 	0.0 	0.0 	
280 	0.75 	0.0 	0.0 	0.0 	0.0 	0.12 	0.13 	0.0 	0.0 	0.0 	0.0 	0.0 	0.0 	0.0 	0.0 	0.0 	0.0 	0.0 	0.0 	0.0 	
281 	0.0 	0.29 	0.0 	0.0 	0.0 	0.0 	0.0 	0.0 	0.0 	0.0 	0.19 	0.0 	0.0 	0.0 	0.0 	0.51 	0.0 	0.0 	0.0 	0.0 	
282 	0.0 	0.0 	0.29 	0.44 	0.0 	0.0 	0.0 	0.27 	0.0 	0.0 	0.0 	0.0 	0.0 	0.0 	0.0 	0.0 	0.0 	0.0 	0.0 	0.0 	
283 	0.0 	0.71 	0.0 	0.0 	0.0 	0.0 	0.29 	0.0 	0.0 	0.0 	0.0 	0.0 	0.0 	0.0 	0.0 	0.0 	0.0 	0.0 	0.0 	0.0 	
284 	0.0 	0.0 	0.0 	0.0 	0.0 	0.0 	0.0 	0.0 	0.0 	0.58 	0.15 	0.0 	0.27 	0.0 	0.0 	0.0 	0.0 	0.0 	0.0 	0.0 	
285 	0.0 	0.0 	0.0 	0.0 	0.0 	0.0 	0.0 	0.0 	0.0 	0.0 	0.0 	0.0 	0.0 	0.13 	0.0 	0.0 	0.0 	0.0 	0.87 	0.0 	
286 	0.0 	0.0 	0.0 	0.0 	0.0 	0.0 	0.0 	0.0 	0.0 	0.0 	0.59 	0.0 	0.0 	0.0 	0.0 	0.0 	0.0 	0.0 	0.0 	0.41 	
287 	0.0 	0.0 	0.0 	0.0 	0.0 	0.0 	0.0 	0.0 	0.0 	0.0 	0.73 	0.0 	0.0 	0.27 	0.0 	0.0 	0.0 	0.0 	0.0 	0.0 	
288 	0.29 	0.0 	0.0 	0.0 	0.0 	0.0 	0.0 	0.13 	0.0 	0.0 	0.0 	0.0 	0.27 	0.0 	0.0 	0.0 	0.0 	0.0 	0.0 	0.31 	
289 	0.0 	0.0 	0.0 	0.73 	0.0 	0.0 	0.0 	0.0 	0.27 	0.0 	0.0 	0.0 	0.0 	0.0 	0.0 	0.0 	0.0 	0.0 	0.0 	0.0 	
290 	0.0 	0.0 	0.0 	0.27 	0.0 	0.73 	0.0 	0.0 	0.0 	0.0 	0.0 	0.0 	0.0 	0.0 	0.0 	0.0 	0.0 	0.0 	0.0 	0.0 	
291 	0.0 	0.73 	0.0 	0.0 	0.0 	0.0 	0.0 	0.27 	0.0 	0.0 	0.0 	0.0 	0.0 	0.0 	0.0 	0.0 	0.0 	0.0 	0.0 	0.0 	
292 	0.27 	0.0 	0.0 	0.31 	0.0 	0.0 	0.15 	0.0 	0.0 	0.0 	0.0 	0.27 	0.0 	0.0 	0.0 	0.0 	0.0 	0.0 	0.0 	0.0 	
293 	0.13 	0.0 	0.0 	0.0 	0.0 	0.0 	0.58 	0.0 	0.0 	0.0 	0.0 	0.29 	0.0 	0.0 	0.0 	0.0 	0.0 	0.0 	0.0 	0.0 	
294 	0.0 	0.0 	0.0 	0.0 	0.0 	0.0 	0.0 	0.27 	0.0 	0.0 	0.0 	0.0 	0.0 	0.0 	0.0 	0.13 	0.0 	0.61 	0.0 	0.0 	
295 	0.0 	0.19 	0.0 	0.0 	0.0 	0.0 	0.0 	0.0 	0.0 	0.0 	0.0 	0.25 	0.0 	0.0 	0.0 	0.0 	0.56 	0.0 	0.0 	0.0 	
296 	0.0 	0.0 	0.0 	0.0 	0.0 	0.0 	0.0 	0.0 	1.0 	0.0 	0.0 	0.0 	0.0 	0.0 	0.0 	0.0 	0.0 	0.0 	0.0 	0.0 	
297 	0.0 	0.0 	0.0 	0.0 	0.0 	0.0 	0.0 	0.0 	0.0 	0.0 	0.0 	0.86 	0.0 	0.0 	0.0 	0.0 	0.0 	0.0 	0.0 	0.14 	
298 	0.25 	0.0 	0.0 	0.0 	0.0 	0.0 	0.0 	0.0 	0.0 	0.0 	0.15 	0.0 	0.0 	0.27 	0.0 	0.0 	0.34 	0.0 	0.0 	0.0 	
299 	0.46 	0.0 	0.0 	0.0 	0.0 	0.0 	0.0 	0.0 	0.0 	0.0 	0.0 	0.0 	0.0 	0.0 	0.54 	0.0 	0.0 	0.0 	0.0 	0.0 	
300 	0.27 	0.0 	0.0 	0.0 	0.0 	0.0 	0.0 	0.0 	0.0 	0.0 	0.0 	0.0 	0.0 	0.0 	0.0 	0.73 	0.0 	0.0 	0.0 	0.0 	
301 	0.27 	0.73 	0.0 	0.0 	0.0 	0.0 	0.0 	0.0 	0.0 	0.0 	0.0 	0.0 	0.0 	0.0 	0.0 	0.0 	0.0 	0.0 	0.0 	0.0 	
302 	0.0 	0.0 	0.0 	0.0 	0.0 	0.0 	0.27 	0.0 	0.0 	0.0 	0.1 	0.0 	0.0 	0.49 	0.0 	0.0 	0.0 	0.0 	0.14 	0.0 	
303 	0.0 	0.0 	0.0 	0.0 	0.0 	0.0 	0.0 	0.0 	0.0 	0.27 	0.22 	0.0 	0.0 	0.0 	0.0 	0.0 	0.0 	0.0 	0.0 	0.51 	
304 	0.0 	0.0 	0.0 	0.0 	0.0 	0.0 	0.0 	0.0 	0.0 	0.0 	0.0 	0.0 	0.0 	0.42 	0.0 	0.0 	0.0 	0.27 	0.0 	0.31 	
305 	0.0 	0.0 	0.0 	0.0 	0.0 	0.0 	0.0 	0.0 	0.0 	0.0 	0.0 	0.0 	0.0 	0.0 	0.0 	0.0 	0.0 	0.0 	0.0 	1.0 	
306 	0.0 	0.0 	0.0 	0.0 	0.0 	0.0 	0.0 	0.0 	0.0 	0.13 	0.31 	0.0 	0.27 	0.0 	0.0 	0.0 	0.0 	0.0 	0.0 	0.29 	
307 	0.0 	0.0 	0.12 	0.88 	0.0 	0.0 	0.0 	0.0 	0.0 	0.0 	0.0 	0.0 	0.0 	0.0 	0.0 	0.0 	0.0 	0.0 	0.0 	0.0 	
308 	0.59 	0.0 	0.0 	0.0 	0.0 	0.0 	0.0 	0.14 	0.0 	0.0 	0.0 	0.0 	0.0 	0.0 	0.0 	0.0 	0.27 	0.0 	0.0 	0.0 	
309 	0.0 	0.0 	0.0 	0.0 	0.0 	0.0 	0.12 	0.0 	0.0 	0.0 	0.0 	0.59 	0.0 	0.0 	0.0 	0.0 	0.29 	0.0 	0.0 	0.0 	
310 	0.0 	0.0 	0.0 	0.0 	0.0 	0.0 	0.0 	0.0 	0.0 	0.0 	0.0 	0.0 	0.0 	0.0 	0.0 	0.15 	0.85 	0.0 	0.0 	0.0 	
311 	0.0 	0.0 	0.0 	0.0 	0.0 	0.0 	0.0 	0.73 	0.0 	0.0 	0.0 	0.27 	0.0 	0.0 	0.0 	0.0 	0.0 	0.0 	0.0 	0.0 	
312 	0.0 	0.0 	0.0 	0.0 	0.0 	0.27 	0.31 	0.0 	0.0 	0.0 	0.0 	0.42 	0.0 	0.0 	0.0 	0.0 	0.0 	0.0 	0.0 	0.0 	
313 	0.0 	1.0 	0.0 	0.0 	0.0 	0.0 	0.0 	0.0 	0.0 	0.0 	0.0 	0.0 	0.0 	0.0 	0.0 	0.0 	0.0 	0.0 	0.0 	0.0 	
314 	0.0 	0.0 	0.0 	0.0 	0.0 	0.0 	0.0 	0.0 	0.0 	0.25 	0.49 	0.0 	0.0 	0.0 	0.0 	0.0 	0.0 	0.0 	0.0 	0.27 	
315 	0.46 	0.29 	0.25 	0.0 	0.0 	0.0 	0.0 	0.0 	0.0 	0.0 	0.0 	0.0 	0.0 	0.0 	0.0 	0.0 	0.0 	0.0 	0.0 	0.0 	
316 	0.0 	0.56 	0.0 	0.0 	0.0 	0.0 	0.0 	0.0 	0.0 	0.0 	0.0 	0.44 	0.0 	0.0 	0.0 	0.0 	0.0 	0.0 	0.0 	0.0 	
317 	0.0 	0.0 	0.0 	0.0 	0.0 	0.0 	0.0 	0.0 	0.0 	0.81 	0.0 	0.0 	0.0 	0.19 	0.0 	0.0 	0.0 	0.0 	0.0 	0.0 	
318 	0.0 	0.0 	0.0 	0.14 	0.0 	0.0 	0.59 	0.0 	0.0 	0.0 	0.0 	0.0 	0.0 	0.0 	0.27 	0.0 	0.0 	0.0 	0.0 	0.0 	
319 	0.02 	0.01 	0.01 	0.01 	0.01 	0.01 	0.02 	0.02 	0.01 	0.01 	0.56 	0.02 	0.2 	0.01 	0.01 	0.02 	0.02 	0.0 	0.01 	0.02 	
320 	0.0 	0.0 	0.0 	0.0 	0.0 	0.0 	0.0 	0.73 	0.0 	0.0 	0.0 	0.27 	0.0 	0.0 	0.0 	0.0 	0.0 	0.0 	0.0 	0.0 	
321 	0.0 	0.27 	0.0 	0.0 	0.0 	0.0 	0.0 	0.0 	0.73 	0.0 	0.0 	0.0 	0.0 	0.0 	0.0 	0.0 	0.0 	0.0 	0.0 	0.0 	
322 	0.0 	0.0 	0.0 	0.27 	0.0 	0.0 	0.73 	0.0 	0.0 	0.0 	0.0 	0.0 	0.0 	0.0 	0.0 	0.0 	0.0 	0.0 	0.0 	0.0 	
323 	0.27 	0.0 	0.0 	0.0 	0.0 	0.0 	0.0 	0.0 	0.0 	0.73 	0.0 	0.0 	0.0 	0.0 	0.0 	0.0 	0.0 	0.0 	0.0 	0.0 	
324 	0.0 	0.0 	0.15 	0.58 	0.0 	0.0 	0.0 	0.0 	0.0 	0.0 	0.27 	0.0 	0.0 	0.0 	0.0 	0.0 	0.0 	0.0 	0.0 	0.0 	
325 	0.0 	0.0 	0.0 	0.0 	0.0 	0.0 	0.0 	0.14 	0.0 	0.0 	0.0 	0.0 	0.0 	0.0 	0.0 	0.86 	0.0 	0.0 	0.0 	0.0 	
326 	0.0 	0.0 	0.0 	0.0 	0.0 	0.0 	0.0 	0.0 	0.0 	0.61 	0.0 	0.0 	0.27 	0.0 	0.0 	0.0 	0.0 	0.0 	0.0 	0.13 	
327 	0.15 	0.0 	0.31 	0.0 	0.0 	0.0 	0.0 	0.13 	0.0 	0.0 	0.0 	0.0 	0.0 	0.0 	0.0 	0.14 	0.27 	0.0 	0.0 	0.0 	
328 	0.0 	0.0 	0.0 	0.0 	0.0 	0.0 	0.0 	0.0 	0.0 	0.27 	0.0 	0.0 	0.0 	0.0 	0.0 	0.0 	0.0 	0.0 	0.0 	0.73 	
329 	0.0 	0.0 	0.0 	0.27 	0.0 	0.0 	0.0 	0.0 	0.0 	0.0 	0.0 	0.0 	0.0 	0.0 	0.0 	0.59 	0.14 	0.0 	0.0 	0.0 	
330 	0.0 	0.0 	0.0 	0.0 	0.0 	1.0 	0.0 	0.0 	0.0 	0.0 	0.0 	0.0 	0.0 	0.0 	0.0 	0.0 	0.0 	0.0 	0.0 	0.0 	
331 	0.02 	0.01 	0.01 	0.75 	0.01 	0.01 	0.02 	0.02 	0.01 	0.01 	0.02 	0.02 	0.01 	0.01 	0.01 	0.02 	0.02 	0.0 	0.01 	0.02 	
332 	0.39 	0.0 	0.0 	0.15 	0.0 	0.27 	0.19 	0.0 	0.0 	0.0 	0.0 	0.0 	0.0 	0.0 	0.0 	0.0 	0.0 	0.0 	0.0 	0.0 	
333 	0.0 	0.27 	0.14 	0.0 	0.0 	0.0 	0.12 	0.0 	0.0 	0.0 	0.0 	0.47 	0.0 	0.0 	0.0 	0.0 	0.0 	0.0 	0.0 	0.0 	
334 	0.0 	0.0 	0.27 	0.0 	0.0 	0.0 	0.0 	0.0 	0.0 	0.0 	0.0 	0.0 	0.0 	0.0 	0.73 	0.0 	0.0 	0.0 	0.0 	0.0 	
335 	0.0 	0.0 	0.14 	0.0 	0.0 	0.13 	0.0 	0.0 	0.0 	0.0 	0.58 	0.0 	0.0 	0.0 	0.0 	0.0 	0.0 	0.0 	0.15 	0.0 	
336 	0.0 	0.0 	0.0 	0.0 	0.0 	0.0 	0.0 	0.0 	0.0 	0.0 	0.73 	0.0 	0.27 	0.0 	0.0 	0.0 	0.0 	0.0 	0.0 	0.0 	
337 	0.0 	0.0 	0.0 	0.0 	0.0 	0.0 	0.0 	0.0 	0.0 	0.0 	0.27 	0.0 	0.0 	0.0 	0.0 	0.0 	0.0 	0.0 	0.73 	0.0 	
338 	0.73 	0.0 	0.0 	0.0 	0.0 	0.0 	0.0 	0.0 	0.0 	0.0 	0.0 	0.0 	0.0 	0.0 	0.0 	0.0 	0.27 	0.0 	0.0 	0.0 	
339 	0.0 	0.0 	0.0 	0.0 	0.0 	0.0 	0.0 	0.0 	0.0 	0.0 	0.71 	0.0 	0.0 	0.0 	0.0 	0.0 	0.0 	0.0 	0.0 	0.29 	
340 	0.0 	0.0 	0.0 	0.27 	0.0 	0.0 	0.0 	0.0 	0.0 	0.0 	0.0 	0.0 	0.0 	0.0 	0.0 	0.73 	0.0 	0.0 	0.0 	0.0 	
341 	0.26 	0.0 	0.0 	0.0 	0.0 	0.0 	0.15 	0.27 	0.0 	0.0 	0.0 	0.0 	0.0 	0.0 	0.0 	0.0 	0.32 	0.0 	0.0 	0.0 	
342 	0.0 	0.0 	0.0 	0.0 	0.0 	0.0 	0.29 	0.71 	0.0 	0.0 	0.0 	0.0 	0.0 	0.0 	0.0 	0.0 	0.0 	0.0 	0.0 	0.0 	
343 	0.29 	0.0 	0.27 	0.32 	0.0 	0.0 	0.0 	0.0 	0.0 	0.0 	0.0 	0.0 	0.0 	0.0 	0.0 	0.0 	0.12 	0.0 	0.0 	0.0 	
344 	0.0 	0.0 	0.0 	0.0 	0.0 	0.12 	0.0 	0.0 	0.0 	0.0 	0.0 	0.61 	0.0 	0.0 	0.0 	0.0 	0.0 	0.0 	0.0 	0.27 	
345 	0.13 	0.0 	0.27 	0.0 	0.0 	0.0 	0.0 	0.0 	0.0 	0.0 	0.0 	0.0 	0.0 	0.0 	0.0 	0.0 	0.61 	0.0 	0.0 	0.0 	
346 	0.0 	0.0 	0.0 	0.0 	0.0 	0.0 	0.0 	0.0 	0.0 	0.0 	0.73 	0.0 	0.0 	0.0 	0.0 	0.0 	0.0 	0.0 	0.0 	0.27 	
347 	0.0 	0.0 	0.0 	0.0 	0.0 	0.0 	0.0 	0.0 	0.12 	0.0 	0.0 	0.0 	0.0 	0.29 	0.0 	0.0 	0.0 	0.0 	0.59 	0.0 	
348 	0.0 	0.0 	0.0 	0.0 	0.0 	0.0 	0.0 	0.0 	0.0 	0.6 	0.0 	0.0 	0.0 	0.0 	0.0 	0.0 	0.4 	0.0 	0.0 	0.0 	
349 	0.0 	0.0 	0.0 	0.0 	0.0 	0.0 	0.0 	0.0 	0.27 	0.0 	0.0 	0.0 	0.0 	0.57 	0.0 	0.0 	0.0 	0.0 	0.16 	0.0 	
350 	0.0 	0.0 	0.2 	0.8 	0.0 	0.0 	0.0 	0.0 	0.0 	0.0 	0.0 	0.0 	0.0 	0.0 	0.0 	0.0 	0.0 	0.0 	0.0 	0.0 	
351 	0.83 	0.0 	0.0 	0.0 	0.0 	0.0 	0.0 	0.0 	0.0 	0.0 	0.0 	0.0 	0.0 	0.0 	0.17 	0.0 	0.0 	0.0 	0.0 	0.0 	
352 	0.16 	0.0 	0.0 	0.0 	0.0 	0.0 	0.44 	0.0 	0.0 	0.0 	0.0 	0.0 	0.0 	0.0 	0.0 	0.0 	0.0 	0.0 	0.0 	0.4 	
353 	0.0 	0.0 	0.2 	0.0 	0.0 	0.0 	0.0 	0.0 	0.0 	0.0 	0.0 	0.0 	0.0 	0.0 	0.0 	0.27 	0.53 	0.0 	0.0 	0.0 	
354 	0.0 	0.0 	0.0 	0.0 	0.0 	0.0 	0.0 	1.0 	0.0 	0.0 	0.0 	0.0 	0.0 	0.0 	0.0 	0.0 	0.0 	0.0 	0.0 	0.0 	
355 	0.0 	0.0 	0.0 	0.0 	0.0 	0.0 	0.43 	0.0 	0.0 	0.0 	0.0 	0.57 	0.0 	0.0 	0.0 	0.0 	0.0 	0.0 	0.0 	0.0 	
356 	0.2 	0.0 	0.0 	0.0 	0.0 	0.0 	0.8 	0.0 	0.0 	0.0 	0.0 	0.0 	0.0 	0.0 	0.0 	0.0 	0.0 	0.0 	0.0 	0.0 	
357 	0.0 	0.0 	0.0 	0.0 	0.0 	0.0 	0.0 	0.0 	0.0 	0.0 	0.63 	0.0 	0.0 	0.0 	0.0 	0.0 	0.2 	0.0 	0.0 	0.17 	
358 	0.0 	0.43 	0.0 	0.0 	0.0 	0.0 	0.0 	0.2 	0.0 	0.0 	0.0 	0.0 	0.0 	0.0 	0.0 	0.37 	0.0 	0.0 	0.0 	0.0 	
359 	0.0 	0.0 	0.0 	0.0 	0.0 	0.0 	0.0 	0.0 	0.0 	0.0 	0.0 	0.2 	0.0 	0.0 	0.0 	0.8 	0.0 	0.0 	0.0 	0.0 	
360 	0.0 	0.0 	0.0 	0.0 	0.0 	0.0 	0.0 	0.0 	0.0 	0.2 	0.0 	0.0 	0.0 	0.0 	0.0 	0.0 	0.0 	0.0 	0.0 	0.8 	
361 	0.0 	0.0 	0.44 	0.56 	0.0 	0.0 	0.0 	0.0 	0.0 	0.0 	0.0 	0.0 	0.0 	0.0 	0.0 	0.0 	0.0 	0.0 	0.0 	0.0 	
362 	0.0 	0.0 	0.0 	0.0 	0.0 	0.6 	0.4 	0.0 	0.0 	0.0 	0.0 	0.0 	0.0 	0.0 	0.0 	0.0 	0.0 	0.0 	0.0 	0.0 	
363 	0.0 	0.0 	0.0 	0.0 	0.0 	0.0 	0.0 	0.0 	0.0 	0.0 	1.0 	0.0 	0.0 	0.0 	0.0 	0.0 	0.0 	0.0 	0.0 	0.0 	
364 	0.0 	0.0 	0.0 	0.0 	0.0 	0.0 	0.0 	1.0 	0.0 	0.0 	0.0 	0.0 	0.0 	0.0 	0.0 	0.0 	0.0 	0.0 	0.0 	0.0 	
365 	0.17 	0.56 	0.0 	0.0 	0.0 	0.0 	0.0 	0.0 	0.27 	0.0 	0.0 	0.0 	0.0 	0.0 	0.0 	0.0 	0.0 	0.0 	0.0 	0.0 	
366 	0.4 	0.0 	0.0 	0.0 	0.0 	0.0 	0.0 	0.6 	0.0 	0.0 	0.0 	0.0 	0.0 	0.0 	0.0 	0.0 	0.0 	0.0 	0.0 	0.0 	
367 	0.0 	0.0 	0.0 	0.0 	0.0 	0.0 	0.0 	0.0 	0.0 	0.0 	0.0 	0.0 	0.0 	0.0 	1.0 	0.0 	0.0 	0.0 	0.0 	0.0 	
368 	0.0 	0.0 	0.0 	0.0 	0.0 	0.6 	0.0 	0.0 	0.0 	0.0 	0.0 	0.0 	0.0 	0.0 	0.0 	0.2 	0.2 	0.0 	0.0 	0.0 	
369 	0.0 	0.0 	0.0 	0.0 	0.0 	0.0 	0.0 	0.0 	0.0 	0.36 	0.0 	0.0 	0.2 	0.0 	0.0 	0.0 	0.0 	0.0 	0.0 	0.44 	
370 	0.0 	0.0 	0.0 	0.0 	0.0 	0.0 	0.0 	0.0 	0.0 	0.63 	0.0 	0.0 	0.0 	0.0 	0.0 	0.2 	0.0 	0.0 	0.0 	0.17 	
371 	0.0 	0.0 	0.0 	0.0 	0.0 	0.0 	0.0 	0.0 	0.0 	0.0 	0.2 	0.0 	0.17 	0.2 	0.0 	0.0 	0.43 	0.0 	0.0 	0.0 	
372 	0.0 	0.0 	0.0 	0.0 	0.0 	0.0 	0.0 	0.0 	0.0 	0.2 	0.0 	0.0 	0.0 	0.0 	0.0 	0.0 	0.8 	0.0 	0.0 	0.0 	
373 	0.47 	0.0 	0.0 	0.0 	0.0 	0.0 	0.0 	0.0 	0.16 	0.0 	0.0 	0.0 	0.2 	0.0 	0.0 	0.17 	0.0 	0.0 	0.0 	0.0 	
374 	0.0 	0.0 	0.0 	1.0 	0.0 	0.0 	0.0 	0.0 	0.0 	0.0 	0.0 	0.0 	0.0 	0.0 	0.0 	0.0 	0.0 	0.0 	0.0 	0.0 	
375 	0.0 	0.0 	0.0 	0.0 	0.0 	0.0 	0.0 	0.0 	0.0 	0.0 	0.0 	0.0 	1.0 	0.0 	0.0 	0.0 	0.0 	0.0 	0.0 	0.0 	
376 	0.0 	0.0 	0.0 	0.0 	0.0 	0.0 	0.0 	1.0 	0.0 	0.0 	0.0 	0.0 	0.0 	0.0 	0.0 	0.0 	0.0 	0.0 	0.0 	0.0 	
