	A 	R 	N 	D 	C 	Q 	E 	G 	H 	I 	L 	K 	M 	F 	P 	S 	T 	W 	Y 	V 	
1 	0.0 	0.0 	0.0 	0.0 	0.0 	0.0 	0.0 	1.0 	0.0 	0.0 	0.0 	0.0 	0.0 	0.0 	0.0 	0.0 	0.0 	0.0 	0.0 	0.0 	
2 	0.04 	0.03 	0.13 	0.14 	0.0 	0.05 	0.15 	0.0 	0.04 	0.0 	0.0 	0.12 	0.0 	0.07 	0.0 	0.14 	0.08 	0.0 	0.01 	0.0 	
3 	0.0 	0.0 	0.0 	0.0 	0.0 	0.0 	0.0 	0.0 	0.0 	0.06 	0.05 	0.0 	0.02 	0.83 	0.0 	0.0 	0.0 	0.0 	0.03 	0.01 	
4 	0.04 	0.02 	0.04 	0.0 	0.01 	0.01 	0.02 	0.07 	0.03 	0.04 	0.06 	0.03 	0.03 	0.14 	0.0 	0.1 	0.17 	0.0 	0.06 	0.12 	
5 	0.0 	0.01 	0.0 	0.0 	0.01 	0.0 	0.0 	0.02 	0.0 	0.19 	0.36 	0.0 	0.01 	0.1 	0.0 	0.01 	0.01 	0.0 	0.17 	0.11 	
6 	0.0 	0.17 	0.04 	0.23 	0.0 	0.05 	0.04 	0.03 	0.03 	0.0 	0.08 	0.18 	0.0 	0.0 	0.03 	0.02 	0.07 	0.0 	0.0 	0.01 	
7 	0.03 	0.0 	0.0 	0.04 	0.0 	0.02 	0.05 	0.13 	0.01 	0.02 	0.01 	0.02 	0.01 	0.0 	0.59 	0.01 	0.02 	0.0 	0.0 	0.02 	
8 	0.05 	0.02 	0.14 	0.1 	0.0 	0.07 	0.04 	0.08 	0.03 	0.06 	0.05 	0.07 	0.01 	0.06 	0.07 	0.06 	0.02 	0.0 	0.04 	0.04 	
9 	0.04 	0.03 	0.03 	0.17 	0.02 	0.06 	0.04 	0.17 	0.02 	0.01 	0.02 	0.08 	0.04 	0.02 	0.13 	0.03 	0.04 	0.0 	0.03 	0.02 	
10 	0.06 	0.08 	0.04 	0.07 	0.0 	0.01 	0.04 	0.04 	0.01 	0.03 	0.04 	0.23 	0.0 	0.03 	0.08 	0.06 	0.13 	0.0 	0.02 	0.01 	
11 	0.1 	0.02 	0.05 	0.08 	0.0 	0.02 	0.04 	0.07 	0.02 	0.04 	0.04 	0.01 	0.0 	0.04 	0.09 	0.12 	0.05 	0.03 	0.09 	0.09 	
12 	0.09 	0.03 	0.07 	0.01 	0.0 	0.03 	0.09 	0.04 	0.02 	0.02 	0.08 	0.07 	0.01 	0.07 	0.16 	0.1 	0.06 	0.02 	0.02 	0.02 	
13 	0.04 	0.01 	0.02 	0.01 	0.03 	0.01 	0.03 	0.05 	0.01 	0.01 	0.1 	0.03 	0.01 	0.11 	0.26 	0.08 	0.07 	0.06 	0.03 	0.03 	
14 	0.06 	0.04 	0.03 	0.05 	0.01 	0.04 	0.13 	0.03 	0.01 	0.05 	0.17 	0.05 	0.03 	0.05 	0.04 	0.05 	0.03 	0.0 	0.02 	0.11 	
15 	0.09 	0.03 	0.02 	0.04 	0.02 	0.02 	0.06 	0.03 	0.02 	0.14 	0.12 	0.08 	0.01 	0.03 	0.09 	0.02 	0.03 	0.0 	0.02 	0.13 	
16 	0.05 	0.12 	0.07 	0.08 	0.01 	0.07 	0.15 	0.03 	0.01 	0.04 	0.05 	0.12 	0.01 	0.01 	0.06 	0.05 	0.03 	0.0 	0.01 	0.03 	
17 	0.05 	0.08 	0.05 	0.06 	0.0 	0.04 	0.08 	0.05 	0.07 	0.02 	0.04 	0.1 	0.01 	0.05 	0.03 	0.13 	0.08 	0.0 	0.01 	0.03 	
18 	0.18 	0.02 	0.04 	0.04 	0.05 	0.01 	0.06 	0.13 	0.05 	0.01 	0.03 	0.02 	0.01 	0.04 	0.02 	0.06 	0.05 	0.01 	0.04 	0.15 	
19 	0.03 	0.23 	0.03 	0.04 	0.0 	0.03 	0.11 	0.06 	0.01 	0.01 	0.02 	0.21 	0.02 	0.01 	0.03 	0.04 	0.12 	0.0 	0.01 	0.01 	
20 	0.01 	0.09 	0.05 	0.06 	0.0 	0.01 	0.03 	0.04 	0.11 	0.02 	0.01 	0.12 	0.0 	0.0 	0.21 	0.09 	0.1 	0.0 	0.01 	0.01 	
21 	0.07 	0.01 	0.0 	0.0 	0.01 	0.0 	0.0 	0.0 	0.01 	0.2 	0.29 	0.0 	0.07 	0.07 	0.01 	0.02 	0.01 	0.0 	0.03 	0.18 	
22 	0.11 	0.0 	0.01 	0.0 	0.01 	0.0 	0.01 	0.08 	0.0 	0.22 	0.23 	0.01 	0.0 	0.03 	0.0 	0.01 	0.02 	0.03 	0.01 	0.2 	
23 	0.02 	0.0 	0.0 	0.0 	0.04 	0.0 	0.0 	0.0 	0.0 	0.05 	0.39 	0.0 	0.34 	0.12 	0.0 	0.0 	0.0 	0.0 	0.0 	0.02 	
24 	0.01 	0.0 	0.0 	0.0 	0.01 	0.0 	0.0 	0.0 	0.0 	0.46 	0.16 	0.0 	0.01 	0.05 	0.0 	0.03 	0.0 	0.0 	0.0 	0.26 	
25 	0.51 	0.0 	0.0 	0.0 	0.04 	0.02 	0.0 	0.28 	0.0 	0.02 	0.0 	0.0 	0.0 	0.0 	0.0 	0.1 	0.01 	0.0 	0.0 	0.01 	
26 	0.15 	0.0 	0.0 	0.0 	0.0 	0.0 	0.0 	0.61 	0.0 	0.0 	0.0 	0.0 	0.01 	0.0 	0.1 	0.01 	0.1 	0.0 	0.0 	0.0 	
27 	0.0 	0.0 	0.0 	0.0 	0.0 	0.0 	0.0 	0.95 	0.0 	0.0 	0.0 	0.0 	0.0 	0.0 	0.0 	0.0 	0.0 	0.0 	0.0 	0.0 	
28 	0.07 	0.02 	0.0 	0.0 	0.01 	0.0 	0.0 	0.0 	0.0 	0.18 	0.02 	0.0 	0.0 	0.0 	0.01 	0.1 	0.45 	0.0 	0.0 	0.13 	
29 	0.02 	0.0 	0.0 	0.0 	0.0 	0.0 	0.0 	0.96 	0.0 	0.0 	0.0 	0.0 	0.0 	0.0 	0.0 	0.0 	0.0 	0.0 	0.0 	0.0 	
30 	0.03 	0.0 	0.0 	0.0 	0.01 	0.03 	0.0 	0.0 	0.0 	0.46 	0.14 	0.0 	0.05 	0.05 	0.0 	0.02 	0.03 	0.0 	0.0 	0.17 	
31 	0.42 	0.0 	0.02 	0.0 	0.0 	0.0 	0.0 	0.03 	0.0 	0.0 	0.0 	0.0 	0.0 	0.0 	0.08 	0.08 	0.35 	0.0 	0.0 	0.0 	
32 	0.01 	0.0 	0.0 	0.0 	0.0 	0.0 	0.0 	0.01 	0.0 	0.0 	0.0 	0.0 	0.0 	0.02 	0.87 	0.02 	0.01 	0.0 	0.04 	0.0 	
33 	0.02 	0.0 	0.0 	0.02 	0.0 	0.0 	0.0 	0.03 	0.0 	0.13 	0.19 	0.0 	0.24 	0.21 	0.01 	0.0 	0.02 	0.0 	0.05 	0.06 	
34 	0.02 	0.25 	0.01 	0.02 	0.01 	0.02 	0.0 	0.01 	0.0 	0.05 	0.23 	0.03 	0.05 	0.03 	0.0 	0.01 	0.02 	0.02 	0.16 	0.07 	
35 	0.11 	0.01 	0.0 	0.02 	0.02 	0.16 	0.05 	0.1 	0.0 	0.0 	0.0 	0.01 	0.0 	0.0 	0.07 	0.4 	0.02 	0.0 	0.02 	0.0 	
36 	0.01 	0.01 	0.0 	0.0 	0.0 	0.01 	0.0 	0.0 	0.06 	0.19 	0.18 	0.0 	0.2 	0.15 	0.0 	0.01 	0.02 	0.0 	0.04 	0.11 	
37 	0.13 	0.01 	0.0 	0.01 	0.01 	0.0 	0.02 	0.02 	0.0 	0.21 	0.38 	0.0 	0.06 	0.01 	0.0 	0.02 	0.0 	0.03 	0.01 	0.07 	
38 	0.03 	0.23 	0.04 	0.05 	0.0 	0.23 	0.08 	0.01 	0.04 	0.01 	0.05 	0.13 	0.0 	0.04 	0.0 	0.01 	0.01 	0.03 	0.01 	0.0 	
39 	0.17 	0.08 	0.02 	0.09 	0.01 	0.08 	0.13 	0.01 	0.09 	0.0 	0.01 	0.05 	0.0 	0.01 	0.0 	0.12 	0.05 	0.01 	0.05 	0.01 	
40 	0.12 	0.04 	0.0 	0.0 	0.02 	0.05 	0.0 	0.01 	0.0 	0.2 	0.31 	0.01 	0.06 	0.04 	0.0 	0.03 	0.01 	0.01 	0.01 	0.07 	
41 	0.16 	0.05 	0.01 	0.01 	0.01 	0.02 	0.04 	0.03 	0.0 	0.08 	0.28 	0.03 	0.04 	0.07 	0.0 	0.03 	0.07 	0.0 	0.01 	0.06 	
42 	0.09 	0.1 	0.03 	0.05 	0.0 	0.07 	0.16 	0.01 	0.04 	0.0 	0.03 	0.27 	0.01 	0.02 	0.01 	0.06 	0.03 	0.0 	0.0 	0.01 	
43 	0.05 	0.1 	0.2 	0.17 	0.02 	0.13 	0.11 	0.01 	0.02 	0.0 	0.03 	0.07 	0.01 	0.01 	0.0 	0.04 	0.02 	0.0 	0.01 	0.01 	
44 	0.03 	0.02 	0.02 	0.02 	0.01 	0.05 	0.04 	0.31 	0.02 	0.03 	0.09 	0.05 	0.02 	0.01 	0.18 	0.05 	0.02 	0.0 	0.01 	0.01 	
45 	0.06 	0.03 	0.14 	0.07 	0.0 	0.05 	0.14 	0.08 	0.07 	0.02 	0.02 	0.08 	0.02 	0.02 	0.03 	0.07 	0.04 	0.01 	0.01 	0.04 	
46 	0.06 	0.06 	0.04 	0.27 	0.01 	0.06 	0.07 	0.02 	0.02 	0.01 	0.02 	0.11 	0.0 	0.01 	0.04 	0.11 	0.03 	0.0 	0.02 	0.03 	
47 	0.02 	0.08 	0.04 	0.07 	0.0 	0.06 	0.06 	0.04 	0.04 	0.04 	0.06 	0.17 	0.01 	0.04 	0.07 	0.03 	0.08 	0.0 	0.03 	0.05 	
48 	0.06 	0.18 	0.03 	0.02 	0.01 	0.01 	0.02 	0.15 	0.0 	0.01 	0.01 	0.03 	0.0 	0.02 	0.07 	0.07 	0.23 	0.01 	0.03 	0.03 	
49 	0.01 	0.04 	0.05 	0.07 	0.0 	0.07 	0.15 	0.02 	0.02 	0.02 	0.01 	0.26 	0.0 	0.03 	0.09 	0.03 	0.05 	0.0 	0.01 	0.05 	
50 	0.05 	0.0 	0.02 	0.01 	0.03 	0.0 	0.0 	0.01 	0.0 	0.23 	0.06 	0.01 	0.13 	0.05 	0.0 	0.01 	0.03 	0.01 	0.0 	0.34 	
51 	0.02 	0.08 	0.05 	0.04 	0.0 	0.01 	0.03 	0.0 	0.14 	0.04 	0.06 	0.05 	0.0 	0.03 	0.0 	0.07 	0.17 	0.07 	0.08 	0.06 	
52 	0.01 	0.0 	0.0 	0.0 	0.0 	0.0 	0.0 	0.0 	0.0 	0.06 	0.63 	0.0 	0.01 	0.12 	0.0 	0.01 	0.02 	0.04 	0.01 	0.07 	
53 	0.01 	0.0 	0.0 	0.0 	0.01 	0.0 	0.0 	0.01 	0.03 	0.18 	0.1 	0.0 	0.02 	0.17 	0.0 	0.0 	0.01 	0.06 	0.17 	0.21 	
54 	0.02 	0.0 	0.03 	0.01 	0.01 	0.02 	0.0 	0.02 	0.11 	0.0 	0.09 	0.0 	0.01 	0.22 	0.0 	0.0 	0.0 	0.06 	0.38 	0.01 	
55 	0.23 	0.01 	0.01 	0.0 	0.06 	0.0 	0.0 	0.59 	0.0 	0.0 	0.01 	0.0 	0.0 	0.03 	0.0 	0.05 	0.01 	0.0 	0.0 	0.0 	
56 	0.28 	0.02 	0.23 	0.0 	0.09 	0.0 	0.01 	0.03 	0.01 	0.01 	0.0 	0.0 	0.01 	0.09 	0.0 	0.05 	0.03 	0.0 	0.01 	0.15 	
57 	0.03 	0.53 	0.03 	0.0 	0.0 	0.07 	0.06 	0.01 	0.01 	0.01 	0.01 	0.13 	0.0 	0.0 	0.04 	0.0 	0.02 	0.0 	0.01 	0.04 	
58 	0.01 	0.03 	0.19 	0.05 	0.01 	0.03 	0.02 	0.02 	0.05 	0.0 	0.01 	0.03 	0.0 	0.01 	0.01 	0.2 	0.27 	0.0 	0.06 	0.01 	
59 	0.08 	0.04 	0.01 	0.06 	0.01 	0.03 	0.23 	0.05 	0.01 	0.01 	0.06 	0.08 	0.0 	0.03 	0.08 	0.1 	0.06 	0.0 	0.02 	0.02 	
60 	0.07 	0.09 	0.04 	0.19 	0.02 	0.06 	0.22 	0.03 	0.04 	0.0 	0.0 	0.13 	0.0 	0.0 	0.02 	0.06 	0.02 	0.0 	0.01 	0.01 	
61 	0.03 	0.01 	0.03 	0.46 	0.01 	0.02 	0.15 	0.02 	0.04 	0.0 	0.02 	0.0 	0.01 	0.01 	0.01 	0.07 	0.04 	0.0 	0.01 	0.06 	
62 	0.04 	0.02 	0.02 	0.02 	0.01 	0.02 	0.0 	0.01 	0.08 	0.23 	0.26 	0.01 	0.07 	0.05 	0.01 	0.02 	0.01 	0.0 	0.03 	0.09 	
63 	0.15 	0.0 	0.01 	0.0 	0.01 	0.0 	0.0 	0.03 	0.0 	0.1 	0.39 	0.0 	0.01 	0.12 	0.03 	0.02 	0.02 	0.0 	0.08 	0.03 	
64 	0.02 	0.01 	0.01 	0.02 	0.01 	0.0 	0.02 	0.01 	0.01 	0.01 	0.21 	0.0 	0.05 	0.21 	0.0 	0.0 	0.0 	0.03 	0.35 	0.01 	
65 	0.05 	0.19 	0.0 	0.04 	0.01 	0.11 	0.09 	0.02 	0.01 	0.01 	0.11 	0.23 	0.02 	0.01 	0.01 	0.01 	0.02 	0.0 	0.02 	0.05 	
66 	0.05 	0.01 	0.02 	0.25 	0.01 	0.06 	0.36 	0.02 	0.01 	0.0 	0.01 	0.09 	0.0 	0.0 	0.04 	0.05 	0.02 	0.01 	0.0 	0.01 	
67 	0.02 	0.08 	0.02 	0.07 	0.0 	0.04 	0.56 	0.0 	0.02 	0.0 	0.05 	0.05 	0.01 	0.02 	0.01 	0.0 	0.01 	0.02 	0.0 	0.0 	
68 	0.0 	0.0 	0.0 	0.0 	0.01 	0.0 	0.01 	0.0 	0.01 	0.11 	0.44 	0.02 	0.06 	0.2 	0.0 	0.0 	0.01 	0.04 	0.03 	0.06 	
69 	0.1 	0.04 	0.03 	0.21 	0.0 	0.08 	0.26 	0.0 	0.01 	0.01 	0.04 	0.09 	0.0 	0.0 	0.02 	0.04 	0.05 	0.0 	0.0 	0.01 	
70 	0.18 	0.05 	0.03 	0.06 	0.0 	0.11 	0.24 	0.04 	0.03 	0.0 	0.02 	0.1 	0.01 	0.0 	0.0 	0.05 	0.05 	0.0 	0.01 	0.01 	
71 	0.04 	0.01 	0.0 	0.0 	0.0 	0.03 	0.02 	0.01 	0.01 	0.09 	0.42 	0.0 	0.06 	0.07 	0.0 	0.01 	0.01 	0.08 	0.1 	0.03 	
72 	0.3 	0.03 	0.0 	0.01 	0.01 	0.08 	0.12 	0.1 	0.01 	0.03 	0.05 	0.05 	0.0 	0.0 	0.0 	0.04 	0.02 	0.03 	0.01 	0.09 	
73 	0.2 	0.07 	0.06 	0.08 	0.0 	0.07 	0.1 	0.02 	0.02 	0.02 	0.05 	0.16 	0.0 	0.02 	0.0 	0.04 	0.04 	0.0 	0.0 	0.03 	
74 	0.05 	0.06 	0.03 	0.06 	0.0 	0.06 	0.19 	0.01 	0.01 	0.02 	0.04 	0.21 	0.01 	0.02 	0.02 	0.06 	0.09 	0.0 	0.0 	0.03 	
75 	0.05 	0.05 	0.06 	0.03 	0.01 	0.02 	0.02 	0.11 	0.15 	0.02 	0.06 	0.03 	0.01 	0.08 	0.01 	0.02 	0.01 	0.03 	0.22 	0.01 	
76 	0.06 	0.02 	0.1 	0.05 	0.01 	0.02 	0.06 	0.05 	0.01 	0.07 	0.03 	0.06 	0.01 	0.01 	0.31 	0.04 	0.03 	0.0 	0.01 	0.06 	
77 	0.07 	0.04 	0.05 	0.17 	0.01 	0.05 	0.11 	0.13 	0.01 	0.01 	0.06 	0.07 	0.01 	0.01 	0.03 	0.05 	0.04 	0.01 	0.01 	0.06 	
78 	0.02 	0.18 	0.24 	0.02 	0.0 	0.12 	0.02 	0.01 	0.06 	0.01 	0.03 	0.11 	0.01 	0.03 	0.01 	0.03 	0.07 	0.0 	0.01 	0.02 	
79 	0.03 	0.01 	0.01 	0.01 	0.02 	0.01 	0.02 	0.01 	0.0 	0.06 	0.23 	0.01 	0.01 	0.3 	0.01 	0.02 	0.04 	0.0 	0.0 	0.19 	
80 	0.02 	0.19 	0.06 	0.05 	0.0 	0.04 	0.07 	0.01 	0.05 	0.01 	0.01 	0.25 	0.0 	0.04 	0.01 	0.06 	0.07 	0.0 	0.03 	0.01 	
81 	0.05 	0.03 	0.0 	0.0 	0.03 	0.01 	0.01 	0.03 	0.01 	0.16 	0.14 	0.02 	0.01 	0.05 	0.0 	0.01 	0.02 	0.02 	0.08 	0.31 	
82 	0.06 	0.02 	0.02 	0.04 	0.0 	0.04 	0.03 	0.01 	0.17 	0.08 	0.04 	0.04 	0.0 	0.07 	0.0 	0.08 	0.07 	0.1 	0.03 	0.09 	
83 	0.03 	0.01 	0.02 	0.0 	0.02 	0.01 	0.01 	0.01 	0.08 	0.01 	0.09 	0.01 	0.0 	0.11 	0.08 	0.02 	0.1 	0.0 	0.31 	0.07 	
84 	0.18 	0.02 	0.01 	0.02 	0.05 	0.01 	0.02 	0.02 	0.03 	0.04 	0.03 	0.01 	0.01 	0.05 	0.01 	0.09 	0.07 	0.02 	0.03 	0.31 	
85 	0.04 	0.05 	0.01 	0.03 	0.01 	0.05 	0.02 	0.01 	0.01 	0.06 	0.29 	0.01 	0.01 	0.08 	0.01 	0.01 	0.05 	0.0 	0.05 	0.21 	
86 	0.04 	0.01 	0.06 	0.21 	0.0 	0.02 	0.12 	0.02 	0.02 	0.02 	0.02 	0.01 	0.0 	0.0 	0.0 	0.34 	0.07 	0.01 	0.02 	0.01 	
87 	0.05 	0.22 	0.07 	0.05 	0.0 	0.12 	0.09 	0.02 	0.03 	0.01 	0.01 	0.1 	0.0 	0.0 	0.02 	0.09 	0.06 	0.0 	0.01 	0.03 	
88 	0.11 	0.03 	0.01 	0.07 	0.0 	0.03 	0.12 	0.05 	0.01 	0.02 	0.05 	0.02 	0.01 	0.0 	0.28 	0.07 	0.07 	0.0 	0.0 	0.04 	
89 	0.06 	0.03 	0.03 	0.14 	0.0 	0.06 	0.11 	0.04 	0.0 	0.01 	0.02 	0.04 	0.0 	0.0 	0.21 	0.14 	0.08 	0.0 	0.01 	0.02 	
90 	0.08 	0.01 	0.04 	0.21 	0.01 	0.04 	0.22 	0.06 	0.0 	0.01 	0.01 	0.08 	0.01 	0.01 	0.06 	0.07 	0.06 	0.0 	0.02 	0.02 	
91 	0.07 	0.02 	0.15 	0.11 	0.01 	0.06 	0.09 	0.29 	0.01 	0.01 	0.02 	0.04 	0.0 	0.0 	0.03 	0.05 	0.02 	0.0 	0.0 	0.02 	
92 	0.04 	0.01 	0.01 	0.03 	0.02 	0.03 	0.04 	0.02 	0.01 	0.04 	0.02 	0.1 	0.0 	0.03 	0.05 	0.12 	0.03 	0.33 	0.04 	0.02 	
93 	0.06 	0.03 	0.07 	0.11 	0.01 	0.05 	0.09 	0.02 	0.04 	0.03 	0.02 	0.18 	0.01 	0.02 	0.03 	0.06 	0.1 	0.0 	0.02 	0.04 	
94 	0.04 	0.01 	0.0 	0.01 	0.0 	0.02 	0.02 	0.46 	0.01 	0.02 	0.07 	0.02 	0.0 	0.03 	0.01 	0.03 	0.02 	0.0 	0.16 	0.05 	
95 	0.06 	0.07 	0.03 	0.03 	0.01 	0.05 	0.07 	0.11 	0.03 	0.03 	0.07 	0.09 	0.01 	0.03 	0.02 	0.08 	0.07 	0.01 	0.06 	0.07 	
96 	0.04 	0.06 	0.01 	0.04 	0.01 	0.14 	0.06 	0.01 	0.02 	0.02 	0.01 	0.23 	0.0 	0.0 	0.02 	0.05 	0.13 	0.0 	0.01 	0.13 	
97 	0.02 	0.01 	0.02 	0.04 	0.0 	0.02 	0.02 	0.67 	0.02 	0.01 	0.01 	0.02 	0.05 	0.01 	0.02 	0.02 	0.01 	0.0 	0.0 	0.05 	
98 	0.02 	0.17 	0.02 	0.01 	0.0 	0.02 	0.01 	0.01 	0.04 	0.01 	0.08 	0.02 	0.02 	0.33 	0.01 	0.01 	0.03 	0.01 	0.18 	0.02 	
99 	0.01 	0.0 	0.0 	0.02 	0.0 	0.0 	0.01 	0.01 	0.01 	0.32 	0.09 	0.01 	0.02 	0.01 	0.05 	0.01 	0.01 	0.0 	0.01 	0.4 	
100 	0.03 	0.02 	0.06 	0.1 	0.01 	0.09 	0.03 	0.03 	0.1 	0.02 	0.05 	0.01 	0.01 	0.01 	0.02 	0.09 	0.3 	0.0 	0.01 	0.02 	
101 	0.08 	0.04 	0.03 	0.14 	0.0 	0.15 	0.23 	0.03 	0.01 	0.01 	0.06 	0.09 	0.0 	0.01 	0.04 	0.01 	0.03 	0.0 	0.01 	0.02 	
102 	0.13 	0.03 	0.05 	0.21 	0.01 	0.02 	0.19 	0.03 	0.04 	0.01 	0.04 	0.04 	0.01 	0.02 	0.01 	0.03 	0.02 	0.0 	0.01 	0.1 	
103 	0.05 	0.04 	0.02 	0.02 	0.0 	0.04 	0.05 	0.01 	0.0 	0.16 	0.22 	0.02 	0.09 	0.05 	0.01 	0.02 	0.0 	0.02 	0.07 	0.12 	
104 	0.04 	0.01 	0.01 	0.04 	0.0 	0.0 	0.04 	0.03 	0.0 	0.16 	0.39 	0.02 	0.09 	0.01 	0.0 	0.03 	0.02 	0.0 	0.01 	0.09 	
105 	0.08 	0.16 	0.02 	0.06 	0.0 	0.1 	0.14 	0.01 	0.0 	0.01 	0.01 	0.21 	0.0 	0.01 	0.02 	0.07 	0.05 	0.04 	0.01 	0.0 	
106 	0.04 	0.05 	0.06 	0.21 	0.0 	0.04 	0.29 	0.04 	0.01 	0.01 	0.02 	0.08 	0.01 	0.0 	0.0 	0.05 	0.06 	0.0 	0.01 	0.01 	
107 	0.05 	0.03 	0.05 	0.03 	0.0 	0.06 	0.03 	0.03 	0.19 	0.07 	0.16 	0.05 	0.01 	0.07 	0.01 	0.02 	0.0 	0.02 	0.05 	0.06 	
108 	0.06 	0.01 	0.01 	0.01 	0.01 	0.01 	0.01 	0.01 	0.0 	0.14 	0.42 	0.01 	0.03 	0.06 	0.02 	0.03 	0.04 	0.01 	0.0 	0.11 	
109 	0.12 	0.03 	0.05 	0.07 	0.0 	0.04 	0.09 	0.05 	0.0 	0.04 	0.06 	0.06 	0.0 	0.02 	0.24 	0.06 	0.03 	0.01 	0.01 	0.02 	
110 	0.11 	0.05 	0.06 	0.04 	0.02 	0.04 	0.12 	0.07 	0.0 	0.03 	0.12 	0.06 	0.02 	0.04 	0.06 	0.05 	0.04 	0.01 	0.01 	0.03 	
111 	0.06 	0.03 	0.04 	0.07 	0.02 	0.04 	0.04 	0.08 	0.05 	0.03 	0.06 	0.02 	0.0 	0.03 	0.2 	0.07 	0.04 	0.02 	0.01 	0.06 	
112 	0.09 	0.04 	0.02 	0.13 	0.01 	0.02 	0.17 	0.05 	0.01 	0.03 	0.09 	0.1 	0.01 	0.01 	0.05 	0.1 	0.02 	0.0 	0.02 	0.01 	
113 	0.1 	0.05 	0.04 	0.1 	0.0 	0.06 	0.27 	0.07 	0.01 	0.01 	0.02 	0.06 	0.0 	0.01 	0.05 	0.09 	0.02 	0.0 	0.01 	0.03 	
114 	0.02 	0.03 	0.12 	0.28 	0.0 	0.02 	0.09 	0.17 	0.01 	0.0 	0.01 	0.07 	0.0 	0.04 	0.02 	0.04 	0.04 	0.0 	0.04 	0.0 	
115 	0.16 	0.03 	0.03 	0.1 	0.05 	0.02 	0.02 	0.08 	0.02 	0.02 	0.02 	0.0 	0.03 	0.03 	0.04 	0.07 	0.17 	0.02 	0.05 	0.06 	
116 	0.03 	0.05 	0.02 	0.08 	0.01 	0.06 	0.07 	0.02 	0.22 	0.05 	0.13 	0.09 	0.02 	0.03 	0.0 	0.01 	0.02 	0.01 	0.04 	0.05 	
117 	0.12 	0.0 	0.0 	0.0 	0.03 	0.0 	0.0 	0.0 	0.0 	0.24 	0.11 	0.0 	0.02 	0.11 	0.0 	0.0 	0.02 	0.0 	0.06 	0.28 	
118 	0.02 	0.0 	0.0 	0.0 	0.02 	0.0 	0.0 	0.0 	0.01 	0.02 	0.16 	0.0 	0.04 	0.08 	0.01 	0.0 	0.0 	0.01 	0.6 	0.02 	
119 	0.09 	0.0 	0.0 	0.0 	0.04 	0.0 	0.0 	0.0 	0.0 	0.14 	0.18 	0.0 	0.08 	0.08 	0.0 	0.04 	0.03 	0.0 	0.0 	0.32 	
120 	0.03 	0.01 	0.0 	0.0 	0.91 	0.0 	0.0 	0.0 	0.0 	0.01 	0.02 	0.0 	0.0 	0.0 	0.0 	0.0 	0.0 	0.0 	0.0 	0.02 	
121 	0.01 	0.0 	0.0 	0.0 	0.0 	0.0 	0.0 	0.99 	0.0 	0.0 	0.0 	0.0 	0.0 	0.0 	0.0 	0.0 	0.0 	0.0 	0.0 	0.0 	
122 	0.04 	0.02 	0.06 	0.04 	0.0 	0.0 	0.0 	0.01 	0.0 	0.0 	0.05 	0.0 	0.0 	0.0 	0.71 	0.07 	0.01 	0.0 	0.0 	0.0 	
123 	0.06 	0.04 	0.01 	0.01 	0.0 	0.02 	0.1 	0.02 	0.0 	0.01 	0.04 	0.1 	0.0 	0.03 	0.39 	0.01 	0.05 	0.0 	0.01 	0.11 	
124 	0.14 	0.02 	0.03 	0.01 	0.0 	0.02 	0.03 	0.22 	0.0 	0.05 	0.01 	0.03 	0.01 	0.01 	0.34 	0.04 	0.02 	0.0 	0.0 	0.03 	
125 	0.0 	0.0 	0.0 	0.01 	0.0 	0.01 	0.0 	0.0 	0.0 	0.0 	0.06 	0.01 	0.67 	0.21 	0.0 	0.0 	0.0 	0.0 	0.02 	0.01 	
126 	0.05 	0.0 	0.02 	0.0 	0.0 	0.0 	0.03 	0.01 	0.02 	0.16 	0.14 	0.0 	0.29 	0.0 	0.0 	0.01 	0.04 	0.0 	0.04 	0.19 	
127 	0.03 	0.07 	0.08 	0.13 	0.0 	0.19 	0.16 	0.03 	0.0 	0.0 	0.01 	0.2 	0.0 	0.0 	0.01 	0.06 	0.02 	0.0 	0.01 	0.0 	
128 	0.27 	0.01 	0.03 	0.07 	0.01 	0.03 	0.04 	0.07 	0.05 	0.02 	0.02 	0.05 	0.01 	0.1 	0.01 	0.07 	0.07 	0.01 	0.04 	0.02 	
129 	0.37 	0.01 	0.0 	0.02 	0.01 	0.03 	0.05 	0.04 	0.0 	0.05 	0.03 	0.0 	0.02 	0.03 	0.01 	0.07 	0.06 	0.0 	0.01 	0.19 	
130 	0.11 	0.04 	0.0 	0.02 	0.05 	0.02 	0.01 	0.01 	0.0 	0.11 	0.11 	0.01 	0.07 	0.02 	0.0 	0.05 	0.03 	0.0 	0.0 	0.32 	
131 	0.06 	0.15 	0.05 	0.03 	0.01 	0.07 	0.11 	0.04 	0.05 	0.05 	0.07 	0.18 	0.02 	0.01 	0.0 	0.04 	0.04 	0.0 	0.0 	0.01 	
132 	0.05 	0.08 	0.02 	0.06 	0.02 	0.08 	0.06 	0.11 	0.0 	0.01 	0.04 	0.2 	0.01 	0.01 	0.11 	0.03 	0.09 	0.01 	0.0 	0.01 	
133 	0.15 	0.0 	0.07 	0.02 	0.01 	0.07 	0.03 	0.02 	0.04 	0.08 	0.19 	0.03 	0.05 	0.06 	0.0 	0.04 	0.01 	0.01 	0.03 	0.09 	
134 	0.09 	0.02 	0.0 	0.0 	0.02 	0.01 	0.0 	0.01 	0.0 	0.03 	0.68 	0.01 	0.02 	0.01 	0.01 	0.0 	0.04 	0.0 	0.01 	0.04 	
135 	0.08 	0.03 	0.01 	0.08 	0.01 	0.06 	0.28 	0.02 	0.03 	0.03 	0.03 	0.18 	0.01 	0.0 	0.0 	0.04 	0.03 	0.0 	0.0 	0.08 	
136 	0.13 	0.06 	0.06 	0.13 	0.01 	0.08 	0.14 	0.04 	0.01 	0.01 	0.0 	0.18 	0.01 	0.0 	0.0 	0.09 	0.03 	0.0 	0.0 	0.01 	
137 	0.04 	0.06 	0.04 	0.0 	0.01 	0.04 	0.02 	0.01 	0.01 	0.04 	0.42 	0.04 	0.14 	0.01 	0.0 	0.01 	0.01 	0.02 	0.03 	0.04 	
138 	0.02 	0.0 	0.09 	0.03 	0.0 	0.01 	0.02 	0.68 	0.03 	0.0 	0.02 	0.04 	0.0 	0.0 	0.0 	0.04 	0.0 	0.01 	0.01 	0.0 	
139 	0.04 	0.0 	0.0 	0.0 	0.0 	0.0 	0.03 	0.01 	0.02 	0.09 	0.09 	0.02 	0.02 	0.12 	0.0 	0.01 	0.01 	0.05 	0.21 	0.28 	
140 	0.05 	0.03 	0.03 	0.1 	0.0 	0.03 	0.14 	0.0 	0.01 	0.0 	0.0 	0.09 	0.01 	0.0 	0.22 	0.18 	0.09 	0.0 	0.0 	0.01 	
141 	0.04 	0.1 	0.02 	0.11 	0.0 	0.04 	0.18 	0.02 	0.01 	0.0 	0.03 	0.27 	0.01 	0.01 	0.09 	0.03 	0.01 	0.03 	0.0 	0.0 	
142 	0.06 	0.0 	0.04 	0.3 	0.0 	0.04 	0.41 	0.01 	0.02 	0.0 	0.0 	0.03 	0.0 	0.0 	0.0 	0.05 	0.03 	0.0 	0.0 	0.01 	
143 	0.01 	0.16 	0.13 	0.05 	0.0 	0.35 	0.05 	0.0 	0.05 	0.0 	0.01 	0.07 	0.04 	0.01 	0.0 	0.08 	0.01 	0.0 	0.0 	0.0 	
144 	0.01 	0.02 	0.0 	0.0 	0.03 	0.0 	0.0 	0.0 	0.0 	0.41 	0.11 	0.0 	0.02 	0.02 	0.0 	0.01 	0.01 	0.0 	0.04 	0.3 	
145 	0.0 	0.0 	0.0 	0.0 	0.0 	0.0 	0.0 	0.0 	0.31 	0.01 	0.15 	0.02 	0.0 	0.39 	0.01 	0.0 	0.01 	0.01 	0.08 	0.02 	
146 	0.18 	0.03 	0.0 	0.0 	0.03 	0.01 	0.03 	0.02 	0.01 	0.05 	0.06 	0.19 	0.0 	0.02 	0.0 	0.03 	0.07 	0.0 	0.01 	0.27 	
147 	0.0 	0.0 	0.0 	0.0 	0.0 	0.0 	0.0 	0.0 	0.0 	0.0 	0.0 	0.0 	0.0 	0.94 	0.0 	0.0 	0.0 	0.0 	0.06 	0.0 	
