	A 	R 	N 	D 	C 	Q 	E 	G 	H 	I 	L 	K 	M 	F 	P 	S 	T 	W 	Y 	V 	
1 	0.0 	0.0 	0.6 	0.2 	0.0 	0.0 	0.0 	0.0 	0.21 	0.0 	0.0 	0.0 	0.0 	0.0 	0.0 	0.0 	0.0 	0.0 	0.0 	0.0 	
2 	0.0 	0.0 	0.06 	0.48 	0.02 	0.0 	0.0 	0.0 	0.44 	0.0 	0.0 	0.0 	0.0 	0.0 	0.0 	0.0 	0.0 	0.0 	0.0 	0.0 	
3 	0.14 	0.06 	0.01 	0.02 	0.0 	0.06 	0.19 	0.02 	0.04 	0.03 	0.05 	0.1 	0.0 	0.01 	0.16 	0.05 	0.03 	0.0 	0.01 	0.03 	
4 	0.1 	0.05 	0.08 	0.18 	0.0 	0.02 	0.21 	0.01 	0.01 	0.02 	0.01 	0.05 	0.02 	0.01 	0.15 	0.01 	0.04 	0.0 	0.02 	0.02 	
5 	0.1 	0.0 	0.0 	0.01 	0.0 	0.0 	0.01 	0.0 	0.0 	0.01 	0.0 	0.0 	0.0 	0.0 	0.0 	0.22 	0.62 	0.0 	0.0 	0.02 	
6 	0.2 	0.18 	0.01 	0.02 	0.01 	0.02 	0.09 	0.02 	0.03 	0.0 	0.05 	0.02 	0.01 	0.06 	0.0 	0.07 	0.08 	0.05 	0.07 	0.02 	
7 	0.1 	0.06 	0.01 	0.08 	0.01 	0.05 	0.05 	0.0 	0.02 	0.15 	0.17 	0.05 	0.02 	0.02 	0.0 	0.0 	0.03 	0.0 	0.04 	0.11 	
8 	0.19 	0.16 	0.0 	0.02 	0.24 	0.02 	0.18 	0.01 	0.0 	0.02 	0.05 	0.01 	0.0 	0.0 	0.0 	0.0 	0.06 	0.0 	0.0 	0.03 	
9 	0.13 	0.0 	0.0 	0.0 	0.11 	0.0 	0.0 	0.0 	0.0 	0.11 	0.03 	0.0 	0.02 	0.0 	0.0 	0.02 	0.1 	0.0 	0.0 	0.47 	
10 	0.07 	0.08 	0.01 	0.0 	0.0 	0.04 	0.14 	0.0 	0.03 	0.04 	0.17 	0.08 	0.04 	0.02 	0.0 	0.06 	0.18 	0.0 	0.0 	0.04 	
11 	0.72 	0.0 	0.0 	0.0 	0.06 	0.0 	0.0 	0.0 	0.0 	0.04 	0.01 	0.0 	0.0 	0.02 	0.03 	0.02 	0.04 	0.0 	0.0 	0.05 	
12 	0.0 	0.0 	0.0 	0.0 	0.0 	0.0 	1.0 	0.0 	0.0 	0.0 	0.0 	0.0 	0.0 	0.0 	0.0 	0.0 	0.0 	0.0 	0.0 	0.0 	
13 	0.0 	0.96 	0.0 	0.0 	0.0 	0.0 	0.0 	0.0 	0.0 	0.0 	0.0 	0.04 	0.0 	0.0 	0.0 	0.0 	0.0 	0.0 	0.0 	0.0 	
14 	0.49 	0.02 	0.0 	0.03 	0.0 	0.0 	0.06 	0.06 	0.0 	0.02 	0.02 	0.02 	0.02 	0.0 	0.0 	0.15 	0.07 	0.0 	0.0 	0.04 	
15 	0.03 	0.0 	0.0 	0.0 	0.0 	0.0 	0.0 	0.0 	0.0 	0.03 	0.16 	0.0 	0.13 	0.46 	0.0 	0.0 	0.01 	0.0 	0.01 	0.17 	
16 	0.02 	0.0 	0.15 	0.0 	0.01 	0.0 	0.0 	0.01 	0.0 	0.06 	0.53 	0.0 	0.08 	0.0 	0.0 	0.05 	0.04 	0.0 	0.0 	0.05 	
17 	0.14 	0.31 	0.02 	0.02 	0.0 	0.04 	0.06 	0.0 	0.03 	0.01 	0.02 	0.17 	0.01 	0.01 	0.0 	0.07 	0.06 	0.01 	0.01 	0.0 	
18 	0.14 	0.15 	0.01 	0.01 	0.0 	0.03 	0.15 	0.09 	0.06 	0.01 	0.03 	0.06 	0.01 	0.02 	0.0 	0.01 	0.11 	0.0 	0.06 	0.06 	
19 	0.02 	0.0 	0.0 	0.0 	0.02 	0.0 	0.0 	0.0 	0.0 	0.03 	0.78 	0.0 	0.05 	0.02 	0.0 	0.0 	0.01 	0.0 	0.0 	0.08 	
20 	0.01 	0.01 	0.14 	0.12 	0.0 	0.08 	0.35 	0.24 	0.02 	0.0 	0.0 	0.03 	0.0 	0.0 	0.0 	0.0 	0.0 	0.0 	0.0 	0.0 	
21 	0.17 	0.0 	0.0 	0.0 	0.0 	0.0 	0.0 	0.76 	0.0 	0.0 	0.02 	0.0 	0.0 	0.0 	0.0 	0.03 	0.0 	0.0 	0.0 	0.02 	
22 	0.0 	0.0 	0.05 	0.07 	0.0 	0.0 	0.0 	0.68 	0.01 	0.0 	0.0 	0.0 	0.0 	0.0 	0.0 	0.17 	0.0 	0.0 	0.02 	0.0 	
23 	0.0 	0.0 	0.0 	0.0 	1.0 	0.0 	0.0 	0.0 	0.0 	0.0 	0.0 	0.0 	0.0 	0.0 	0.0 	0.0 	0.0 	0.0 	0.0 	0.0 	
24 	0.03 	0.12 	0.03 	0.01 	0.0 	0.37 	0.03 	0.0 	0.19 	0.01 	0.01 	0.0 	0.01 	0.01 	0.0 	0.15 	0.03 	0.0 	0.0 	0.01 	
25 	0.08 	0.0 	0.0 	0.0 	0.01 	0.0 	0.02 	0.0 	0.0 	0.1 	0.03 	0.0 	0.01 	0.02 	0.0 	0.1 	0.16 	0.0 	0.0 	0.49 	
26 	0.05 	0.0 	0.0 	0.0 	0.0 	0.0 	0.0 	0.0 	0.0 	0.0 	0.02 	0.0 	0.0 	0.0 	0.9 	0.01 	0.01 	0.0 	0.0 	0.0 	
27 	0.01 	0.0 	0.0 	0.0 	0.0 	0.0 	0.0 	0.0 	0.0 	0.62 	0.08 	0.0 	0.02 	0.02 	0.0 	0.01 	0.0 	0.0 	0.0 	0.24 	
28 	0.35 	0.0 	0.0 	0.0 	0.0 	0.0 	0.0 	0.63 	0.0 	0.0 	0.0 	0.0 	0.0 	0.02 	0.0 	0.01 	0.0 	0.0 	0.0 	0.0 	
29 	0.41 	0.0 	0.0 	0.0 	0.03 	0.0 	0.0 	0.21 	0.0 	0.04 	0.0 	0.0 	0.0 	0.0 	0.0 	0.09 	0.01 	0.0 	0.0 	0.19 	
30 	0.0 	0.01 	0.04 	0.0 	0.0 	0.0 	0.01 	0.0 	0.15 	0.04 	0.13 	0.01 	0.0 	0.11 	0.0 	0.01 	0.02 	0.01 	0.43 	0.04 	
31 	0.67 	0.0 	0.03 	0.0 	0.05 	0.0 	0.01 	0.05 	0.0 	0.0 	0.0 	0.0 	0.0 	0.02 	0.0 	0.14 	0.01 	0.0 	0.0 	0.02 	
32 	0.01 	0.11 	0.02 	0.01 	0.0 	0.11 	0.21 	0.0 	0.02 	0.03 	0.02 	0.07 	0.0 	0.02 	0.0 	0.09 	0.19 	0.0 	0.01 	0.08 	
33 	0.03 	0.04 	0.01 	0.0 	0.0 	0.02 	0.01 	0.0 	0.02 	0.19 	0.23 	0.05 	0.03 	0.03 	0.01 	0.03 	0.03 	0.05 	0.11 	0.11 	
34 	0.04 	0.04 	0.08 	0.11 	0.01 	0.06 	0.13 	0.02 	0.02 	0.08 	0.1 	0.04 	0.02 	0.02 	0.01 	0.04 	0.09 	0.0 	0.02 	0.07 	
35 	0.04 	0.06 	0.05 	0.13 	0.0 	0.06 	0.18 	0.3 	0.01 	0.0 	0.0 	0.1 	0.0 	0.0 	0.02 	0.03 	0.01 	0.0 	0.0 	0.01 	
36 	0.04 	0.02 	0.18 	0.32 	0.0 	0.04 	0.1 	0.14 	0.01 	0.0 	0.01 	0.07 	0.0 	0.0 	0.0 	0.05 	0.01 	0.0 	0.0 	0.0 	
37 	0.02 	0.01 	0.12 	0.19 	0.01 	0.03 	0.05 	0.28 	0.01 	0.01 	0.03 	0.03 	0.01 	0.01 	0.02 	0.06 	0.04 	0.0 	0.03 	0.02 	
38 	0.03 	0.07 	0.06 	0.05 	0.0 	0.15 	0.19 	0.0 	0.02 	0.04 	0.05 	0.07 	0.05 	0.01 	0.01 	0.05 	0.12 	0.0 	0.01 	0.03 	
39 	0.0 	0.03 	0.0 	0.0 	0.01 	0.0 	0.02 	0.0 	0.0 	0.26 	0.44 	0.0 	0.05 	0.03 	0.0 	0.0 	0.01 	0.01 	0.04 	0.09 	
40 	0.01 	0.11 	0.01 	0.02 	0.02 	0.05 	0.09 	0.0 	0.09 	0.05 	0.06 	0.06 	0.01 	0.03 	0.0 	0.07 	0.15 	0.09 	0.03 	0.04 	
41 	0.01 	0.0 	0.0 	0.0 	0.0 	0.0 	0.0 	0.0 	0.0 	0.09 	0.62 	0.0 	0.06 	0.11 	0.0 	0.0 	0.03 	0.0 	0.0 	0.07 	
42 	0.05 	0.25 	0.01 	0.06 	0.0 	0.04 	0.05 	0.02 	0.02 	0.05 	0.03 	0.08 	0.0 	0.0 	0.0 	0.03 	0.22 	0.0 	0.03 	0.04 	
43 	0.33 	0.0 	0.0 	0.0 	0.02 	0.02 	0.0 	0.48 	0.0 	0.0 	0.02 	0.0 	0.01 	0.04 	0.0 	0.01 	0.02 	0.0 	0.01 	0.05 	
44 	0.04 	0.02 	0.0 	0.0 	0.02 	0.01 	0.05 	0.06 	0.0 	0.12 	0.27 	0.01 	0.16 	0.11 	0.0 	0.01 	0.02 	0.01 	0.02 	0.07 	
45 	0.07 	0.0 	0.0 	0.0 	0.0 	0.0 	0.0 	0.0 	0.0 	0.14 	0.13 	0.0 	0.0 	0.04 	0.0 	0.0 	0.01 	0.01 	0.04 	0.54 	
46 	0.26 	0.0 	0.0 	0.0 	0.01 	0.01 	0.01 	0.36 	0.01 	0.02 	0.1 	0.0 	0.03 	0.05 	0.0 	0.05 	0.0 	0.01 	0.01 	0.08 	
47 	0.09 	0.02 	0.11 	0.07 	0.01 	0.01 	0.05 	0.0 	0.01 	0.03 	0.05 	0.02 	0.01 	0.0 	0.0 	0.36 	0.1 	0.0 	0.04 	0.01 	
48 	0.05 	0.01 	0.01 	0.01 	0.0 	0.01 	0.05 	0.02 	0.0 	0.04 	0.2 	0.02 	0.03 	0.0 	0.33 	0.04 	0.03 	0.0 	0.03 	0.13 	
49 	0.02 	0.0 	0.06 	0.75 	0.0 	0.0 	0.04 	0.02 	0.01 	0.0 	0.0 	0.01 	0.0 	0.01 	0.0 	0.05 	0.02 	0.0 	0.0 	0.0 	
50 	0.02 	0.01 	0.0 	0.02 	0.03 	0.0 	0.02 	0.84 	0.0 	0.0 	0.0 	0.01 	0.01 	0.0 	0.0 	0.01 	0.02 	0.0 	0.0 	0.0 	
51 	0.03 	0.08 	0.03 	0.01 	0.0 	0.04 	0.05 	0.08 	0.0 	0.01 	0.01 	0.24 	0.0 	0.0 	0.0 	0.3 	0.1 	0.0 	0.0 	0.01 	
52 	0.02 	0.2 	0.03 	0.04 	0.02 	0.11 	0.16 	0.01 	0.02 	0.03 	0.03 	0.18 	0.01 	0.0 	0.0 	0.01 	0.07 	0.0 	0.03 	0.05 	
53 	0.06 	0.06 	0.01 	0.0 	0.0 	0.04 	0.01 	0.03 	0.0 	0.24 	0.15 	0.03 	0.09 	0.07 	0.0 	0.04 	0.02 	0.0 	0.03 	0.14 	
54 	0.02 	0.02 	0.0 	0.0 	0.0 	0.0 	0.0 	0.0 	0.04 	0.32 	0.24 	0.01 	0.01 	0.07 	0.0 	0.0 	0.0 	0.01 	0.06 	0.21 	
55 	0.02 	0.3 	0.02 	0.02 	0.0 	0.04 	0.1 	0.02 	0.05 	0.01 	0.01 	0.22 	0.01 	0.03 	0.0 	0.03 	0.05 	0.01 	0.01 	0.05 	
56 	0.19 	0.04 	0.03 	0.11 	0.0 	0.02 	0.12 	0.09 	0.03 	0.05 	0.02 	0.09 	0.01 	0.01 	0.0 	0.06 	0.05 	0.0 	0.01 	0.07 	
57 	0.01 	0.04 	0.01 	0.09 	0.02 	0.06 	0.34 	0.01 	0.01 	0.02 	0.0 	0.07 	0.01 	0.0 	0.0 	0.13 	0.17 	0.0 	0.0 	0.01 	
58 	0.11 	0.12 	0.0 	0.01 	0.01 	0.03 	0.08 	0.05 	0.01 	0.14 	0.1 	0.07 	0.03 	0.0 	0.0 	0.02 	0.02 	0.01 	0.01 	0.18 	
59 	0.06 	0.14 	0.01 	0.02 	0.03 	0.06 	0.09 	0.01 	0.02 	0.08 	0.04 	0.04 	0.01 	0.02 	0.0 	0.15 	0.17 	0.01 	0.01 	0.05 	
60 	0.1 	0.0 	0.04 	0.01 	0.02 	0.0 	0.01 	0.6 	0.0 	0.04 	0.01 	0.02 	0.0 	0.0 	0.0 	0.04 	0.02 	0.01 	0.01 	0.05 	
61 	0.06 	0.05 	0.07 	0.06 	0.01 	0.03 	0.04 	0.03 	0.03 	0.05 	0.05 	0.08 	0.02 	0.01 	0.24 	0.05 	0.04 	0.0 	0.02 	0.05 	
62 	0.11 	0.03 	0.03 	0.04 	0.02 	0.04 	0.03 	0.05 	0.01 	0.09 	0.11 	0.09 	0.02 	0.03 	0.02 	0.06 	0.06 	0.0 	0.02 	0.13 	
63 	0.1 	0.02 	0.06 	0.13 	0.02 	0.03 	0.04 	0.03 	0.01 	0.03 	0.05 	0.05 	0.01 	0.03 	0.03 	0.18 	0.12 	0.0 	0.01 	0.05 	
64 	0.1 	0.08 	0.02 	0.03 	0.01 	0.04 	0.07 	0.06 	0.03 	0.05 	0.04 	0.1 	0.01 	0.02 	0.11 	0.08 	0.04 	0.0 	0.04 	0.07 	
65 	0.16 	0.02 	0.07 	0.11 	0.02 	0.04 	0.25 	0.03 	0.0 	0.02 	0.02 	0.06 	0.0 	0.01 	0.02 	0.05 	0.07 	0.02 	0.01 	0.01 	
66 	0.04 	0.03 	0.08 	0.45 	0.0 	0.11 	0.16 	0.01 	0.01 	0.01 	0.02 	0.04 	0.0 	0.0 	0.01 	0.02 	0.01 	0.0 	0.0 	0.0 	
67 	0.48 	0.0 	0.02 	0.01 	0.03 	0.0 	0.0 	0.06 	0.01 	0.02 	0.0 	0.0 	0.02 	0.03 	0.22 	0.04 	0.01 	0.0 	0.04 	0.02 	
68 	0.08 	0.06 	0.0 	0.02 	0.0 	0.02 	0.4 	0.01 	0.02 	0.06 	0.05 	0.02 	0.03 	0.01 	0.0 	0.02 	0.04 	0.01 	0.03 	0.12 	
69 	0.22 	0.05 	0.03 	0.07 	0.0 	0.08 	0.25 	0.02 	0.01 	0.01 	0.03 	0.1 	0.0 	0.0 	0.0 	0.04 	0.05 	0.0 	0.0 	0.03 	
70 	0.05 	0.01 	0.0 	0.0 	0.03 	0.01 	0.02 	0.0 	0.01 	0.16 	0.49 	0.01 	0.04 	0.01 	0.0 	0.02 	0.01 	0.0 	0.0 	0.12 	
71 	0.06 	0.0 	0.0 	0.0 	0.0 	0.0 	0.0 	0.91 	0.0 	0.0 	0.0 	0.0 	0.0 	0.0 	0.0 	0.0 	0.0 	0.0 	0.0 	0.01 	
72 	0.04 	0.15 	0.03 	0.02 	0.01 	0.05 	0.05 	0.0 	0.01 	0.17 	0.06 	0.16 	0.02 	0.03 	0.0 	0.02 	0.05 	0.0 	0.03 	0.1 	
73 	0.11 	0.1 	0.03 	0.1 	0.0 	0.08 	0.23 	0.0 	0.0 	0.01 	0.03 	0.12 	0.01 	0.0 	0.01 	0.11 	0.05 	0.0 	0.0 	0.01 	
74 	0.16 	0.0 	0.0 	0.0 	0.01 	0.02 	0.0 	0.0 	0.0 	0.05 	0.52 	0.01 	0.02 	0.02 	0.0 	0.0 	0.0 	0.0 	0.0 	0.21 	
75 	0.74 	0.01 	0.0 	0.0 	0.0 	0.0 	0.0 	0.13 	0.0 	0.0 	0.02 	0.0 	0.0 	0.0 	0.0 	0.05 	0.01 	0.0 	0.0 	0.04 	
76 	0.08 	0.06 	0.06 	0.09 	0.0 	0.08 	0.32 	0.01 	0.03 	0.0 	0.06 	0.15 	0.01 	0.0 	0.0 	0.02 	0.02 	0.0 	0.0 	0.02 	
77 	0.04 	0.06 	0.0 	0.09 	0.01 	0.08 	0.32 	0.01 	0.02 	0.02 	0.05 	0.17 	0.05 	0.0 	0.0 	0.01 	0.02 	0.0 	0.0 	0.03 	
78 	0.0 	0.0 	0.0 	0.0 	0.0 	0.0 	0.0 	0.0 	0.0 	0.1 	0.69 	0.0 	0.12 	0.04 	0.0 	0.0 	0.0 	0.0 	0.0 	0.06 	
79 	0.0 	0.04 	0.0 	0.0 	0.0 	0.0 	0.0 	0.0 	0.0 	0.19 	0.6 	0.1 	0.02 	0.01 	0.0 	0.0 	0.01 	0.0 	0.0 	0.03 	
80 	0.54 	0.0 	0.14 	0.0 	0.0 	0.0 	0.0 	0.0 	0.0 	0.0 	0.0 	0.0 	0.0 	0.0 	0.0 	0.31 	0.01 	0.0 	0.0 	0.0 	
