	A 	R 	N 	D 	C 	Q 	E 	G 	H 	I 	L 	K 	M 	F 	P 	S 	T 	W 	Y 	V 	
1 	0.0 	0.0 	0.0 	0.0 	0.0 	0.0 	0.0 	0.0 	0.0 	0.0 	0.0 	0.0 	1.0 	0.0 	0.0 	0.0 	0.0 	0.0 	0.0 	0.0 	
2 	0.08 	0.0 	0.0 	0.0 	0.0 	0.0 	0.0 	0.0 	0.0 	0.0 	0.0 	0.0 	0.07 	0.0 	0.0 	0.5 	0.27 	0.0 	0.0 	0.08 	
3 	0.28 	0.0 	0.0 	0.0 	0.07 	0.0 	0.1 	0.0 	0.0 	0.21 	0.0 	0.0 	0.0 	0.0 	0.0 	0.0 	0.0 	0.0 	0.08 	0.27 	
4 	0.04 	0.07 	0.13 	0.14 	0.0 	0.0 	0.0 	0.0 	0.0 	0.0 	0.03 	0.05 	0.0 	0.0 	0.0 	0.13 	0.4 	0.0 	0.0 	0.0 	
5 	0.04 	0.0 	0.0 	0.0 	0.0 	0.0 	0.0 	0.0 	0.0 	0.56 	0.19 	0.0 	0.0 	0.07 	0.0 	0.0 	0.0 	0.0 	0.0 	0.14 	
6 	0.0 	0.85 	0.0 	0.0 	0.0 	0.0 	0.04 	0.0 	0.0 	0.0 	0.0 	0.12 	0.0 	0.0 	0.0 	0.0 	0.0 	0.0 	0.0 	0.0 	
7 	0.06 	0.07 	0.06 	0.05 	0.0 	0.07 	0.09 	0.0 	0.04 	0.03 	0.03 	0.03 	0.0 	0.03 	0.26 	0.03 	0.04 	0.0 	0.0 	0.11 	
8 	0.3 	0.0 	0.0 	0.0 	0.0 	0.0 	0.0 	0.14 	0.0 	0.11 	0.06 	0.0 	0.06 	0.08 	0.04 	0.09 	0.0 	0.0 	0.0 	0.12 	
9 	0.0 	0.22 	0.0 	0.02 	0.0 	0.04 	0.28 	0.02 	0.0 	0.05 	0.0 	0.12 	0.0 	0.0 	0.0 	0.0 	0.2 	0.0 	0.0 	0.05 	
10 	0.1 	0.06 	0.0 	0.19 	0.0 	0.06 	0.12 	0.0 	0.09 	0.0 	0.09 	0.09 	0.0 	0.0 	0.03 	0.08 	0.07 	0.0 	0.0 	0.02 	
11 	0.13 	0.06 	0.0 	0.18 	0.0 	0.03 	0.36 	0.11 	0.0 	0.0 	0.04 	0.0 	0.0 	0.0 	0.0 	0.08 	0.0 	0.0 	0.0 	0.0 	
12 	0.0 	0.0 	0.07 	0.82 	0.0 	0.0 	0.09 	0.0 	0.0 	0.0 	0.0 	0.0 	0.0 	0.0 	0.0 	0.0 	0.0 	0.03 	0.0 	0.0 	
13 	0.1 	0.03 	0.0 	0.0 	0.08 	0.0 	0.03 	0.05 	0.0 	0.06 	0.37 	0.0 	0.04 	0.07 	0.0 	0.0 	0.04 	0.0 	0.08 	0.03 	
14 	0.16 	0.11 	0.0 	0.12 	0.0 	0.0 	0.3 	0.05 	0.04 	0.0 	0.0 	0.06 	0.0 	0.0 	0.12 	0.0 	0.04 	0.0 	0.0 	0.0 	
15 	0.4 	0.0 	0.03 	0.08 	0.0 	0.02 	0.08 	0.04 	0.03 	0.03 	0.0 	0.02 	0.04 	0.02 	0.02 	0.02 	0.03 	0.0 	0.03 	0.08 	
16 	0.0 	0.0 	0.08 	0.0 	0.0 	0.0 	0.0 	0.0 	0.0 	0.37 	0.15 	0.0 	0.0 	0.03 	0.0 	0.0 	0.0 	0.03 	0.0 	0.34 	
17 	0.14 	0.04 	0.0 	0.0 	0.1 	0.0 	0.0 	0.0 	0.06 	0.13 	0.16 	0.02 	0.0 	0.03 	0.0 	0.04 	0.15 	0.0 	0.06 	0.08 	
18 	0.23 	0.08 	0.05 	0.07 	0.0 	0.13 	0.21 	0.03 	0.0 	0.0 	0.01 	0.03 	0.0 	0.0 	0.03 	0.04 	0.08 	0.0 	0.0 	0.0 	
19 	0.08 	0.0 	0.0 	0.0 	0.03 	0.0 	0.0 	0.0 	0.0 	0.27 	0.38 	0.0 	0.02 	0.03 	0.0 	0.0 	0.03 	0.0 	0.03 	0.12 	
20 	0.04 	0.0 	0.08 	0.04 	0.0 	0.0 	0.03 	0.01 	0.03 	0.08 	0.08 	0.0 	0.0 	0.17 	0.0 	0.0 	0.0 	0.15 	0.23 	0.04 	
21 	0.1 	0.14 	0.38 	0.0 	0.03 	0.0 	0.08 	0.01 	0.02 	0.0 	0.01 	0.03 	0.0 	0.03 	0.0 	0.09 	0.03 	0.0 	0.0 	0.03 	
22 	0.02 	0.13 	0.06 	0.15 	0.0 	0.04 	0.15 	0.0 	0.24 	0.0 	0.0 	0.07 	0.0 	0.0 	0.03 	0.08 	0.0 	0.02 	0.0 	0.0 	
23 	0.22 	0.0 	0.0 	0.0 	0.07 	0.0 	0.03 	0.0 	0.16 	0.0 	0.08 	0.0 	0.0 	0.0 	0.0 	0.17 	0.07 	0.04 	0.15 	0.0 	
24 	0.09 	0.04 	0.0 	0.11 	0.0 	0.04 	0.01 	0.01 	0.0 	0.07 	0.01 	0.01 	0.03 	0.12 	0.1 	0.01 	0.01 	0.07 	0.03 	0.26 	
25 	0.06 	0.13 	0.04 	0.06 	0.0 	0.01 	0.26 	0.03 	0.0 	0.01 	0.2 	0.01 	0.0 	0.01 	0.04 	0.04 	0.04 	0.0 	0.0 	0.06 	
26 	0.01 	0.06 	0.07 	0.04 	0.0 	0.18 	0.07 	0.04 	0.04 	0.04 	0.09 	0.01 	0.0 	0.06 	0.01 	0.07 	0.1 	0.03 	0.05 	0.01 	
27 	0.01 	0.14 	0.04 	0.01 	0.0 	0.05 	0.09 	0.16 	0.05 	0.03 	0.02 	0.01 	0.0 	0.01 	0.01 	0.05 	0.2 	0.0 	0.04 	0.08 	
28 	0.09 	0.01 	0.03 	0.01 	0.03 	0.04 	0.01 	0.02 	0.0 	0.01 	0.02 	0.13 	0.09 	0.01 	0.21 	0.09 	0.09 	0.0 	0.07 	0.04 	
29 	0.19 	0.04 	0.01 	0.01 	0.07 	0.01 	0.04 	0.08 	0.01 	0.06 	0.16 	0.01 	0.09 	0.04 	0.01 	0.08 	0.01 	0.0 	0.01 	0.08 	
30 	0.02 	0.04 	0.11 	0.03 	0.0 	0.05 	0.04 	0.01 	0.0 	0.05 	0.05 	0.01 	0.0 	0.01 	0.01 	0.13 	0.3 	0.0 	0.09 	0.01 	
31 	0.04 	0.03 	0.0 	0.1 	0.0 	0.0 	0.03 	0.02 	0.08 	0.0 	0.05 	0.0 	0.0 	0.22 	0.0 	0.0 	0.04 	0.29 	0.08 	0.0 	
32 	0.05 	0.03 	0.14 	0.19 	0.0 	0.12 	0.12 	0.04 	0.0 	0.03 	0.04 	0.0 	0.0 	0.08 	0.04 	0.0 	0.04 	0.0 	0.03 	0.03 	
33 	0.0 	0.03 	0.03 	0.15 	0.0 	0.1 	0.16 	0.04 	0.0 	0.03 	0.03 	0.03 	0.05 	0.05 	0.0 	0.06 	0.13 	0.0 	0.0 	0.11 	
34 	0.0 	0.09 	0.0 	0.04 	0.0 	0.1 	0.22 	0.0 	0.02 	0.03 	0.09 	0.07 	0.0 	0.04 	0.04 	0.06 	0.05 	0.0 	0.03 	0.13 	
35 	0.13 	0.04 	0.0 	0.06 	0.0 	0.04 	0.06 	0.0 	0.0 	0.05 	0.0 	0.0 	0.0 	0.02 	0.37 	0.07 	0.07 	0.0 	0.03 	0.04 	
36 	0.04 	0.06 	0.02 	0.03 	0.0 	0.06 	0.03 	0.0 	0.06 	0.07 	0.16 	0.0 	0.04 	0.04 	0.05 	0.08 	0.03 	0.03 	0.07 	0.1 	
37 	0.05 	0.06 	0.0 	0.22 	0.0 	0.02 	0.21 	0.0 	0.0 	0.03 	0.06 	0.08 	0.0 	0.0 	0.03 	0.1 	0.12 	0.0 	0.0 	0.0 	
38 	0.12 	0.01 	0.0 	0.02 	0.0 	0.04 	0.21 	0.04 	0.0 	0.04 	0.1 	0.05 	0.05 	0.0 	0.13 	0.08 	0.02 	0.0 	0.07 	0.0 	
39 	0.18 	0.15 	0.05 	0.11 	0.0 	0.07 	0.16 	0.05 	0.0 	0.03 	0.0 	0.09 	0.0 	0.02 	0.0 	0.03 	0.02 	0.0 	0.0 	0.03 	
40 	0.02 	0.08 	0.12 	0.15 	0.0 	0.06 	0.27 	0.03 	0.03 	0.0 	0.1 	0.05 	0.0 	0.0 	0.0 	0.05 	0.02 	0.01 	0.0 	0.0 	
41 	0.06 	0.2 	0.0 	0.02 	0.0 	0.0 	0.09 	0.02 	0.0 	0.03 	0.08 	0.01 	0.18 	0.06 	0.11 	0.01 	0.07 	0.06 	0.0 	0.01 	
42 	0.14 	0.18 	0.0 	0.0 	0.0 	0.08 	0.15 	0.01 	0.02 	0.08 	0.07 	0.03 	0.08 	0.0 	0.0 	0.03 	0.03 	0.05 	0.0 	0.03 	
43 	0.22 	0.05 	0.03 	0.17 	0.0 	0.03 	0.18 	0.01 	0.0 	0.0 	0.09 	0.03 	0.03 	0.03 	0.02 	0.05 	0.0 	0.02 	0.0 	0.03 	
44 	0.02 	0.07 	0.0 	0.19 	0.02 	0.03 	0.04 	0.04 	0.0 	0.0 	0.03 	0.05 	0.0 	0.15 	0.0 	0.0 	0.06 	0.29 	0.0 	0.0 	
45 	0.01 	0.0 	0.0 	0.0 	0.02 	0.03 	0.0 	0.02 	0.0 	0.05 	0.29 	0.0 	0.01 	0.32 	0.02 	0.0 	0.03 	0.02 	0.1 	0.05 	
46 	0.07 	0.07 	0.02 	0.19 	0.0 	0.04 	0.19 	0.07 	0.02 	0.0 	0.0 	0.07 	0.0 	0.02 	0.0 	0.15 	0.02 	0.0 	0.0 	0.05 	
47 	0.12 	0.13 	0.04 	0.03 	0.0 	0.02 	0.08 	0.12 	0.09 	0.03 	0.03 	0.1 	0.0 	0.01 	0.05 	0.07 	0.04 	0.0 	0.02 	0.01 	
48 	0.03 	0.17 	0.04 	0.07 	0.0 	0.03 	0.04 	0.01 	0.05 	0.04 	0.23 	0.05 	0.0 	0.04 	0.1 	0.05 	0.01 	0.0 	0.01 	0.03 	
49 	0.05 	0.08 	0.04 	0.01 	0.0 	0.07 	0.13 	0.02 	0.07 	0.03 	0.16 	0.05 	0.02 	0.04 	0.01 	0.05 	0.06 	0.04 	0.02 	0.04 	
50 	0.06 	0.04 	0.07 	0.21 	0.0 	0.04 	0.16 	0.08 	0.06 	0.01 	0.11 	0.03 	0.0 	0.03 	0.02 	0.01 	0.02 	0.0 	0.01 	0.04 	
51 	0.05 	0.15 	0.14 	0.11 	0.02 	0.04 	0.05 	0.1 	0.03 	0.03 	0.02 	0.05 	0.0 	0.01 	0.08 	0.04 	0.06 	0.0 	0.0 	0.01 	
52 	0.05 	0.03 	0.0 	0.07 	0.0 	0.03 	0.04 	0.2 	0.05 	0.01 	0.01 	0.01 	0.0 	0.03 	0.32 	0.1 	0.01 	0.0 	0.0 	0.04 	
53 	0.16 	0.07 	0.03 	0.02 	0.0 	0.0 	0.1 	0.03 	0.05 	0.03 	0.05 	0.01 	0.0 	0.09 	0.0 	0.06 	0.01 	0.02 	0.2 	0.05 	
54 	0.12 	0.14 	0.03 	0.0 	0.0 	0.0 	0.03 	0.17 	0.07 	0.06 	0.05 	0.02 	0.0 	0.05 	0.15 	0.06 	0.01 	0.0 	0.02 	0.01 	
55 	0.0 	0.06 	0.0 	0.0 	0.05 	0.0 	0.0 	0.0 	0.03 	0.03 	0.23 	0.07 	0.03 	0.17 	0.0 	0.02 	0.05 	0.08 	0.05 	0.12 	
56 	0.02 	0.04 	0.03 	0.0 	0.0 	0.03 	0.0 	0.04 	0.0 	0.03 	0.39 	0.0 	0.05 	0.16 	0.02 	0.06 	0.0 	0.05 	0.07 	0.02 	
57 	0.01 	0.0 	0.0 	0.0 	0.0 	0.0 	0.03 	0.0 	0.0 	0.11 	0.26 	0.0 	0.02 	0.06 	0.0 	0.0 	0.0 	0.03 	0.0 	0.46 	
58 	0.52 	0.0 	0.0 	0.0 	0.0 	0.0 	0.02 	0.04 	0.05 	0.05 	0.0 	0.02 	0.03 	0.02 	0.0 	0.05 	0.03 	0.0 	0.0 	0.17 	
59 	0.26 	0.1 	0.03 	0.02 	0.0 	0.02 	0.15 	0.01 	0.02 	0.07 	0.04 	0.01 	0.0 	0.0 	0.0 	0.02 	0.04 	0.0 	0.0 	0.2 	
60 	0.02 	0.04 	0.03 	0.28 	0.04 	0.01 	0.39 	0.01 	0.0 	0.0 	0.0 	0.05 	0.0 	0.03 	0.01 	0.04 	0.02 	0.0 	0.02 	0.01 	
61 	0.09 	0.04 	0.0 	0.06 	0.02 	0.05 	0.27 	0.03 	0.02 	0.02 	0.0 	0.05 	0.03 	0.0 	0.12 	0.09 	0.01 	0.0 	0.02 	0.08 	
62 	0.08 	0.04 	0.13 	0.27 	0.0 	0.08 	0.09 	0.07 	0.03 	0.0 	0.0 	0.02 	0.0 	0.0 	0.02 	0.06 	0.09 	0.0 	0.0 	0.0 	
63 	0.01 	0.0 	0.02 	0.18 	0.0 	0.02 	0.02 	0.7 	0.0 	0.0 	0.0 	0.04 	0.0 	0.0 	0.02 	0.0 	0.0 	0.0 	0.0 	0.0 	
64 	0.03 	0.11 	0.05 	0.05 	0.0 	0.12 	0.31 	0.0 	0.03 	0.0 	0.03 	0.07 	0.0 	0.03 	0.01 	0.05 	0.07 	0.0 	0.0 	0.03 	
65 	0.06 	0.0 	0.0 	0.0 	0.0 	0.0 	0.0 	0.0 	0.0 	0.1 	0.4 	0.02 	0.01 	0.04 	0.05 	0.0 	0.0 	0.0 	0.0 	0.32 	
66 	0.11 	0.01 	0.02 	0.0 	0.0 	0.0 	0.0 	0.0 	0.0 	0.23 	0.24 	0.0 	0.01 	0.02 	0.0 	0.0 	0.02 	0.0 	0.0 	0.35 	
67 	0.03 	0.0 	0.0 	0.0 	0.0 	0.0 	0.0 	0.95 	0.0 	0.0 	0.0 	0.0 	0.0 	0.0 	0.0 	0.0 	0.0 	0.0 	0.0 	0.0 	
68 	0.02 	0.0 	0.0 	0.0 	0.02 	0.0 	0.0 	0.0 	0.04 	0.06 	0.04 	0.0 	0.04 	0.38 	0.0 	0.03 	0.07 	0.04 	0.22 	0.04 	
69 	0.27 	0.01 	0.01 	0.02 	0.08 	0.04 	0.01 	0.03 	0.07 	0.1 	0.04 	0.01 	0.03 	0.02 	0.01 	0.01 	0.05 	0.0 	0.0 	0.2 	
70 	0.09 	0.01 	0.02 	0.01 	0.02 	0.08 	0.05 	0.09 	0.04 	0.03 	0.05 	0.03 	0.06 	0.01 	0.01 	0.2 	0.06 	0.08 	0.07 	0.01 	
71 	0.17 	0.01 	0.01 	0.02 	0.0 	0.04 	0.01 	0.07 	0.0 	0.05 	0.12 	0.01 	0.0 	0.14 	0.01 	0.04 	0.1 	0.04 	0.1 	0.05 	
72 	0.02 	0.04 	0.07 	0.01 	0.02 	0.02 	0.07 	0.19 	0.05 	0.01 	0.06 	0.07 	0.0 	0.03 	0.05 	0.2 	0.07 	0.0 	0.01 	0.01 	
73 	0.08 	0.07 	0.02 	0.14 	0.0 	0.01 	0.05 	0.01 	0.07 	0.04 	0.04 	0.04 	0.04 	0.01 	0.19 	0.01 	0.12 	0.0 	0.0 	0.05 	
74 	0.02 	0.01 	0.0 	0.02 	0.02 	0.0 	0.03 	0.01 	0.08 	0.1 	0.13 	0.01 	0.02 	0.13 	0.01 	0.01 	0.04 	0.21 	0.07 	0.11 	
75 	0.08 	0.15 	0.03 	0.11 	0.0 	0.05 	0.04 	0.05 	0.04 	0.06 	0.03 	0.1 	0.0 	0.0 	0.04 	0.05 	0.08 	0.0 	0.04 	0.04 	
76 	0.05 	0.05 	0.03 	0.04 	0.0 	0.09 	0.08 	0.14 	0.02 	0.03 	0.02 	0.1 	0.0 	0.0 	0.22 	0.1 	0.01 	0.0 	0.0 	0.03 	
77 	0.01 	0.24 	0.02 	0.02 	0.0 	0.02 	0.05 	0.0 	0.01 	0.04 	0.04 	0.14 	0.02 	0.04 	0.09 	0.03 	0.05 	0.0 	0.06 	0.11 	
78 	0.06 	0.01 	0.17 	0.1 	0.0 	0.03 	0.08 	0.05 	0.06 	0.03 	0.01 	0.01 	0.0 	0.01 	0.2 	0.09 	0.08 	0.0 	0.0 	0.02 	
79 	0.19 	0.05 	0.03 	0.07 	0.02 	0.02 	0.04 	0.29 	0.03 	0.03 	0.02 	0.01 	0.03 	0.0 	0.03 	0.06 	0.02 	0.01 	0.02 	0.02 	
80 	0.04 	0.04 	0.01 	0.03 	0.02 	0.03 	0.07 	0.07 	0.06 	0.04 	0.05 	0.05 	0.01 	0.08 	0.07 	0.06 	0.01 	0.0 	0.2 	0.04 	
81 	0.11 	0.22 	0.06 	0.12 	0.02 	0.03 	0.07 	0.03 	0.08 	0.04 	0.01 	0.02 	0.0 	0.0 	0.06 	0.05 	0.01 	0.0 	0.0 	0.05 	
82 	0.04 	0.1 	0.01 	0.02 	0.0 	0.01 	0.08 	0.15 	0.08 	0.05 	0.04 	0.11 	0.03 	0.04 	0.02 	0.01 	0.06 	0.08 	0.05 	0.02 	
83 	0.01 	0.1 	0.0 	0.0 	0.03 	0.07 	0.05 	0.06 	0.02 	0.04 	0.1 	0.03 	0.0 	0.03 	0.03 	0.11 	0.19 	0.0 	0.06 	0.06 	
84 	0.29 	0.01 	0.01 	0.01 	0.03 	0.01 	0.06 	0.13 	0.02 	0.07 	0.14 	0.02 	0.0 	0.06 	0.02 	0.04 	0.01 	0.0 	0.0 	0.1 	
85 	0.02 	0.03 	0.03 	0.03 	0.0 	0.07 	0.45 	0.06 	0.0 	0.08 	0.09 	0.01 	0.02 	0.01 	0.01 	0.04 	0.01 	0.0 	0.01 	0.03 	
86 	0.04 	0.01 	0.03 	0.16 	0.03 	0.0 	0.01 	0.05 	0.1 	0.09 	0.06 	0.01 	0.0 	0.06 	0.01 	0.03 	0.02 	0.04 	0.14 	0.12 	
87 	0.12 	0.08 	0.04 	0.03 	0.0 	0.09 	0.11 	0.12 	0.02 	0.01 	0.04 	0.01 	0.0 	0.0 	0.01 	0.09 	0.07 	0.0 	0.12 	0.04 	
88 	0.0 	0.0 	0.0 	0.0 	0.0 	0.0 	0.0 	0.0 	0.0 	0.25 	0.24 	0.0 	0.03 	0.06 	0.0 	0.0 	0.0 	0.0 	0.07 	0.33 	
89 	0.16 	0.0 	0.0 	0.02 	0.02 	0.0 	0.03 	0.11 	0.0 	0.04 	0.06 	0.0 	0.02 	0.08 	0.0 	0.05 	0.03 	0.03 	0.28 	0.07 	
90 	0.0 	0.0 	0.0 	0.0 	0.02 	0.0 	0.0 	0.0 	0.0 	0.21 	0.1 	0.0 	0.0 	0.0 	0.0 	0.0 	0.02 	0.0 	0.0 	0.66 	
91 	0.15 	0.06 	0.0 	0.28 	0.0 	0.0 	0.0 	0.04 	0.13 	0.02 	0.02 	0.06 	0.01 	0.02 	0.0 	0.14 	0.01 	0.0 	0.0 	0.04 	
92 	0.0 	0.02 	0.0 	0.04 	0.0 	0.0 	0.12 	0.0 	0.01 	0.0 	0.0 	0.0 	0.0 	0.0 	0.74 	0.07 	0.0 	0.0 	0.0 	0.0 	
93 	0.12 	0.05 	0.02 	0.24 	0.0 	0.07 	0.25 	0.06 	0.02 	0.0 	0.0 	0.02 	0.0 	0.0 	0.02 	0.11 	0.02 	0.0 	0.0 	0.0 	
94 	0.25 	0.04 	0.0 	0.0 	0.05 	0.02 	0.02 	0.0 	0.22 	0.0 	0.0 	0.0 	0.0 	0.12 	0.0 	0.02 	0.01 	0.03 	0.18 	0.03 	
95 	0.03 	0.5 	0.0 	0.0 	0.0 	0.32 	0.03 	0.02 	0.02 	0.01 	0.0 	0.02 	0.0 	0.0 	0.0 	0.0 	0.0 	0.04 	0.0 	0.0 	
96 	0.0 	0.09 	0.02 	0.0 	0.01 	0.0 	0.0 	0.79 	0.0 	0.0 	0.0 	0.03 	0.0 	0.0 	0.02 	0.02 	0.02 	0.0 	0.0 	0.0 	
97 	0.0 	0.2 	0.03 	0.0 	0.01 	0.24 	0.0 	0.04 	0.0 	0.0 	0.09 	0.29 	0.03 	0.0 	0.0 	0.02 	0.03 	0.0 	0.0 	0.0 	
98 	0.0 	0.02 	0.0 	0.0 	0.0 	0.03 	0.0 	0.9 	0.0 	0.0 	0.0 	0.03 	0.0 	0.0 	0.0 	0.02 	0.0 	0.0 	0.0 	0.0 	
99 	0.04 	0.0 	0.0 	0.0 	0.0 	0.0 	0.0 	0.0 	0.03 	0.28 	0.41 	0.0 	0.0 	0.08 	0.0 	0.0 	0.01 	0.0 	0.02 	0.12 	
100 	0.26 	0.0 	0.0 	0.03 	0.0 	0.0 	0.0 	0.69 	0.0 	0.03 	0.0 	0.0 	0.0 	0.0 	0.0 	0.0 	0.0 	0.0 	0.0 	0.0 	
101 	0.04 	0.28 	0.04 	0.0 	0.0 	0.0 	0.02 	0.03 	0.01 	0.0 	0.01 	0.2 	0.0 	0.02 	0.0 	0.2 	0.08 	0.0 	0.02 	0.05 	
102 	0.39 	0.08 	0.02 	0.0 	0.02 	0.08 	0.06 	0.0 	0.02 	0.0 	0.06 	0.06 	0.02 	0.0 	0.02 	0.01 	0.07 	0.0 	0.03 	0.05 	
103 	0.07 	0.0 	0.0 	0.0 	0.0 	0.0 	0.0 	0.0 	0.0 	0.03 	0.8 	0.0 	0.06 	0.0 	0.0 	0.0 	0.0 	0.0 	0.0 	0.03 	
104 	0.04 	0.0 	0.0 	0.0 	0.0 	0.0 	0.0 	0.03 	0.0 	0.13 	0.33 	0.0 	0.06 	0.02 	0.0 	0.0 	0.17 	0.0 	0.08 	0.14 	
105 	0.09 	0.13 	0.07 	0.05 	0.0 	0.09 	0.07 	0.01 	0.0 	0.01 	0.11 	0.12 	0.0 	0.0 	0.0 	0.11 	0.07 	0.0 	0.0 	0.07 	
106 	0.3 	0.08 	0.02 	0.0 	0.0 	0.0 	0.09 	0.0 	0.12 	0.02 	0.02 	0.12 	0.03 	0.0 	0.0 	0.04 	0.08 	0.0 	0.02 	0.06 	
107 	0.17 	0.0 	0.0 	0.0 	0.0 	0.0 	0.0 	0.21 	0.0 	0.02 	0.4 	0.0 	0.02 	0.03 	0.0 	0.0 	0.0 	0.0 	0.02 	0.13 	
108 	0.08 	0.0 	0.0 	0.0 	0.0 	0.0 	0.06 	0.0 	0.0 	0.28 	0.43 	0.02 	0.02 	0.03 	0.0 	0.01 	0.0 	0.0 	0.0 	0.05 	
109 	0.06 	0.14 	0.01 	0.24 	0.0 	0.09 	0.16 	0.01 	0.07 	0.0 	0.01 	0.08 	0.02 	0.0 	0.0 	0.04 	0.01 	0.0 	0.04 	0.01 	
110 	0.03 	0.1 	0.0 	0.0 	0.0 	0.02 	0.09 	0.08 	0.14 	0.01 	0.03 	0.04 	0.03 	0.14 	0.0 	0.03 	0.03 	0.02 	0.13 	0.07 	
111 	0.29 	0.0 	0.0 	0.0 	0.07 	0.0 	0.02 	0.0 	0.0 	0.0 	0.3 	0.0 	0.04 	0.09 	0.04 	0.07 	0.0 	0.0 	0.03 	0.05 	
112 	0.15 	0.23 	0.0 	0.04 	0.0 	0.02 	0.11 	0.04 	0.0 	0.04 	0.09 	0.07 	0.0 	0.0 	0.07 	0.02 	0.09 	0.0 	0.0 	0.01 	
113 	0.16 	0.09 	0.04 	0.15 	0.0 	0.11 	0.09 	0.09 	0.02 	0.02 	0.02 	0.04 	0.02 	0.0 	0.02 	0.05 	0.05 	0.0 	0.0 	0.02 	
114 	0.04 	0.18 	0.06 	0.0 	0.02 	0.14 	0.04 	0.04 	0.06 	0.04 	0.23 	0.08 	0.0 	0.0 	0.0 	0.03 	0.02 	0.0 	0.0 	0.0 	
115 	0.02 	0.03 	0.06 	0.11 	0.0 	0.0 	0.0 	0.69 	0.0 	0.0 	0.0 	0.03 	0.0 	0.0 	0.02 	0.01 	0.0 	0.0 	0.02 	0.0 	
116 	0.07 	0.02 	0.0 	0.0 	0.12 	0.0 	0.0 	0.02 	0.02 	0.06 	0.29 	0.07 	0.0 	0.11 	0.0 	0.01 	0.0 	0.02 	0.09 	0.09 	
117 	0.03 	0.24 	0.02 	0.07 	0.01 	0.02 	0.04 	0.03 	0.09 	0.0 	0.0 	0.08 	0.0 	0.0 	0.09 	0.12 	0.12 	0.0 	0.02 	0.01 	
118 	0.06 	0.23 	0.0 	0.06 	0.02 	0.13 	0.05 	0.0 	0.03 	0.01 	0.04 	0.12 	0.0 	0.0 	0.0 	0.1 	0.08 	0.01 	0.0 	0.06 	
119 	0.07 	0.03 	0.0 	0.0 	0.0 	0.0 	0.0 	0.0 	0.0 	0.15 	0.22 	0.0 	0.11 	0.08 	0.0 	0.02 	0.0 	0.0 	0.0 	0.3 	
120 	0.02 	0.03 	0.04 	0.03 	0.0 	0.02 	0.13 	0.02 	0.02 	0.05 	0.02 	0.04 	0.09 	0.02 	0.0 	0.04 	0.08 	0.02 	0.13 	0.2 	
121 	0.2 	0.0 	0.0 	0.0 	0.03 	0.0 	0.0 	0.0 	0.0 	0.05 	0.49 	0.0 	0.0 	0.02 	0.0 	0.05 	0.09 	0.05 	0.0 	0.02 	
122 	0.08 	0.0 	0.09 	0.04 	0.0 	0.02 	0.09 	0.07 	0.01 	0.02 	0.0 	0.06 	0.03 	0.01 	0.0 	0.01 	0.08 	0.03 	0.2 	0.15 	
123 	0.0 	0.0 	0.0 	0.03 	0.03 	0.0 	0.0 	0.0 	0.03 	0.16 	0.0 	0.0 	0.0 	0.0 	0.0 	0.0 	0.17 	0.0 	0.0 	0.58 	
124 	0.03 	0.11 	0.03 	0.11 	0.0 	0.04 	0.18 	0.13 	0.0 	0.02 	0.07 	0.0 	0.0 	0.09 	0.01 	0.09 	0.06 	0.0 	0.03 	0.0 	
125 	0.14 	0.02 	0.02 	0.11 	0.0 	0.06 	0.13 	0.12 	0.02 	0.01 	0.07 	0.02 	0.0 	0.0 	0.08 	0.07 	0.05 	0.0 	0.0 	0.09 	
126 	0.06 	0.0 	0.01 	0.27 	0.0 	0.07 	0.07 	0.04 	0.1 	0.01 	0.02 	0.0 	0.01 	0.02 	0.05 	0.07 	0.1 	0.06 	0.0 	0.04 	
127 	0.0 	0.0 	0.88 	0.0 	0.0 	0.05 	0.0 	0.0 	0.01 	0.0 	0.02 	0.0 	0.0 	0.0 	0.0 	0.03 	0.0 	0.0 	0.0 	0.0 	
128 	0.11 	0.05 	0.02 	0.09 	0.0 	0.09 	0.16 	0.0 	0.02 	0.04 	0.02 	0.08 	0.0 	0.0 	0.07 	0.07 	0.11 	0.0 	0.01 	0.03 	
129 	0.36 	0.1 	0.0 	0.0 	0.0 	0.06 	0.0 	0.05 	0.01 	0.0 	0.0 	0.09 	0.01 	0.0 	0.23 	0.03 	0.01 	0.0 	0.0 	0.03 	
130 	0.53 	0.03 	0.0 	0.0 	0.0 	0.0 	0.0 	0.0 	0.0 	0.0 	0.0 	0.0 	0.03 	0.0 	0.0 	0.35 	0.0 	0.0 	0.0 	0.05 	
131 	0.02 	0.07 	0.05 	0.0 	0.0 	0.02 	0.0 	0.0 	0.05 	0.37 	0.12 	0.0 	0.05 	0.0 	0.0 	0.0 	0.02 	0.03 	0.0 	0.21 	
132 	0.15 	0.28 	0.0 	0.06 	0.0 	0.03 	0.03 	0.13 	0.09 	0.02 	0.0 	0.07 	0.0 	0.0 	0.0 	0.08 	0.04 	0.0 	0.0 	0.0 	
133 	0.04 	0.0 	0.0 	0.0 	0.0 	0.0 	0.0 	0.0 	0.0 	0.02 	0.64 	0.0 	0.09 	0.06 	0.0 	0.0 	0.03 	0.0 	0.03 	0.1 	
134 	0.06 	0.0 	0.0 	0.0 	0.03 	0.0 	0.0 	0.0 	0.17 	0.0 	0.04 	0.0 	0.0 	0.07 	0.0 	0.0 	0.0 	0.02 	0.61 	0.0 	
135 	0.04 	0.11 	0.02 	0.03 	0.03 	0.14 	0.32 	0.0 	0.01 	0.0 	0.08 	0.15 	0.0 	0.0 	0.0 	0.0 	0.07 	0.0 	0.01 	0.0 	
136 	0.16 	0.31 	0.0 	0.0 	0.0 	0.02 	0.01 	0.04 	0.01 	0.0 	0.0 	0.26 	0.0 	0.0 	0.0 	0.14 	0.01 	0.0 	0.0 	0.03 	
137 	0.06 	0.0 	0.05 	0.0 	0.03 	0.0 	0.0 	0.0 	0.01 	0.0 	0.52 	0.0 	0.11 	0.1 	0.0 	0.01 	0.0 	0.0 	0.04 	0.05 	
138 	0.02 	0.0 	0.05 	0.04 	0.0 	0.0 	0.02 	0.83 	0.02 	0.0 	0.0 	0.0 	0.0 	0.0 	0.0 	0.02 	0.0 	0.0 	0.0 	0.0 	
139 	0.0 	0.02 	0.0 	0.0 	0.0 	0.0 	0.0 	0.0 	0.0 	0.0 	0.04 	0.0 	0.03 	0.79 	0.0 	0.0 	0.0 	0.0 	0.09 	0.0 	
140 	0.08 	0.1 	0.02 	0.0 	0.0 	0.13 	0.21 	0.01 	0.0 	0.03 	0.0 	0.07 	0.02 	0.0 	0.0 	0.05 	0.19 	0.0 	0.0 	0.1 	
141 	0.04 	0.18 	0.0 	0.0 	0.0 	0.04 	0.14 	0.0 	0.05 	0.07 	0.09 	0.11 	0.02 	0.03 	0.07 	0.0 	0.03 	0.0 	0.0 	0.12 	
142 	0.12 	0.03 	0.02 	0.0 	0.02 	0.06 	0.2 	0.05 	0.02 	0.03 	0.0 	0.01 	0.0 	0.04 	0.0 	0.03 	0.13 	0.13 	0.01 	0.09 	
143 	0.14 	0.04 	0.0 	0.09 	0.0 	0.03 	0.03 	0.59 	0.0 	0.0 	0.02 	0.0 	0.0 	0.0 	0.0 	0.02 	0.03 	0.0 	0.0 	0.0 	
144 	0.02 	0.0 	0.0 	0.0 	0.04 	0.16 	0.11 	0.0 	0.04 	0.09 	0.13 	0.0 	0.04 	0.0 	0.0 	0.03 	0.23 	0.0 	0.0 	0.11 	
145 	0.0 	0.1 	0.0 	0.09 	0.0 	0.03 	0.0 	0.03 	0.02 	0.06 	0.38 	0.0 	0.06 	0.02 	0.0 	0.0 	0.0 	0.0 	0.14 	0.05 	
146 	0.05 	0.31 	0.0 	0.03 	0.0 	0.0 	0.0 	0.06 	0.0 	0.0 	0.01 	0.26 	0.03 	0.0 	0.1 	0.01 	0.0 	0.0 	0.0 	0.11 	
147 	0.13 	0.0 	0.03 	0.08 	0.0 	0.29 	0.1 	0.06 	0.04 	0.0 	0.01 	0.08 	0.03 	0.03 	0.0 	0.09 	0.0 	0.0 	0.0 	0.01 	
148 	0.17 	0.0 	0.04 	0.01 	0.0 	0.0 	0.07 	0.01 	0.0 	0.07 	0.01 	0.01 	0.0 	0.07 	0.01 	0.01 	0.03 	0.0 	0.27 	0.22 	
149 	0.12 	0.0 	0.0 	0.0 	0.0 	0.0 	0.09 	0.48 	0.0 	0.04 	0.0 	0.05 	0.04 	0.07 	0.0 	0.04 	0.03 	0.0 	0.03 	0.0 	
150 	0.0 	0.23 	0.0 	0.0 	0.0 	0.07 	0.07 	0.0 	0.0 	0.0 	0.09 	0.04 	0.0 	0.23 	0.06 	0.05 	0.06 	0.0 	0.07 	0.02 	
151 	0.05 	0.05 	0.0 	0.01 	0.0 	0.04 	0.01 	0.01 	0.04 	0.07 	0.1 	0.37 	0.09 	0.0 	0.04 	0.01 	0.08 	0.0 	0.0 	0.04 	
152 	0.01 	0.01 	0.25 	0.04 	0.0 	0.0 	0.04 	0.04 	0.09 	0.01 	0.01 	0.13 	0.0 	0.26 	0.01 	0.01 	0.04 	0.0 	0.0 	0.06 	
153 	0.01 	0.04 	0.0 	0.09 	0.0 	0.0 	0.05 	0.69 	0.0 	0.01 	0.01 	0.01 	0.0 	0.0 	0.01 	0.01 	0.01 	0.05 	0.0 	0.01 	
154 	0.09 	0.33 	0.03 	0.0 	0.0 	0.05 	0.09 	0.29 	0.0 	0.0 	0.01 	0.04 	0.0 	0.0 	0.0 	0.0 	0.04 	0.0 	0.0 	0.0 	
155 	0.01 	0.12 	0.0 	0.0 	0.0 	0.0 	0.05 	0.0 	0.0 	0.0 	0.11 	0.0 	0.0 	0.0 	0.05 	0.0 	0.0 	0.29 	0.33 	0.0 	
156 	0.01 	0.0 	0.0 	0.06 	0.0 	0.04 	0.05 	0.01 	0.11 	0.08 	0.11 	0.0 	0.0 	0.0 	0.05 	0.06 	0.0 	0.11 	0.13 	0.16 	
157 	0.01 	0.0 	0.05 	0.84 	0.0 	0.0 	0.0 	0.01 	0.0 	0.0 	0.01 	0.0 	0.06 	0.0 	0.0 	0.0 	0.0 	0.0 	0.0 	0.0 	
158 	0.15 	0.0 	0.0 	0.0 	0.0 	0.0 	0.0 	0.01 	0.0 	0.07 	0.18 	0.0 	0.06 	0.0 	0.0 	0.01 	0.17 	0.0 	0.0 	0.33 	
159 	0.08 	0.1 	0.12 	0.0 	0.07 	0.0 	0.06 	0.07 	0.0 	0.05 	0.01 	0.1 	0.0 	0.0 	0.0 	0.06 	0.08 	0.0 	0.11 	0.09 	
160 	0.06 	0.05 	0.0 	0.0 	0.0 	0.0 	0.0 	0.01 	0.0 	0.15 	0.15 	0.0 	0.0 	0.25 	0.0 	0.01 	0.0 	0.08 	0.11 	0.12 	
161 	0.0 	0.0 	0.0 	0.0 	0.0 	0.0 	0.0 	0.0 	0.0 	0.07 	0.15 	0.0 	0.41 	0.0 	0.0 	0.0 	0.06 	0.07 	0.24 	0.0 	
162 	0.18 	0.08 	0.0 	0.0 	0.0 	0.37 	0.08 	0.17 	0.0 	0.0 	0.0 	0.06 	0.0 	0.0 	0.0 	0.0 	0.0 	0.0 	0.06 	0.0 	
163 	0.0 	0.5 	0.0 	0.0 	0.0 	0.0 	0.07 	0.0 	0.0 	0.0 	0.32 	0.05 	0.0 	0.0 	0.0 	0.0 	0.07 	0.0 	0.0 	0.0 	
164 	0.0 	0.0 	0.22 	0.09 	0.0 	0.07 	0.13 	0.0 	0.0 	0.09 	0.08 	0.0 	0.0 	0.0 	0.32 	0.0 	0.0 	0.0 	0.0 	0.0 	
165 	0.0 	0.0 	0.0 	0.0 	0.0 	0.0 	0.0 	0.0 	0.0 	0.19 	0.71 	0.0 	0.0 	0.1 	0.0 	0.0 	0.0 	0.0 	0.0 	0.0 	
166 	0.0 	0.0 	0.21 	0.33 	0.0 	0.0 	0.1 	0.22 	0.0 	0.0 	0.0 	0.13 	0.0 	0.0 	0.0 	0.0 	0.0 	0.0 	0.0 	0.0 	
167 	0.31 	0.0 	0.0 	0.0 	0.0 	0.0 	0.32 	0.0 	0.0 	0.0 	0.0 	0.0 	0.0 	0.0 	0.18 	0.2 	0.0 	0.0 	0.0 	0.0 	
168 	0.0 	0.12 	0.0 	0.0 	0.0 	0.0 	0.0 	0.33 	0.12 	0.0 	0.22 	0.0 	0.0 	0.0 	0.22 	0.0 	0.0 	0.0 	0.0 	0.0 	
169 	0.56 	0.0 	0.0 	0.16 	0.0 	0.0 	0.0 	0.0 	0.0 	0.0 	0.0 	0.0 	0.0 	0.0 	0.0 	0.0 	0.28 	0.0 	0.0 	0.0 	
170 	0.36 	0.0 	0.0 	0.23 	0.0 	0.0 	0.0 	0.0 	0.0 	0.0 	0.0 	0.0 	0.0 	0.0 	0.0 	0.0 	0.41 	0.0 	0.0 	0.0 	
171 	0.0 	0.0 	0.0 	0.0 	0.0 	0.0 	0.0 	0.0 	0.0 	0.0 	0.28 	0.27 	0.0 	0.0 	0.0 	0.0 	0.45 	0.0 	0.0 	0.0 	
172 	0.0 	0.0 	0.0 	0.28 	0.0 	0.0 	0.0 	0.0 	0.0 	0.0 	0.5 	0.23 	0.0 	0.0 	0.0 	0.0 	0.0 	0.0 	0.0 	0.0 	
173 	0.0 	0.0 	0.0 	0.0 	0.0 	0.0 	0.0 	0.0 	0.0 	0.28 	0.0 	0.0 	0.0 	0.0 	0.72 	0.0 	0.0 	0.0 	0.0 	0.0 	
174 	0.0 	0.0 	0.0 	0.0 	0.0 	0.0 	0.0 	0.0 	0.0 	0.0 	0.0 	0.0 	0.0 	0.0 	0.5 	0.0 	0.5 	0.0 	0.0 	0.0 	
175 	0.0 	0.0 	0.0 	0.0 	0.0 	0.0 	1.0 	0.0 	0.0 	0.0 	0.0 	0.0 	0.0 	0.0 	0.0 	0.0 	0.0 	0.0 	0.0 	0.0 	
176 	0.0 	0.0 	0.0 	0.0 	0.0 	0.0 	0.0 	0.5 	0.0 	0.0 	0.0 	0.0 	0.0 	0.0 	0.5 	0.0 	0.0 	0.0 	0.0 	0.0 	
177 	0.0 	0.0 	0.0 	0.0 	0.0 	0.0 	0.0 	0.0 	0.0 	0.0 	0.0 	0.0 	0.0 	0.0 	0.0 	0.0 	0.0 	0.0 	0.0 	1.0 	
178 	0.0 	0.0 	0.0 	0.0 	0.0 	0.0 	0.0 	0.0 	0.0 	0.0 	0.5 	0.0 	0.0 	0.0 	0.0 	0.0 	0.0 	0.0 	0.5 	0.0 	
179 	0.0 	0.0 	0.0 	0.0 	0.0 	0.0 	0.0 	0.0 	0.0 	0.0 	0.0 	0.0 	0.0 	0.0 	1.0 	0.0 	0.0 	0.0 	0.0 	0.0 	
180 	0.0 	0.0 	0.0 	0.5 	0.0 	0.0 	0.5 	0.0 	0.0 	0.0 	0.0 	0.0 	0.0 	0.0 	0.0 	0.0 	0.0 	0.0 	0.0 	0.0 	
181 	0.0 	0.0 	0.0 	0.0 	0.0 	0.0 	0.0 	0.0 	0.0 	0.0 	0.0 	0.0 	0.0 	0.0 	0.0 	0.0 	0.0 	0.0 	0.0 	0.0 	
182 	0.0 	0.0 	0.0 	0.0 	0.0 	0.0 	0.0 	0.0 	0.0 	0.0 	0.0 	0.0 	0.0 	0.0 	0.0 	0.0 	0.0 	0.0 	0.0 	0.0 	
183 	0.0 	0.0 	0.0 	0.0 	0.0 	0.0 	0.0 	0.0 	0.0 	0.0 	0.0 	0.0 	0.0 	0.0 	0.0 	0.0 	0.0 	0.0 	0.0 	0.0 	
184 	0.0 	0.0 	0.0 	0.0 	0.0 	0.0 	0.0 	0.0 	0.0 	0.0 	0.0 	0.0 	0.0 	0.0 	0.0 	0.0 	0.0 	0.0 	0.0 	0.0 	
185 	0.0 	0.0 	0.0 	0.0 	0.0 	0.0 	0.0 	0.0 	0.0 	0.0 	0.0 	0.0 	0.0 	0.0 	0.0 	0.0 	0.0 	0.0 	0.0 	0.0 	
