	A 	R 	N 	D 	C 	Q 	E 	G 	H 	I 	L 	K 	M 	F 	P 	S 	T 	W 	Y 	V 	
1 	0.4 	0.0 	0.0 	0.0 	0.0 	0.0 	0.0 	0.0 	0.0 	0.0 	0.0 	0.0 	0.0 	0.0 	0.0 	0.6 	0.0 	0.0 	0.0 	0.0 	
2 	0.0 	0.17 	0.0 	0.0 	0.0 	0.29 	0.14 	0.0 	0.07 	0.0 	0.0 	0.34 	0.0 	0.0 	0.0 	0.0 	0.0 	0.0 	0.0 	0.0 	
3 	0.0 	0.28 	0.0 	0.0 	0.04 	0.0 	0.05 	0.0 	0.0 	0.0 	0.0 	0.14 	0.0 	0.36 	0.0 	0.09 	0.0 	0.0 	0.05 	0.0 	
4 	0.11 	0.0 	0.05 	0.0 	0.03 	0.05 	0.0 	0.0 	0.03 	0.08 	0.15 	0.0 	0.03 	0.0 	0.05 	0.0 	0.06 	0.0 	0.0 	0.36 	
5 	0.0 	0.08 	0.01 	0.04 	0.0 	0.0 	0.19 	0.02 	0.06 	0.0 	0.0 	0.3 	0.0 	0.0 	0.0 	0.17 	0.12 	0.0 	0.02 	0.0 	
6 	0.0 	0.0 	0.0 	0.0 	0.0 	0.0 	0.0 	0.0 	0.01 	0.4 	0.15 	0.0 	0.14 	0.01 	0.0 	0.09 	0.0 	0.0 	0.02 	0.18 	
7 	0.07 	0.09 	0.09 	0.02 	0.0 	0.04 	0.05 	0.14 	0.0 	0.04 	0.09 	0.04 	0.02 	0.0 	0.03 	0.12 	0.14 	0.02 	0.0 	0.01 	
8 	0.07 	0.09 	0.03 	0.0 	0.0 	0.0 	0.08 	0.02 	0.0 	0.04 	0.03 	0.03 	0.0 	0.04 	0.0 	0.16 	0.26 	0.0 	0.02 	0.14 	
9 	0.03 	0.03 	0.05 	0.02 	0.0 	0.02 	0.03 	0.07 	0.0 	0.03 	0.15 	0.11 	0.03 	0.08 	0.04 	0.03 	0.17 	0.0 	0.02 	0.08 	
10 	0.2 	0.02 	0.05 	0.07 	0.0 	0.05 	0.03 	0.08 	0.0 	0.07 	0.05 	0.03 	0.03 	0.0 	0.01 	0.02 	0.11 	0.0 	0.0 	0.16 	
11 	0.03 	0.07 	0.02 	0.12 	0.0 	0.04 	0.06 	0.09 	0.02 	0.03 	0.06 	0.07 	0.0 	0.01 	0.04 	0.08 	0.23 	0.0 	0.0 	0.01 	
12 	0.09 	0.03 	0.03 	0.07 	0.0 	0.04 	0.04 	0.12 	0.0 	0.04 	0.04 	0.03 	0.0 	0.0 	0.27 	0.1 	0.02 	0.0 	0.0 	0.09 	
13 	0.02 	0.02 	0.07 	0.27 	0.0 	0.01 	0.03 	0.43 	0.02 	0.0 	0.03 	0.02 	0.0 	0.0 	0.0 	0.06 	0.02 	0.0 	0.0 	0.0 	
14 	0.02 	0.03 	0.09 	0.11 	0.0 	0.05 	0.04 	0.29 	0.04 	0.01 	0.03 	0.09 	0.0 	0.0 	0.14 	0.02 	0.02 	0.0 	0.0 	0.01 	
15 	0.03 	0.0 	0.0 	0.02 	0.0 	0.0 	0.0 	0.0 	0.02 	0.18 	0.17 	0.01 	0.04 	0.07 	0.09 	0.02 	0.07 	0.0 	0.05 	0.22 	
16 	0.02 	0.24 	0.09 	0.07 	0.0 	0.08 	0.06 	0.02 	0.04 	0.03 	0.02 	0.1 	0.0 	0.0 	0.03 	0.08 	0.09 	0.0 	0.01 	0.01 	
17 	0.02 	0.0 	0.0 	0.0 	0.0 	0.01 	0.0 	0.01 	0.01 	0.25 	0.37 	0.0 	0.08 	0.01 	0.02 	0.0 	0.06 	0.04 	0.04 	0.1 	
18 	0.2 	0.03 	0.06 	0.01 	0.01 	0.01 	0.01 	0.02 	0.22 	0.0 	0.01 	0.0 	0.0 	0.09 	0.01 	0.03 	0.06 	0.07 	0.13 	0.02 	
19 	0.01 	0.01 	0.0 	0.01 	0.01 	0.01 	0.01 	0.01 	0.01 	0.03 	0.04 	0.0 	0.0 	0.07 	0.04 	0.02 	0.02 	0.1 	0.48 	0.13 	
20 	0.04 	0.1 	0.06 	0.08 	0.0 	0.09 	0.19 	0.01 	0.1 	0.03 	0.04 	0.1 	0.0 	0.02 	0.01 	0.02 	0.01 	0.02 	0.01 	0.07 	
21 	0.03 	0.05 	0.05 	0.25 	0.0 	0.04 	0.14 	0.04 	0.01 	0.05 	0.01 	0.02 	0.0 	0.01 	0.02 	0.04 	0.15 	0.0 	0.0 	0.1 	
22 	0.08 	0.02 	0.04 	0.01 	0.04 	0.03 	0.12 	0.05 	0.03 	0.06 	0.04 	0.03 	0.01 	0.02 	0.02 	0.09 	0.07 	0.07 	0.09 	0.08 	
23 	0.06 	0.01 	0.04 	0.02 	0.0 	0.01 	0.01 	0.76 	0.0 	0.01 	0.0 	0.01 	0.0 	0.0 	0.01 	0.02 	0.01 	0.0 	0.0 	0.02 	
24 	0.09 	0.03 	0.09 	0.06 	0.0 	0.08 	0.13 	0.04 	0.02 	0.0 	0.01 	0.05 	0.0 	0.0 	0.12 	0.16 	0.1 	0.0 	0.01 	0.01 	
25 	0.07 	0.02 	0.06 	0.04 	0.0 	0.03 	0.01 	0.51 	0.01 	0.0 	0.02 	0.08 	0.0 	0.01 	0.02 	0.08 	0.03 	0.0 	0.0 	0.01 	
26 	0.07 	0.04 	0.05 	0.06 	0.02 	0.04 	0.09 	0.01 	0.02 	0.01 	0.02 	0.06 	0.01 	0.01 	0.34 	0.04 	0.08 	0.0 	0.02 	0.02 	
27 	0.17 	0.01 	0.03 	0.07 	0.0 	0.0 	0.01 	0.02 	0.02 	0.02 	0.05 	0.02 	0.01 	0.0 	0.34 	0.02 	0.14 	0.01 	0.0 	0.07 	
28 	0.02 	0.0 	0.0 	0.0 	0.0 	0.0 	0.0 	0.0 	0.0 	0.26 	0.3 	0.0 	0.02 	0.04 	0.01 	0.0 	0.01 	0.0 	0.0 	0.32 	
29 	0.01 	0.0 	0.0 	0.0 	0.01 	0.0 	0.0 	0.0 	0.0 	0.19 	0.27 	0.0 	0.01 	0.03 	0.0 	0.0 	0.01 	0.0 	0.01 	0.43 	
30 	0.01 	0.0 	0.0 	0.0 	0.03 	0.0 	0.0 	0.0 	0.0 	0.05 	0.4 	0.0 	0.1 	0.28 	0.0 	0.0 	0.03 	0.01 	0.02 	0.07 	
31 	0.03 	0.0 	0.04 	0.0 	0.05 	0.01 	0.01 	0.0 	0.02 	0.17 	0.41 	0.0 	0.02 	0.03 	0.01 	0.03 	0.01 	0.01 	0.01 	0.14 	
32 	0.03 	0.0 	0.02 	0.0 	0.0 	0.0 	0.0 	0.01 	0.81 	0.0 	0.0 	0.0 	0.0 	0.0 	0.08 	0.03 	0.01 	0.0 	0.0 	0.0 	
33 	0.05 	0.0 	0.01 	0.02 	0.0 	0.0 	0.0 	0.84 	0.0 	0.0 	0.0 	0.02 	0.01 	0.01 	0.03 	0.01 	0.01 	0.0 	0.0 	0.0 	
34 	0.1 	0.01 	0.05 	0.0 	0.0 	0.0 	0.01 	0.15 	0.0 	0.05 	0.17 	0.0 	0.01 	0.15 	0.0 	0.08 	0.01 	0.14 	0.03 	0.03 	
35 	0.06 	0.01 	0.01 	0.01 	0.09 	0.0 	0.0 	0.36 	0.0 	0.0 	0.07 	0.0 	0.0 	0.04 	0.16 	0.08 	0.09 	0.0 	0.0 	0.01 	
36 	0.06 	0.0 	0.01 	0.04 	0.01 	0.01 	0.06 	0.39 	0.04 	0.02 	0.06 	0.0 	0.05 	0.05 	0.04 	0.08 	0.04 	0.0 	0.02 	0.02 	
37 	0.01 	0.0 	0.18 	0.13 	0.01 	0.02 	0.01 	0.16 	0.05 	0.0 	0.01 	0.0 	0.01 	0.01 	0.01 	0.25 	0.09 	0.02 	0.01 	0.0 	
38 	0.18 	0.03 	0.01 	0.0 	0.03 	0.02 	0.0 	0.14 	0.05 	0.01 	0.03 	0.06 	0.01 	0.01 	0.03 	0.24 	0.08 	0.03 	0.0 	0.04 	
39 	0.09 	0.08 	0.03 	0.06 	0.01 	0.03 	0.05 	0.08 	0.12 	0.02 	0.06 	0.04 	0.02 	0.04 	0.01 	0.08 	0.07 	0.05 	0.06 	0.01 	
40 	0.07 	0.03 	0.06 	0.05 	0.04 	0.01 	0.07 	0.08 	0.0 	0.06 	0.06 	0.02 	0.05 	0.06 	0.0 	0.13 	0.04 	0.0 	0.05 	0.12 	
41 	0.01 	0.0 	0.03 	0.01 	0.0 	0.01 	0.01 	0.0 	0.01 	0.0 	0.02 	0.01 	0.01 	0.22 	0.05 	0.01 	0.0 	0.45 	0.13 	0.02 	
42 	0.1 	0.14 	0.03 	0.07 	0.02 	0.09 	0.05 	0.03 	0.06 	0.02 	0.08 	0.04 	0.01 	0.06 	0.01 	0.06 	0.03 	0.0 	0.08 	0.03 	
43 	0.07 	0.06 	0.08 	0.03 	0.03 	0.04 	0.1 	0.04 	0.04 	0.01 	0.04 	0.09 	0.01 	0.03 	0.17 	0.08 	0.03 	0.0 	0.03 	0.01 	
44 	0.02 	0.02 	0.03 	0.04 	0.01 	0.09 	0.02 	0.0 	0.02 	0.17 	0.23 	0.0 	0.03 	0.06 	0.0 	0.01 	0.04 	0.01 	0.02 	0.18 	
45 	0.15 	0.03 	0.03 	0.02 	0.02 	0.01 	0.02 	0.07 	0.02 	0.14 	0.11 	0.04 	0.08 	0.04 	0.01 	0.05 	0.01 	0.0 	0.02 	0.11 	
46 	0.09 	0.07 	0.02 	0.06 	0.0 	0.07 	0.12 	0.02 	0.03 	0.01 	0.01 	0.12 	0.01 	0.01 	0.24 	0.03 	0.05 	0.0 	0.02 	0.01 	
47 	0.16 	0.07 	0.04 	0.04 	0.0 	0.05 	0.1 	0.03 	0.06 	0.02 	0.12 	0.03 	0.02 	0.08 	0.02 	0.04 	0.03 	0.0 	0.05 	0.03 	
48 	0.0 	0.0 	0.01 	0.03 	0.02 	0.0 	0.01 	0.01 	0.0 	0.08 	0.59 	0.01 	0.0 	0.12 	0.0 	0.01 	0.02 	0.01 	0.01 	0.07 	
49 	0.19 	0.05 	0.03 	0.02 	0.02 	0.03 	0.07 	0.05 	0.02 	0.01 	0.04 	0.07 	0.0 	0.0 	0.08 	0.17 	0.1 	0.0 	0.01 	0.03 	
50 	0.15 	0.04 	0.05 	0.16 	0.0 	0.1 	0.12 	0.05 	0.01 	0.0 	0.02 	0.1 	0.0 	0.0 	0.07 	0.09 	0.04 	0.0 	0.0 	0.0 	
51 	0.03 	0.1 	0.04 	0.09 	0.01 	0.04 	0.05 	0.26 	0.14 	0.01 	0.02 	0.07 	0.0 	0.02 	0.01 	0.03 	0.03 	0.01 	0.03 	0.02 	
52 	0.04 	0.03 	0.01 	0.01 	0.02 	0.01 	0.0 	0.04 	0.07 	0.04 	0.05 	0.01 	0.01 	0.23 	0.01 	0.02 	0.03 	0.03 	0.31 	0.02 	
53 	0.05 	0.34 	0.04 	0.03 	0.03 	0.04 	0.05 	0.01 	0.07 	0.01 	0.01 	0.06 	0.0 	0.04 	0.09 	0.04 	0.06 	0.0 	0.01 	0.02 	
54 	0.03 	0.01 	0.0 	0.0 	0.04 	0.01 	0.0 	0.01 	0.0 	0.11 	0.13 	0.0 	0.01 	0.05 	0.01 	0.04 	0.02 	0.01 	0.02 	0.49 	
55 	0.01 	0.01 	0.0 	0.0 	0.04 	0.01 	0.0 	0.0 	0.08 	0.24 	0.14 	0.0 	0.01 	0.04 	0.0 	0.02 	0.04 	0.02 	0.12 	0.21 	
56 	0.29 	0.02 	0.01 	0.0 	0.08 	0.01 	0.01 	0.04 	0.04 	0.02 	0.16 	0.0 	0.02 	0.04 	0.01 	0.07 	0.09 	0.0 	0.02 	0.08 	
57 	0.02 	0.01 	0.01 	0.0 	0.01 	0.0 	0.0 	0.0 	0.01 	0.12 	0.11 	0.01 	0.02 	0.12 	0.16 	0.02 	0.01 	0.02 	0.1 	0.24 	
58 	0.01 	0.01 	0.11 	0.71 	0.01 	0.03 	0.01 	0.01 	0.02 	0.01 	0.01 	0.0 	0.01 	0.0 	0.01 	0.04 	0.01 	0.0 	0.0 	0.01 	
59 	0.09 	0.03 	0.03 	0.01 	0.02 	0.09 	0.0 	0.03 	0.06 	0.03 	0.33 	0.0 	0.05 	0.04 	0.02 	0.01 	0.01 	0.02 	0.08 	0.04 	
60 	0.04 	0.28 	0.01 	0.01 	0.0 	0.0 	0.01 	0.01 	0.0 	0.05 	0.09 	0.03 	0.01 	0.01 	0.37 	0.02 	0.01 	0.0 	0.0 	0.03 	
61 	0.04 	0.01 	0.04 	0.02 	0.01 	0.01 	0.01 	0.77 	0.0 	0.0 	0.01 	0.0 	0.0 	0.01 	0.01 	0.02 	0.0 	0.0 	0.02 	0.01 	
62 	0.05 	0.02 	0.01 	0.01 	0.06 	0.05 	0.0 	0.0 	0.26 	0.02 	0.04 	0.01 	0.02 	0.16 	0.0 	0.04 	0.07 	0.04 	0.13 	0.02 	
63 	0.03 	0.01 	0.03 	0.02 	0.01 	0.01 	0.03 	0.77 	0.0 	0.0 	0.01 	0.01 	0.0 	0.0 	0.01 	0.02 	0.01 	0.0 	0.01 	0.0 	
64 	0.06 	0.14 	0.05 	0.08 	0.01 	0.05 	0.08 	0.09 	0.04 	0.02 	0.07 	0.08 	0.01 	0.05 	0.05 	0.03 	0.03 	0.01 	0.03 	0.03 	
65 	0.07 	0.03 	0.05 	0.01 	0.0 	0.0 	0.02 	0.01 	0.01 	0.0 	0.01 	0.01 	0.0 	0.0 	0.01 	0.61 	0.13 	0.0 	0.01 	0.01 	
66 	0.07 	0.08 	0.01 	0.16 	0.0 	0.05 	0.08 	0.04 	0.01 	0.01 	0.01 	0.04 	0.0 	0.01 	0.13 	0.17 	0.07 	0.01 	0.02 	0.02 	
67 	0.11 	0.07 	0.03 	0.05 	0.01 	0.03 	0.05 	0.13 	0.04 	0.05 	0.03 	0.1 	0.01 	0.03 	0.08 	0.07 	0.05 	0.01 	0.0 	0.04 	
68 	0.05 	0.03 	0.03 	0.06 	0.02 	0.02 	0.04 	0.01 	0.04 	0.09 	0.11 	0.01 	0.01 	0.05 	0.21 	0.07 	0.05 	0.01 	0.03 	0.06 	
69 	0.11 	0.05 	0.05 	0.08 	0.01 	0.02 	0.07 	0.02 	0.02 	0.01 	0.04 	0.03 	0.02 	0.01 	0.24 	0.08 	0.06 	0.01 	0.02 	0.05 	
70 	0.09 	0.03 	0.04 	0.11 	0.03 	0.02 	0.11 	0.11 	0.06 	0.02 	0.03 	0.04 	0.02 	0.04 	0.05 	0.06 	0.06 	0.01 	0.0 	0.06 	
71 	0.05 	0.06 	0.02 	0.15 	0.0 	0.02 	0.07 	0.1 	0.02 	0.05 	0.08 	0.03 	0.0 	0.05 	0.11 	0.03 	0.04 	0.0 	0.04 	0.08 	
72 	0.05 	0.03 	0.03 	0.03 	0.01 	0.03 	0.05 	0.1 	0.03 	0.03 	0.08 	0.01 	0.05 	0.07 	0.03 	0.07 	0.05 	0.04 	0.21 	0.02 	
73 	0.02 	0.04 	0.05 	0.11 	0.01 	0.03 	0.02 	0.07 	0.01 	0.01 	0.02 	0.01 	0.0 	0.04 	0.01 	0.21 	0.29 	0.0 	0.03 	0.01 	
74 	0.05 	0.03 	0.01 	0.02 	0.02 	0.01 	0.01 	0.01 	0.01 	0.16 	0.23 	0.02 	0.06 	0.07 	0.05 	0.02 	0.03 	0.01 	0.09 	0.09 	
75 	0.12 	0.07 	0.03 	0.19 	0.01 	0.05 	0.2 	0.05 	0.03 	0.02 	0.02 	0.06 	0.01 	0.01 	0.04 	0.04 	0.04 	0.01 	0.01 	0.02 	
76 	0.07 	0.04 	0.03 	0.25 	0.0 	0.08 	0.12 	0.04 	0.04 	0.01 	0.02 	0.02 	0.02 	0.01 	0.01 	0.05 	0.11 	0.01 	0.02 	0.06 	
77 	0.03 	0.01 	0.02 	0.03 	0.0 	0.04 	0.01 	0.01 	0.05 	0.05 	0.18 	0.01 	0.17 	0.1 	0.0 	0.02 	0.02 	0.09 	0.08 	0.07 	
78 	0.32 	0.03 	0.02 	0.02 	0.03 	0.01 	0.04 	0.02 	0.0 	0.03 	0.04 	0.01 	0.01 	0.01 	0.01 	0.06 	0.07 	0.01 	0.01 	0.27 	
79 	0.1 	0.11 	0.04 	0.16 	0.01 	0.06 	0.2 	0.02 	0.03 	0.01 	0.04 	0.1 	0.0 	0.01 	0.0 	0.03 	0.04 	0.0 	0.0 	0.02 	
80 	0.1 	0.02 	0.01 	0.28 	0.01 	0.04 	0.09 	0.01 	0.03 	0.04 	0.09 	0.01 	0.04 	0.02 	0.03 	0.05 	0.03 	0.03 	0.02 	0.05 	
81 	0.05 	0.01 	0.01 	0.01 	0.01 	0.09 	0.01 	0.01 	0.0 	0.16 	0.3 	0.0 	0.04 	0.04 	0.01 	0.01 	0.02 	0.0 	0.02 	0.2 	
82 	0.19 	0.09 	0.02 	0.03 	0.01 	0.03 	0.1 	0.01 	0.04 	0.05 	0.12 	0.09 	0.02 	0.03 	0.03 	0.03 	0.02 	0.01 	0.03 	0.07 	
83 	0.17 	0.1 	0.04 	0.07 	0.02 	0.09 	0.12 	0.05 	0.02 	0.02 	0.03 	0.08 	0.01 	0.02 	0.01 	0.05 	0.06 	0.0 	0.03 	0.01 	
84 	0.07 	0.02 	0.0 	0.0 	0.01 	0.03 	0.02 	0.02 	0.02 	0.09 	0.32 	0.0 	0.02 	0.09 	0.0 	0.03 	0.03 	0.06 	0.01 	0.17 	
85 	0.1 	0.06 	0.01 	0.0 	0.02 	0.01 	0.01 	0.01 	0.01 	0.18 	0.3 	0.01 	0.06 	0.04 	0.0 	0.01 	0.03 	0.01 	0.01 	0.12 	
86 	0.04 	0.05 	0.06 	0.24 	0.01 	0.08 	0.17 	0.02 	0.02 	0.03 	0.03 	0.09 	0.01 	0.01 	0.03 	0.04 	0.04 	0.0 	0.01 	0.03 	
87 	0.18 	0.07 	0.02 	0.04 	0.01 	0.08 	0.05 	0.02 	0.14 	0.01 	0.03 	0.08 	0.02 	0.02 	0.02 	0.1 	0.05 	0.01 	0.05 	0.02 	
88 	0.05 	0.03 	0.03 	0.01 	0.01 	0.02 	0.01 	0.01 	0.03 	0.06 	0.47 	0.03 	0.02 	0.07 	0.01 	0.02 	0.03 	0.02 	0.03 	0.04 	
89 	0.04 	0.04 	0.09 	0.07 	0.0 	0.06 	0.05 	0.34 	0.02 	0.03 	0.02 	0.08 	0.0 	0.03 	0.04 	0.04 	0.01 	0.01 	0.02 	0.02 	
90 	0.04 	0.02 	0.03 	0.02 	0.01 	0.03 	0.02 	0.03 	0.02 	0.26 	0.24 	0.03 	0.01 	0.04 	0.06 	0.03 	0.02 	0.01 	0.02 	0.08 	
91 	0.03 	0.08 	0.06 	0.16 	0.01 	0.05 	0.14 	0.04 	0.03 	0.01 	0.03 	0.08 	0.0 	0.02 	0.11 	0.05 	0.06 	0.0 	0.01 	0.02 	
92 	0.05 	0.12 	0.03 	0.06 	0.02 	0.08 	0.08 	0.11 	0.03 	0.02 	0.02 	0.15 	0.0 	0.0 	0.06 	0.09 	0.04 	0.0 	0.02 	0.02 	
93 	0.08 	0.1 	0.05 	0.02 	0.01 	0.05 	0.02 	0.02 	0.01 	0.04 	0.09 	0.13 	0.0 	0.04 	0.15 	0.02 	0.04 	0.04 	0.03 	0.05 	
94 	0.15 	0.02 	0.01 	0.0 	0.05 	0.03 	0.02 	0.0 	0.02 	0.1 	0.07 	0.02 	0.02 	0.14 	0.01 	0.02 	0.04 	0.01 	0.07 	0.19 	
95 	0.18 	0.01 	0.02 	0.02 	0.03 	0.01 	0.0 	0.02 	0.1 	0.16 	0.06 	0.01 	0.02 	0.05 	0.01 	0.03 	0.03 	0.03 	0.04 	0.17 	
96 	0.03 	0.0 	0.0 	0.0 	0.02 	0.02 	0.0 	0.03 	0.0 	0.12 	0.34 	0.0 	0.03 	0.07 	0.01 	0.01 	0.01 	0.05 	0.02 	0.22 	
97 	0.07 	0.0 	0.0 	0.0 	0.02 	0.01 	0.0 	0.1 	0.01 	0.12 	0.14 	0.0 	0.05 	0.03 	0.0 	0.03 	0.01 	0.02 	0.02 	0.35 	
98 	0.07 	0.02 	0.0 	0.0 	0.0 	0.0 	0.0 	0.74 	0.02 	0.01 	0.01 	0.0 	0.0 	0.02 	0.01 	0.05 	0.02 	0.0 	0.0 	0.01 	
99 	0.03 	0.01 	0.03 	0.02 	0.0 	0.05 	0.03 	0.08 	0.35 	0.03 	0.02 	0.02 	0.02 	0.04 	0.03 	0.08 	0.03 	0.05 	0.06 	0.03 	
100 	0.03 	0.0 	0.01 	0.13 	0.01 	0.02 	0.0 	0.04 	0.02 	0.0 	0.01 	0.0 	0.01 	0.01 	0.0 	0.7 	0.02 	0.0 	0.0 	0.0 	
101 	0.05 	0.01 	0.0 	0.01 	0.01 	0.03 	0.0 	0.08 	0.02 	0.04 	0.27 	0.0 	0.23 	0.04 	0.0 	0.01 	0.01 	0.13 	0.05 	0.03 	
102 	0.03 	0.0 	0.0 	0.0 	0.0 	0.0 	0.0 	0.89 	0.02 	0.0 	0.0 	0.0 	0.0 	0.0 	0.0 	0.05 	0.0 	0.0 	0.0 	0.0 	
103 	0.16 	0.0 	0.01 	0.02 	0.02 	0.0 	0.0 	0.64 	0.0 	0.0 	0.0 	0.0 	0.0 	0.0 	0.0 	0.09 	0.02 	0.02 	0.0 	0.01 	
104 	0.16 	0.05 	0.02 	0.0 	0.01 	0.02 	0.03 	0.04 	0.04 	0.07 	0.12 	0.02 	0.14 	0.08 	0.02 	0.04 	0.03 	0.02 	0.06 	0.05 	
105 	0.01 	0.01 	0.02 	0.0 	0.01 	0.06 	0.01 	0.02 	0.01 	0.2 	0.19 	0.02 	0.04 	0.04 	0.01 	0.04 	0.05 	0.0 	0.03 	0.22 	
106 	0.48 	0.0 	0.01 	0.0 	0.04 	0.01 	0.01 	0.13 	0.0 	0.03 	0.07 	0.0 	0.02 	0.01 	0.0 	0.09 	0.04 	0.0 	0.0 	0.09 	
107 	0.08 	0.05 	0.01 	0.0 	0.01 	0.05 	0.0 	0.02 	0.01 	0.07 	0.31 	0.0 	0.1 	0.04 	0.01 	0.04 	0.1 	0.03 	0.01 	0.05 	
108 	0.09 	0.08 	0.08 	0.04 	0.01 	0.05 	0.13 	0.02 	0.07 	0.04 	0.11 	0.03 	0.02 	0.02 	0.02 	0.02 	0.04 	0.02 	0.08 	0.03 	
109 	0.15 	0.0 	0.01 	0.0 	0.01 	0.01 	0.0 	0.0 	0.01 	0.04 	0.21 	0.0 	0.05 	0.15 	0.0 	0.01 	0.02 	0.11 	0.15 	0.08 	
110 	0.56 	0.0 	0.01 	0.01 	0.02 	0.0 	0.01 	0.06 	0.0 	0.01 	0.09 	0.01 	0.03 	0.01 	0.01 	0.09 	0.04 	0.0 	0.01 	0.04 	
111 	0.12 	0.07 	0.03 	0.05 	0.05 	0.05 	0.04 	0.02 	0.02 	0.07 	0.25 	0.04 	0.04 	0.01 	0.0 	0.04 	0.03 	0.01 	0.02 	0.06 	
112 	0.07 	0.14 	0.03 	0.09 	0.01 	0.1 	0.08 	0.01 	0.04 	0.02 	0.07 	0.09 	0.03 	0.02 	0.01 	0.05 	0.09 	0.0 	0.03 	0.01 	
113 	0.04 	0.05 	0.06 	0.01 	0.01 	0.02 	0.04 	0.1 	0.16 	0.01 	0.06 	0.02 	0.01 	0.1 	0.02 	0.01 	0.02 	0.01 	0.22 	0.02 	
114 	0.04 	0.04 	0.01 	0.01 	0.01 	0.03 	0.02 	0.02 	0.02 	0.01 	0.02 	0.03 	0.01 	0.0 	0.62 	0.04 	0.04 	0.0 	0.0 	0.02 	
115 	0.1 	0.02 	0.03 	0.19 	0.01 	0.07 	0.25 	0.04 	0.04 	0.01 	0.01 	0.05 	0.0 	0.01 	0.04 	0.1 	0.02 	0.0 	0.0 	0.01 	
116 	0.03 	0.33 	0.04 	0.05 	0.0 	0.06 	0.03 	0.05 	0.03 	0.01 	0.11 	0.12 	0.05 	0.01 	0.01 	0.03 	0.02 	0.01 	0.02 	0.02 	
117 	0.03 	0.0 	0.0 	0.01 	0.01 	0.0 	0.01 	0.01 	0.01 	0.16 	0.15 	0.0 	0.02 	0.05 	0.01 	0.01 	0.02 	0.02 	0.01 	0.47 	
118 	0.13 	0.15 	0.02 	0.04 	0.03 	0.04 	0.09 	0.06 	0.04 	0.01 	0.05 	0.14 	0.01 	0.01 	0.04 	0.08 	0.03 	0.0 	0.01 	0.01 	
119 	0.17 	0.07 	0.03 	0.0 	0.0 	0.02 	0.02 	0.26 	0.03 	0.0 	0.01 	0.17 	0.01 	0.01 	0.0 	0.13 	0.04 	0.0 	0.01 	0.01 	
120 	0.12 	0.0 	0.01 	0.0 	0.03 	0.01 	0.0 	0.04 	0.0 	0.1 	0.43 	0.01 	0.03 	0.02 	0.0 	0.01 	0.02 	0.0 	0.02 	0.14 	
121 	0.09 	0.0 	0.0 	0.01 	0.03 	0.0 	0.0 	0.01 	0.0 	0.26 	0.05 	0.0 	0.02 	0.02 	0.0 	0.01 	0.06 	0.0 	0.01 	0.41 	
122 	0.06 	0.0 	0.01 	0.01 	0.01 	0.0 	0.0 	0.02 	0.01 	0.09 	0.33 	0.0 	0.04 	0.08 	0.05 	0.06 	0.04 	0.0 	0.01 	0.17 	
123 	0.04 	0.02 	0.0 	0.02 	0.02 	0.01 	0.06 	0.01 	0.03 	0.23 	0.17 	0.0 	0.1 	0.02 	0.01 	0.05 	0.02 	0.0 	0.0 	0.19 	
124 	0.21 	0.01 	0.17 	0.14 	0.01 	0.01 	0.05 	0.14 	0.01 	0.01 	0.02 	0.01 	0.0 	0.01 	0.01 	0.15 	0.02 	0.0 	0.01 	0.01 	
125 	0.14 	0.02 	0.03 	0.0 	0.03 	0.01 	0.0 	0.13 	0.0 	0.08 	0.02 	0.0 	0.01 	0.02 	0.13 	0.16 	0.14 	0.01 	0.01 	0.06 	
126 	0.11 	0.03 	0.02 	0.02 	0.01 	0.01 	0.03 	0.07 	0.02 	0.05 	0.06 	0.01 	0.02 	0.07 	0.11 	0.12 	0.06 	0.07 	0.01 	0.08 	
127 	0.15 	0.01 	0.02 	0.02 	0.03 	0.01 	0.02 	0.09 	0.02 	0.02 	0.09 	0.02 	0.03 	0.06 	0.18 	0.09 	0.06 	0.0 	0.03 	0.05 	
128 	0.03 	0.13 	0.03 	0.04 	0.01 	0.03 	0.02 	0.1 	0.01 	0.04 	0.09 	0.06 	0.03 	0.05 	0.07 	0.1 	0.06 	0.01 	0.03 	0.05 	
129 	0.1 	0.02 	0.01 	0.07 	0.0 	0.02 	0.03 	0.06 	0.04 	0.06 	0.16 	0.02 	0.01 	0.03 	0.24 	0.05 	0.04 	0.0 	0.01 	0.02 	
130 	0.07 	0.02 	0.07 	0.14 	0.01 	0.04 	0.07 	0.03 	0.05 	0.01 	0.05 	0.04 	0.06 	0.03 	0.08 	0.1 	0.09 	0.0 	0.02 	0.03 	
131 	0.15 	0.03 	0.08 	0.08 	0.0 	0.03 	0.04 	0.04 	0.01 	0.03 	0.05 	0.02 	0.03 	0.02 	0.1 	0.12 	0.06 	0.07 	0.04 	0.02 	
132 	0.08 	0.01 	0.03 	0.03 	0.01 	0.06 	0.06 	0.02 	0.07 	0.04 	0.06 	0.02 	0.02 	0.04 	0.24 	0.03 	0.05 	0.07 	0.02 	0.04 	
133 	0.09 	0.03 	0.07 	0.11 	0.03 	0.06 	0.11 	0.05 	0.02 	0.05 	0.04 	0.03 	0.05 	0.03 	0.03 	0.05 	0.05 	0.03 	0.03 	0.04 	
134 	0.14 	0.06 	0.03 	0.01 	0.01 	0.05 	0.06 	0.1 	0.0 	0.12 	0.06 	0.02 	0.01 	0.05 	0.06 	0.05 	0.06 	0.04 	0.03 	0.06 	
135 	0.09 	0.14 	0.02 	0.04 	0.0 	0.05 	0.09 	0.03 	0.02 	0.03 	0.05 	0.1 	0.04 	0.04 	0.06 	0.07 	0.03 	0.04 	0.02 	0.06 	
136 	0.11 	0.04 	0.04 	0.06 	0.05 	0.07 	0.16 	0.04 	0.03 	0.02 	0.02 	0.07 	0.03 	0.07 	0.06 	0.03 	0.03 	0.01 	0.06 	0.02 	
137 	0.09 	0.03 	0.07 	0.05 	0.0 	0.04 	0.1 	0.09 	0.01 	0.02 	0.06 	0.03 	0.02 	0.1 	0.04 	0.06 	0.06 	0.04 	0.02 	0.07 	
138 	0.05 	0.14 	0.04 	0.06 	0.0 	0.08 	0.03 	0.05 	0.01 	0.08 	0.11 	0.03 	0.06 	0.07 	0.06 	0.02 	0.02 	0.03 	0.02 	0.03 	
139 	0.04 	0.16 	0.06 	0.08 	0.0 	0.08 	0.06 	0.03 	0.04 	0.04 	0.05 	0.08 	0.0 	0.02 	0.04 	0.07 	0.04 	0.01 	0.02 	0.06 	
140 	0.08 	0.12 	0.03 	0.06 	0.01 	0.1 	0.07 	0.05 	0.03 	0.01 	0.06 	0.11 	0.01 	0.05 	0.03 	0.05 	0.01 	0.05 	0.03 	0.03 	
141 	0.07 	0.01 	0.01 	0.01 	0.0 	0.02 	0.03 	0.01 	0.01 	0.14 	0.23 	0.03 	0.08 	0.06 	0.02 	0.02 	0.07 	0.05 	0.01 	0.1 	
142 	0.24 	0.03 	0.03 	0.03 	0.0 	0.02 	0.04 	0.07 	0.01 	0.05 	0.11 	0.04 	0.04 	0.03 	0.06 	0.09 	0.02 	0.01 	0.02 	0.04 	
143 	0.07 	0.04 	0.05 	0.06 	0.0 	0.09 	0.18 	0.03 	0.04 	0.01 	0.07 	0.06 	0.02 	0.03 	0.03 	0.08 	0.05 	0.0 	0.06 	0.03 	
144 	0.1 	0.08 	0.05 	0.09 	0.01 	0.06 	0.05 	0.05 	0.02 	0.01 	0.14 	0.09 	0.03 	0.03 	0.01 	0.05 	0.04 	0.02 	0.03 	0.04 	
145 	0.07 	0.03 	0.02 	0.02 	0.0 	0.0 	0.02 	0.02 	0.02 	0.1 	0.23 	0.02 	0.02 	0.17 	0.06 	0.02 	0.04 	0.01 	0.04 	0.07 	
146 	0.05 	0.12 	0.05 	0.04 	0.0 	0.03 	0.03 	0.03 	0.05 	0.06 	0.08 	0.05 	0.04 	0.04 	0.04 	0.08 	0.03 	0.03 	0.1 	0.04 	
147 	0.08 	0.17 	0.04 	0.04 	0.0 	0.03 	0.03 	0.1 	0.02 	0.01 	0.08 	0.07 	0.03 	0.04 	0.01 	0.06 	0.07 	0.01 	0.05 	0.04 	
148 	0.05 	0.03 	0.06 	0.09 	0.01 	0.06 	0.16 	0.08 	0.01 	0.01 	0.07 	0.06 	0.02 	0.03 	0.03 	0.06 	0.11 	0.02 	0.05 	0.01 	
149 	0.06 	0.04 	0.05 	0.08 	0.01 	0.04 	0.04 	0.14 	0.02 	0.06 	0.06 	0.03 	0.01 	0.06 	0.11 	0.03 	0.06 	0.02 	0.03 	0.06 	
150 	0.08 	0.05 	0.04 	0.02 	0.01 	0.03 	0.11 	0.06 	0.01 	0.03 	0.09 	0.04 	0.03 	0.01 	0.2 	0.08 	0.08 	0.0 	0.01 	0.02 	
151 	0.12 	0.12 	0.03 	0.06 	0.01 	0.04 	0.05 	0.1 	0.01 	0.03 	0.05 	0.04 	0.01 	0.02 	0.04 	0.12 	0.06 	0.02 	0.03 	0.02 	
152 	0.05 	0.03 	0.03 	0.04 	0.01 	0.03 	0.05 	0.06 	0.02 	0.03 	0.11 	0.04 	0.02 	0.22 	0.04 	0.03 	0.03 	0.01 	0.11 	0.03 	
153 	0.06 	0.02 	0.03 	0.02 	0.01 	0.01 	0.01 	0.04 	0.02 	0.09 	0.24 	0.02 	0.03 	0.08 	0.05 	0.04 	0.06 	0.02 	0.04 	0.11 	
154 	0.16 	0.03 	0.01 	0.03 	0.0 	0.04 	0.07 	0.03 	0.03 	0.02 	0.12 	0.05 	0.02 	0.06 	0.06 	0.09 	0.03 	0.0 	0.05 	0.08 	
155 	0.13 	0.04 	0.06 	0.13 	0.0 	0.04 	0.14 	0.05 	0.02 	0.05 	0.09 	0.11 	0.01 	0.01 	0.02 	0.04 	0.02 	0.02 	0.01 	0.02 	
156 	0.05 	0.07 	0.03 	0.07 	0.0 	0.15 	0.17 	0.05 	0.01 	0.03 	0.04 	0.06 	0.04 	0.05 	0.05 	0.06 	0.03 	0.01 	0.02 	0.02 	
157 	0.08 	0.05 	0.03 	0.02 	0.02 	0.02 	0.04 	0.04 	0.02 	0.04 	0.1 	0.03 	0.1 	0.06 	0.04 	0.04 	0.1 	0.06 	0.02 	0.08 	
158 	0.08 	0.01 	0.01 	0.01 	0.01 	0.02 	0.04 	0.01 	0.02 	0.14 	0.28 	0.02 	0.09 	0.05 	0.03 	0.01 	0.03 	0.01 	0.04 	0.09 	
159 	0.09 	0.05 	0.04 	0.02 	0.0 	0.06 	0.07 	0.17 	0.01 	0.04 	0.08 	0.05 	0.01 	0.06 	0.11 	0.07 	0.04 	0.0 	0.01 	0.03 	
160 	0.05 	0.16 	0.07 	0.04 	0.0 	0.07 	0.05 	0.05 	0.07 	0.02 	0.07 	0.09 	0.01 	0.02 	0.03 	0.08 	0.05 	0.01 	0.02 	0.03 	
161 	0.05 	0.07 	0.01 	0.02 	0.01 	0.02 	0.04 	0.04 	0.02 	0.04 	0.17 	0.03 	0.05 	0.13 	0.04 	0.03 	0.03 	0.05 	0.12 	0.05 	
162 	0.05 	0.02 	0.02 	0.05 	0.04 	0.01 	0.01 	0.05 	0.02 	0.07 	0.12 	0.02 	0.05 	0.11 	0.08 	0.08 	0.05 	0.0 	0.06 	0.09 	
163 	0.22 	0.02 	0.03 	0.02 	0.02 	0.02 	0.04 	0.04 	0.01 	0.03 	0.07 	0.03 	0.02 	0.14 	0.06 	0.11 	0.05 	0.0 	0.06 	0.03 	
164 	0.07 	0.1 	0.02 	0.12 	0.0 	0.07 	0.09 	0.06 	0.03 	0.01 	0.08 	0.09 	0.03 	0.02 	0.04 	0.06 	0.03 	0.02 	0.03 	0.02 	
165 	0.1 	0.04 	0.04 	0.04 	0.0 	0.09 	0.05 	0.05 	0.04 	0.01 	0.08 	0.07 	0.02 	0.01 	0.06 	0.13 	0.05 	0.05 	0.01 	0.06 	
166 	0.06 	0.06 	0.01 	0.08 	0.01 	0.01 	0.07 	0.06 	0.02 	0.05 	0.15 	0.03 	0.03 	0.06 	0.05 	0.08 	0.06 	0.01 	0.02 	0.08 	
167 	0.08 	0.03 	0.03 	0.05 	0.02 	0.03 	0.02 	0.06 	0.01 	0.06 	0.15 	0.03 	0.02 	0.14 	0.02 	0.06 	0.05 	0.02 	0.08 	0.04 	
168 	0.06 	0.23 	0.04 	0.03 	0.0 	0.07 	0.11 	0.07 	0.02 	0.01 	0.07 	0.1 	0.03 	0.01 	0.02 	0.08 	0.02 	0.0 	0.01 	0.02 	
169 	0.06 	0.04 	0.15 	0.11 	0.01 	0.05 	0.05 	0.06 	0.04 	0.04 	0.05 	0.04 	0.01 	0.05 	0.02 	0.09 	0.07 	0.0 	0.01 	0.05 	
170 	0.08 	0.05 	0.1 	0.1 	0.0 	0.05 	0.08 	0.03 	0.06 	0.04 	0.1 	0.02 	0.01 	0.02 	0.05 	0.09 	0.03 	0.03 	0.03 	0.02 	
171 	0.07 	0.09 	0.02 	0.05 	0.0 	0.07 	0.06 	0.02 	0.0 	0.03 	0.05 	0.08 	0.01 	0.04 	0.22 	0.06 	0.07 	0.01 	0.02 	0.04 	
172 	0.05 	0.1 	0.05 	0.1 	0.0 	0.07 	0.24 	0.03 	0.02 	0.01 	0.06 	0.04 	0.02 	0.03 	0.03 	0.07 	0.04 	0.0 	0.03 	0.02 	
173 	0.07 	0.02 	0.02 	0.06 	0.02 	0.03 	0.06 	0.03 	0.02 	0.06 	0.16 	0.03 	0.04 	0.09 	0.02 	0.04 	0.05 	0.02 	0.03 	0.12 	
174 	0.11 	0.03 	0.01 	0.07 	0.01 	0.04 	0.06 	0.03 	0.01 	0.1 	0.17 	0.04 	0.05 	0.03 	0.03 	0.03 	0.03 	0.0 	0.02 	0.14 	
175 	0.06 	0.09 	0.04 	0.11 	0.01 	0.06 	0.17 	0.02 	0.02 	0.03 	0.04 	0.11 	0.01 	0.01 	0.03 	0.04 	0.05 	0.01 	0.02 	0.05 	
176 	0.09 	0.13 	0.03 	0.04 	0.0 	0.11 	0.11 	0.04 	0.03 	0.03 	0.04 	0.1 	0.01 	0.01 	0.01 	0.09 	0.05 	0.02 	0.03 	0.04 	
177 	0.05 	0.03 	0.01 	0.03 	0.02 	0.01 	0.05 	0.05 	0.02 	0.08 	0.25 	0.01 	0.03 	0.08 	0.02 	0.03 	0.03 	0.02 	0.11 	0.05 	
178 	0.11 	0.24 	0.01 	0.04 	0.0 	0.03 	0.08 	0.05 	0.01 	0.01 	0.06 	0.14 	0.01 	0.01 	0.02 	0.04 	0.04 	0.03 	0.02 	0.04 	
179 	0.08 	0.09 	0.07 	0.06 	0.0 	0.08 	0.1 	0.03 	0.05 	0.02 	0.04 	0.09 	0.0 	0.02 	0.03 	0.12 	0.05 	0.02 	0.04 	0.01 	
180 	0.09 	0.05 	0.04 	0.03 	0.01 	0.06 	0.06 	0.05 	0.06 	0.02 	0.12 	0.03 	0.07 	0.09 	0.05 	0.03 	0.03 	0.02 	0.02 	0.07 	
181 	0.11 	0.04 	0.03 	0.02 	0.01 	0.02 	0.02 	0.06 	0.02 	0.1 	0.2 	0.02 	0.03 	0.05 	0.01 	0.04 	0.04 	0.03 	0.02 	0.13 	
182 	0.12 	0.04 	0.05 	0.03 	0.01 	0.02 	0.02 	0.04 	0.02 	0.07 	0.18 	0.03 	0.03 	0.05 	0.04 	0.07 	0.02 	0.03 	0.05 	0.06 	
183 	0.08 	0.14 	0.07 	0.05 	0.01 	0.06 	0.07 	0.07 	0.09 	0.01 	0.02 	0.04 	0.01 	0.03 	0.03 	0.09 	0.04 	0.03 	0.03 	0.03 	
184 	0.09 	0.1 	0.04 	0.06 	0.02 	0.07 	0.01 	0.1 	0.04 	0.02 	0.05 	0.04 	0.03 	0.15 	0.03 	0.05 	0.04 	0.02 	0.01 	0.03 	
185 	0.05 	0.02 	0.08 	0.07 	0.01 	0.05 	0.04 	0.06 	0.01 	0.04 	0.03 	0.02 	0.05 	0.03 	0.23 	0.06 	0.07 	0.02 	0.03 	0.03 	
186 	0.06 	0.03 	0.1 	0.04 	0.01 	0.04 	0.04 	0.08 	0.01 	0.04 	0.08 	0.03 	0.05 	0.03 	0.18 	0.07 	0.04 	0.0 	0.02 	0.05 	
187 	0.03 	0.09 	0.05 	0.07 	0.01 	0.09 	0.16 	0.02 	0.03 	0.04 	0.04 	0.05 	0.01 	0.03 	0.13 	0.04 	0.05 	0.0 	0.01 	0.05 	
188 	0.07 	0.04 	0.07 	0.08 	0.0 	0.03 	0.1 	0.14 	0.05 	0.02 	0.02 	0.05 	0.02 	0.07 	0.03 	0.1 	0.04 	0.0 	0.03 	0.02 	
189 	0.08 	0.02 	0.09 	0.04 	0.01 	0.0 	0.03 	0.04 	0.0 	0.06 	0.13 	0.02 	0.02 	0.06 	0.07 	0.04 	0.09 	0.03 	0.06 	0.11 	
190 	0.13 	0.03 	0.02 	0.04 	0.01 	0.01 	0.1 	0.03 	0.03 	0.04 	0.17 	0.05 	0.06 	0.04 	0.05 	0.05 	0.05 	0.02 	0.04 	0.05 	
191 	0.11 	0.05 	0.09 	0.03 	0.01 	0.06 	0.03 	0.03 	0.02 	0.02 	0.18 	0.05 	0.02 	0.03 	0.01 	0.08 	0.06 	0.01 	0.05 	0.06 	
192 	0.15 	0.06 	0.02 	0.03 	0.02 	0.06 	0.05 	0.07 	0.03 	0.02 	0.11 	0.02 	0.01 	0.08 	0.03 	0.11 	0.05 	0.03 	0.04 	0.03 	
193 	0.15 	0.1 	0.02 	0.02 	0.02 	0.01 	0.03 	0.17 	0.02 	0.06 	0.07 	0.04 	0.01 	0.06 	0.03 	0.04 	0.05 	0.01 	0.04 	0.06 	
194 	0.05 	0.05 	0.02 	0.03 	0.01 	0.03 	0.04 	0.02 	0.01 	0.13 	0.25 	0.04 	0.04 	0.04 	0.01 	0.03 	0.07 	0.03 	0.03 	0.07 	
195 	0.11 	0.03 	0.11 	0.09 	0.01 	0.03 	0.06 	0.11 	0.03 	0.02 	0.02 	0.09 	0.01 	0.03 	0.01 	0.12 	0.07 	0.0 	0.03 	0.02 	
196 	0.1 	0.01 	0.03 	0.02 	0.0 	0.02 	0.03 	0.02 	0.01 	0.11 	0.24 	0.01 	0.07 	0.06 	0.06 	0.04 	0.07 	0.02 	0.04 	0.04 	
197 	0.13 	0.03 	0.03 	0.06 	0.0 	0.02 	0.03 	0.04 	0.0 	0.03 	0.26 	0.05 	0.03 	0.06 	0.02 	0.04 	0.05 	0.0 	0.08 	0.06 	
198 	0.05 	0.05 	0.05 	0.05 	0.05 	0.05 	0.05 	0.05 	0.05 	0.05 	0.05 	0.05 	0.05 	0.05 	0.05 	0.05 	0.05 	0.05 	0.05 	0.05 	
199 	0.09 	0.09 	0.08 	0.05 	0.0 	0.09 	0.05 	0.05 	0.04 	0.04 	0.04 	0.04 	0.03 	0.06 	0.04 	0.04 	0.05 	0.03 	0.05 	0.04 	
200 	0.09 	0.04 	0.03 	0.03 	0.0 	0.03 	0.04 	0.04 	0.03 	0.06 	0.07 	0.02 	0.02 	0.08 	0.11 	0.05 	0.08 	0.05 	0.05 	0.06 	
201 	0.05 	0.05 	0.05 	0.05 	0.05 	0.05 	0.05 	0.05 	0.0 	0.05 	0.05 	0.05 	0.05 	0.05 	0.05 	0.05 	0.05 	0.05 	0.05 	0.05 	
202 	0.05 	0.05 	0.05 	0.05 	0.05 	0.05 	0.05 	0.05 	0.05 	0.05 	0.05 	0.05 	0.05 	0.05 	0.05 	0.05 	0.05 	0.05 	0.05 	0.05 	
203 	0.07 	0.2 	0.04 	0.03 	0.03 	0.02 	0.04 	0.07 	0.03 	0.04 	0.03 	0.03 	0.03 	0.03 	0.02 	0.07 	0.11 	0.04 	0.03 	0.04 	
204 	0.08 	0.04 	0.05 	0.1 	0.0 	0.05 	0.12 	0.07 	0.06 	0.03 	0.04 	0.06 	0.03 	0.03 	0.07 	0.05 	0.05 	0.0 	0.03 	0.03 	
205 	0.09 	0.08 	0.05 	0.05 	0.0 	0.05 	0.08 	0.05 	0.03 	0.05 	0.07 	0.06 	0.04 	0.03 	0.06 	0.04 	0.04 	0.04 	0.03 	0.05 	
206 	0.05 	0.05 	0.03 	0.02 	0.0 	0.02 	0.02 	0.04 	0.02 	0.05 	0.41 	0.02 	0.03 	0.04 	0.02 	0.03 	0.04 	0.0 	0.02 	0.06 	
207 	0.05 	0.05 	0.05 	0.05 	0.05 	0.05 	0.05 	0.05 	0.05 	0.05 	0.05 	0.05 	0.05 	0.0 	0.05 	0.05 	0.05 	0.05 	0.05 	0.05 	
208 	0.09 	0.08 	0.04 	0.08 	0.03 	0.07 	0.08 	0.05 	0.04 	0.03 	0.04 	0.11 	0.03 	0.03 	0.03 	0.07 	0.07 	0.0 	0.03 	0.0 	
209 	0.06 	0.06 	0.0 	0.06 	0.05 	0.0 	0.06 	0.06 	0.05 	0.06 	0.06 	0.06 	0.05 	0.05 	0.06 	0.06 	0.06 	0.05 	0.05 	0.06 	
210 	0.05 	0.05 	0.04 	0.09 	0.03 	0.05 	0.05 	0.05 	0.02 	0.02 	0.03 	0.13 	0.02 	0.02 	0.08 	0.11 	0.13 	0.0 	0.02 	0.03 	
211 	0.1 	0.02 	0.02 	0.02 	0.1 	0.04 	0.02 	0.06 	0.03 	0.1 	0.06 	0.05 	0.04 	0.04 	0.02 	0.03 	0.1 	0.0 	0.02 	0.14 	
212 	0.02 	0.09 	0.02 	0.02 	0.0 	0.02 	0.05 	0.0 	0.01 	0.0 	0.0 	0.08 	0.0 	0.0 	0.63 	0.02 	0.01 	0.0 	0.0 	0.0 	
213 	0.06 	0.03 	0.0 	0.0 	0.03 	0.0 	0.0 	0.02 	0.0 	0.08 	0.05 	0.02 	0.02 	0.11 	0.02 	0.05 	0.2 	0.02 	0.02 	0.25 	
214 	0.04 	0.02 	0.02 	0.0 	0.03 	0.03 	0.01 	0.01 	0.03 	0.04 	0.5 	0.01 	0.03 	0.03 	0.02 	0.02 	0.03 	0.0 	0.06 	0.05 	
215 	0.02 	0.05 	0.01 	0.0 	0.01 	0.0 	0.0 	0.02 	0.02 	0.21 	0.15 	0.0 	0.04 	0.13 	0.01 	0.02 	0.02 	0.03 	0.08 	0.18 	
216 	0.04 	0.01 	0.0 	0.01 	0.01 	0.0 	0.0 	0.01 	0.0 	0.29 	0.22 	0.01 	0.06 	0.07 	0.0 	0.01 	0.04 	0.0 	0.01 	0.19 	
217 	0.1 	0.03 	0.04 	0.01 	0.06 	0.05 	0.01 	0.06 	0.09 	0.01 	0.04 	0.03 	0.01 	0.05 	0.01 	0.08 	0.04 	0.09 	0.1 	0.07 	
218 	0.14 	0.0 	0.01 	0.0 	0.02 	0.0 	0.0 	0.58 	0.0 	0.04 	0.0 	0.0 	0.01 	0.05 	0.0 	0.06 	0.03 	0.0 	0.01 	0.02 	
219 	0.07 	0.12 	0.03 	0.12 	0.0 	0.04 	0.15 	0.07 	0.01 	0.01 	0.05 	0.06 	0.03 	0.0 	0.01 	0.07 	0.12 	0.0 	0.02 	0.02 	
220 	0.04 	0.08 	0.05 	0.18 	0.01 	0.07 	0.05 	0.02 	0.03 	0.01 	0.08 	0.1 	0.01 	0.01 	0.02 	0.14 	0.04 	0.01 	0.04 	0.01 	
221 	0.01 	0.0 	0.01 	0.79 	0.0 	0.0 	0.01 	0.03 	0.01 	0.0 	0.0 	0.01 	0.0 	0.0 	0.01 	0.09 	0.0 	0.0 	0.0 	0.01 	
222 	0.07 	0.12 	0.03 	0.02 	0.0 	0.06 	0.04 	0.06 	0.03 	0.03 	0.06 	0.05 	0.04 	0.03 	0.1 	0.05 	0.03 	0.07 	0.03 	0.07 	
223 	0.08 	0.0 	0.02 	0.01 	0.03 	0.01 	0.01 	0.02 	0.01 	0.1 	0.32 	0.03 	0.03 	0.11 	0.01 	0.02 	0.02 	0.02 	0.04 	0.12 	
224 	0.04 	0.01 	0.02 	0.04 	0.03 	0.01 	0.01 	0.01 	0.02 	0.12 	0.09 	0.01 	0.02 	0.1 	0.0 	0.06 	0.06 	0.0 	0.07 	0.26 	
225 	0.01 	0.03 	0.02 	0.08 	0.01 	0.01 	0.02 	0.04 	0.02 	0.01 	0.02 	0.03 	0.01 	0.01 	0.49 	0.06 	0.08 	0.01 	0.02 	0.01 	
226 	0.1 	0.05 	0.01 	0.03 	0.01 	0.03 	0.07 	0.02 	0.01 	0.06 	0.1 	0.04 	0.03 	0.03 	0.14 	0.05 	0.05 	0.02 	0.04 	0.11 	
227 	0.08 	0.05 	0.02 	0.13 	0.0 	0.07 	0.17 	0.04 	0.05 	0.01 	0.04 	0.09 	0.0 	0.01 	0.01 	0.11 	0.04 	0.0 	0.03 	0.03 	
228 	0.1 	0.03 	0.03 	0.04 	0.04 	0.07 	0.09 	0.06 	0.04 	0.04 	0.07 	0.03 	0.05 	0.03 	0.02 	0.05 	0.05 	0.01 	0.05 	0.1 	
229 	0.2 	0.01 	0.0 	0.01 	0.0 	0.15 	0.01 	0.08 	0.01 	0.07 	0.06 	0.02 	0.06 	0.04 	0.01 	0.15 	0.04 	0.01 	0.02 	0.06 	
230 	0.04 	0.14 	0.03 	0.07 	0.0 	0.08 	0.21 	0.03 	0.02 	0.01 	0.06 	0.1 	0.01 	0.0 	0.06 	0.02 	0.03 	0.03 	0.02 	0.02 	
231 	0.12 	0.09 	0.03 	0.07 	0.03 	0.09 	0.12 	0.03 	0.04 	0.03 	0.07 	0.06 	0.01 	0.03 	0.01 	0.04 	0.03 	0.05 	0.03 	0.03 	
232 	0.06 	0.01 	0.02 	0.0 	0.0 	0.02 	0.02 	0.01 	0.0 	0.12 	0.36 	0.01 	0.17 	0.06 	0.01 	0.01 	0.02 	0.02 	0.03 	0.06 	
233 	0.25 	0.05 	0.02 	0.06 	0.01 	0.07 	0.03 	0.01 	0.05 	0.07 	0.05 	0.08 	0.01 	0.02 	0.01 	0.06 	0.01 	0.0 	0.05 	0.08 	
234 	0.13 	0.12 	0.05 	0.07 	0.0 	0.06 	0.14 	0.05 	0.02 	0.01 	0.01 	0.19 	0.01 	0.01 	0.01 	0.07 	0.02 	0.02 	0.0 	0.01 	
235 	0.12 	0.07 	0.08 	0.02 	0.0 	0.06 	0.06 	0.05 	0.08 	0.02 	0.16 	0.06 	0.02 	0.02 	0.0 	0.07 	0.05 	0.02 	0.03 	0.01 	
236 	0.05 	0.02 	0.04 	0.02 	0.02 	0.01 	0.01 	0.02 	0.01 	0.13 	0.24 	0.02 	0.05 	0.13 	0.01 	0.04 	0.02 	0.05 	0.05 	0.07 	
237 	0.06 	0.02 	0.05 	0.03 	0.0 	0.02 	0.02 	0.05 	0.0 	0.01 	0.02 	0.08 	0.01 	0.0 	0.54 	0.04 	0.04 	0.0 	0.0 	0.02 	
238 	0.04 	0.05 	0.21 	0.08 	0.01 	0.05 	0.04 	0.11 	0.08 	0.01 	0.02 	0.1 	0.0 	0.01 	0.06 	0.04 	0.03 	0.01 	0.02 	0.03 	
239 	0.28 	0.01 	0.03 	0.01 	0.03 	0.01 	0.02 	0.04 	0.04 	0.03 	0.04 	0.04 	0.0 	0.05 	0.01 	0.17 	0.09 	0.0 	0.03 	0.08 	
240 	0.03 	0.13 	0.03 	0.06 	0.0 	0.16 	0.17 	0.01 	0.03 	0.01 	0.02 	0.07 	0.0 	0.01 	0.03 	0.06 	0.13 	0.01 	0.02 	0.03 	
241 	0.04 	0.03 	0.01 	0.02 	0.02 	0.01 	0.01 	0.01 	0.02 	0.07 	0.29 	0.02 	0.02 	0.1 	0.01 	0.05 	0.02 	0.03 	0.06 	0.15 	
242 	0.04 	0.04 	0.0 	0.02 	0.01 	0.05 	0.09 	0.02 	0.13 	0.07 	0.11 	0.08 	0.02 	0.03 	0.0 	0.02 	0.02 	0.01 	0.04 	0.18 	
243 	0.02 	0.03 	0.01 	0.03 	0.0 	0.04 	0.15 	0.01 	0.03 	0.15 	0.11 	0.04 	0.02 	0.01 	0.0 	0.02 	0.06 	0.01 	0.02 	0.22 	
244 	0.01 	0.01 	0.0 	0.0 	0.01 	0.0 	0.01 	0.0 	0.01 	0.28 	0.17 	0.01 	0.08 	0.15 	0.0 	0.01 	0.04 	0.01 	0.04 	0.15 	
245 	0.11 	0.04 	0.04 	0.08 	0.0 	0.03 	0.17 	0.04 	0.02 	0.01 	0.02 	0.07 	0.0 	0.01 	0.23 	0.09 	0.03 	0.0 	0.01 	0.01 	
246 	0.03 	0.05 	0.13 	0.17 	0.01 	0.05 	0.08 	0.19 	0.04 	0.01 	0.01 	0.07 	0.0 	0.01 	0.04 	0.07 	0.02 	0.01 	0.02 	0.01 	
247 	0.3 	0.01 	0.0 	0.0 	0.1 	0.0 	0.03 	0.22 	0.01 	0.02 	0.01 	0.01 	0.01 	0.02 	0.02 	0.14 	0.04 	0.0 	0.02 	0.03 	
248 	0.05 	0.02 	0.03 	0.07 	0.0 	0.01 	0.01 	0.59 	0.01 	0.0 	0.01 	0.01 	0.0 	0.0 	0.02 	0.11 	0.04 	0.0 	0.02 	0.0 	
249 	0.0 	0.01 	0.01 	0.01 	0.0 	0.0 	0.0 	0.02 	0.93 	0.0 	0.0 	0.0 	0.0 	0.0 	0.0 	0.01 	0.0 	0.0 	0.01 	0.0 	
250 	0.15 	0.0 	0.05 	0.12 	0.02 	0.02 	0.01 	0.02 	0.02 	0.02 	0.09 	0.01 	0.07 	0.17 	0.01 	0.05 	0.02 	0.09 	0.03 	0.03 	
251 	0.17 	0.0 	0.0 	0.01 	0.03 	0.0 	0.0 	0.06 	0.01 	0.1 	0.09 	0.0 	0.03 	0.04 	0.21 	0.04 	0.03 	0.01 	0.0 	0.16 	
252 	0.01 	0.0 	0.04 	0.01 	0.0 	0.16 	0.0 	0.01 	0.13 	0.01 	0.08 	0.0 	0.07 	0.28 	0.04 	0.03 	0.03 	0.01 	0.08 	0.02 	
253 	0.04 	0.03 	0.02 	0.02 	0.01 	0.03 	0.12 	0.01 	0.01 	0.1 	0.3 	0.01 	0.05 	0.07 	0.01 	0.01 	0.01 	0.05 	0.02 	0.1 	
254 	0.02 	0.01 	0.01 	0.18 	0.02 	0.02 	0.3 	0.03 	0.01 	0.04 	0.04 	0.01 	0.01 	0.0 	0.0 	0.17 	0.09 	0.0 	0.01 	0.05 	
255 	0.06 	0.09 	0.07 	0.07 	0.01 	0.13 	0.18 	0.0 	0.12 	0.0 	0.02 	0.14 	0.01 	0.02 	0.01 	0.04 	0.01 	0.0 	0.0 	0.02 	
256 	0.1 	0.02 	0.03 	0.01 	0.01 	0.02 	0.0 	0.02 	0.03 	0.01 	0.01 	0.01 	0.01 	0.02 	0.6 	0.06 	0.04 	0.0 	0.01 	0.01 	
257 	0.1 	0.05 	0.02 	0.2 	0.0 	0.14 	0.25 	0.05 	0.03 	0.0 	0.01 	0.05 	0.0 	0.0 	0.02 	0.02 	0.04 	0.0 	0.0 	0.02 	
258 	0.12 	0.06 	0.02 	0.05 	0.0 	0.1 	0.23 	0.05 	0.01 	0.03 	0.05 	0.11 	0.01 	0.01 	0.02 	0.03 	0.06 	0.0 	0.01 	0.04 	
259 	0.01 	0.0 	0.0 	0.0 	0.01 	0.01 	0.0 	0.0 	0.0 	0.08 	0.15 	0.0 	0.05 	0.29 	0.0 	0.01 	0.06 	0.01 	0.07 	0.24 	
260 	0.25 	0.01 	0.19 	0.02 	0.05 	0.01 	0.01 	0.05 	0.05 	0.08 	0.07 	0.0 	0.02 	0.02 	0.01 	0.05 	0.04 	0.0 	0.01 	0.06 	
261 	0.12 	0.11 	0.03 	0.08 	0.0 	0.11 	0.17 	0.02 	0.01 	0.02 	0.03 	0.1 	0.0 	0.01 	0.04 	0.07 	0.05 	0.0 	0.02 	0.01 	
262 	0.19 	0.04 	0.01 	0.03 	0.02 	0.02 	0.03 	0.02 	0.02 	0.14 	0.18 	0.02 	0.04 	0.0 	0.03 	0.06 	0.04 	0.0 	0.03 	0.07 	
263 	0.03 	0.0 	0.0 	0.0 	0.0 	0.01 	0.0 	0.0 	0.0 	0.23 	0.39 	0.0 	0.05 	0.04 	0.0 	0.01 	0.01 	0.0 	0.01 	0.21 	
264 	0.08 	0.13 	0.03 	0.02 	0.03 	0.05 	0.06 	0.03 	0.02 	0.08 	0.19 	0.08 	0.02 	0.0 	0.0 	0.04 	0.04 	0.01 	0.01 	0.07 	
265 	0.1 	0.07 	0.06 	0.22 	0.0 	0.07 	0.17 	0.05 	0.02 	0.01 	0.01 	0.07 	0.0 	0.01 	0.01 	0.07 	0.02 	0.0 	0.04 	0.0 	
266 	0.0 	0.0 	0.0 	0.0 	0.01 	0.0 	0.0 	0.01 	0.05 	0.06 	0.02 	0.0 	0.0 	0.7 	0.0 	0.01 	0.01 	0.1 	0.02 	0.01 	
267 	0.02 	0.0 	0.0 	0.0 	0.01 	0.01 	0.0 	0.0 	0.0 	0.12 	0.63 	0.01 	0.04 	0.03 	0.0 	0.0 	0.0 	0.02 	0.01 	0.1 	
268 	0.14 	0.14 	0.1 	0.06 	0.0 	0.15 	0.1 	0.0 	0.0 	0.0 	0.02 	0.2 	0.0 	0.0 	0.01 	0.04 	0.03 	0.0 	0.0 	0.0 	
269 	0.02 	0.21 	0.02 	0.05 	0.0 	0.11 	0.13 	0.06 	0.01 	0.01 	0.01 	0.2 	0.0 	0.0 	0.0 	0.15 	0.01 	0.0 	0.01 	0.0 	
270 	0.05 	0.0 	0.03 	0.0 	0.01 	0.01 	0.0 	0.0 	0.0 	0.16 	0.29 	0.0 	0.01 	0.11 	0.0 	0.01 	0.02 	0.0 	0.07 	0.24 	
271 	0.06 	0.03 	0.13 	0.17 	0.0 	0.14 	0.12 	0.01 	0.11 	0.03 	0.02 	0.03 	0.01 	0.01 	0.01 	0.03 	0.0 	0.0 	0.08 	0.0 	
272 	0.15 	0.03 	0.16 	0.21 	0.0 	0.0 	0.02 	0.02 	0.0 	0.0 	0.0 	0.0 	0.0 	0.0 	0.02 	0.2 	0.17 	0.0 	0.0 	0.02 	
273 	0.19 	0.05 	0.04 	0.0 	0.0 	0.0 	0.15 	0.0 	0.09 	0.0 	0.03 	0.28 	0.0 	0.0 	0.04 	0.13 	0.0 	0.0 	0.0 	0.0 	
274 	0.47 	0.0 	0.0 	0.0 	0.0 	0.0 	0.0 	0.0 	0.0 	0.0 	0.0 	0.0 	0.0 	0.0 	0.0 	0.46 	0.07 	0.0 	0.0 	0.0 	
