	A 	R 	N 	D 	C 	Q 	E 	G 	H 	I 	L 	K 	M 	F 	P 	S 	T 	W 	Y 	V 	
1 	0.0 	0.0 	0.0 	0.0 	0.0 	0.0 	0.0 	0.0 	0.0 	0.0 	0.0 	0.0 	0.0 	0.0 	0.0 	0.0 	0.0 	0.0 	0.0 	0.0 	
2 	0.0 	0.0 	0.0 	0.0 	0.0 	0.0 	0.0 	0.0 	0.0 	0.0 	0.0 	0.0 	1.0 	0.0 	0.0 	0.0 	0.0 	0.0 	0.0 	0.0 	
3 	1.0 	0.0 	0.0 	0.0 	0.0 	0.0 	0.0 	0.0 	0.0 	0.0 	0.0 	0.0 	0.0 	0.0 	0.0 	0.0 	0.0 	0.0 	0.0 	0.0 	
4 	0.0 	0.0 	0.75 	0.25 	0.0 	0.0 	0.0 	0.0 	0.0 	0.0 	0.0 	0.0 	0.0 	0.0 	0.0 	0.0 	0.0 	0.0 	0.0 	0.0 	
5 	0.0 	0.75 	0.0 	0.0 	0.0 	0.0 	0.0 	0.0 	0.0 	0.0 	0.0 	0.0 	0.0 	0.25 	0.0 	0.0 	0.0 	0.0 	0.0 	0.0 	
6 	0.0 	0.0 	0.0 	0.0 	0.0 	0.0 	0.0 	0.0 	0.0 	0.0 	0.25 	0.0 	0.0 	0.0 	0.0 	0.0 	0.75 	0.0 	0.0 	0.0 	
7 	0.25 	0.0 	0.0 	0.17 	0.0 	0.0 	0.0 	0.0 	0.0 	0.0 	0.0 	0.0 	0.0 	0.0 	0.0 	0.0 	0.0 	0.0 	0.0 	0.57 	
8 	0.0 	0.25 	0.0 	0.0 	0.0 	0.0 	0.0 	0.0 	0.0 	0.0 	0.0 	0.57 	0.0 	0.0 	0.17 	0.0 	0.0 	0.0 	0.0 	0.0 	
9 	0.0 	0.0 	0.0 	0.69 	0.0 	0.0 	0.14 	0.0 	0.0 	0.0 	0.17 	0.0 	0.0 	0.0 	0.0 	0.0 	0.0 	0.0 	0.0 	0.0 	
10 	0.75 	0.0 	0.0 	0.0 	0.0 	0.0 	0.0 	0.0 	0.0 	0.0 	0.0 	0.0 	0.0 	0.0 	0.0 	0.0 	0.0 	0.0 	0.25 	0.0 	
11 	0.0 	0.25 	0.11 	0.0 	0.0 	0.0 	0.0 	0.0 	0.32 	0.0 	0.0 	0.31 	0.0 	0.0 	0.0 	0.0 	0.0 	0.0 	0.0 	0.0 	
12 	0.0 	0.0 	0.31 	0.0 	0.0 	0.0 	0.0 	0.0 	0.0 	0.0 	0.0 	0.0 	0.0 	0.0 	0.0 	0.69 	0.0 	0.0 	0.0 	0.0 	
13 	0.25 	0.0 	0.0 	0.0 	0.0 	0.0 	0.0 	0.0 	0.0 	0.38 	0.0 	0.0 	0.0 	0.0 	0.0 	0.0 	0.0 	0.0 	0.0 	0.36 	
14 	0.0 	0.17 	0.0 	0.0 	0.0 	0.0 	0.0 	0.0 	0.83 	0.0 	0.0 	0.0 	0.0 	0.0 	0.0 	0.0 	0.0 	0.0 	0.0 	0.0 	
15 	0.0 	0.0 	0.0 	0.0 	0.0 	0.0 	0.25 	0.75 	0.0 	0.0 	0.0 	0.0 	0.0 	0.0 	0.0 	0.0 	0.0 	0.0 	0.0 	0.0 	
16 	0.0 	0.0 	0.0 	0.0 	0.0 	0.0 	0.0 	0.0 	0.0 	0.0 	0.0 	0.0 	0.25 	0.0 	0.0 	0.0 	0.75 	0.0 	0.0 	0.0 	
17 	0.0 	0.0 	0.75 	0.0 	0.0 	0.0 	0.0 	0.0 	0.0 	0.0 	0.25 	0.0 	0.0 	0.0 	0.0 	0.0 	0.0 	0.0 	0.0 	0.0 	
18 	0.0 	0.0 	0.0 	0.0 	0.0 	0.0 	0.0 	0.0 	0.0 	0.0 	0.0 	0.0 	0.0 	0.0 	1.0 	0.0 	0.0 	0.0 	0.0 	0.0 	
19 	0.0 	0.0 	0.0 	0.0 	0.0 	0.75 	0.0 	0.0 	0.0 	0.0 	0.0 	0.0 	0.0 	0.0 	0.0 	0.0 	0.25 	0.0 	0.0 	0.0 	
20 	0.0 	0.0 	0.17 	0.0 	0.0 	0.0 	0.0 	0.0 	0.0 	0.0 	0.0 	0.0 	0.0 	0.25 	0.0 	0.0 	0.0 	0.0 	0.57 	0.0 	
21 	0.0 	0.0 	0.0 	0.0 	0.0 	0.0 	0.0 	0.0 	0.0 	0.0 	1.0 	0.0 	0.0 	0.0 	0.0 	0.0 	0.0 	0.0 	0.0 	0.0 	
22 	0.0 	0.0 	0.0 	0.0 	0.0 	0.0 	0.0 	0.0 	0.0 	0.24 	0.4 	0.0 	0.0 	0.0 	0.0 	0.0 	0.0 	0.0 	0.0 	0.36 	
23 	0.0 	0.0 	0.25 	0.0 	0.0 	0.0 	0.6 	0.15 	0.0 	0.0 	0.0 	0.0 	0.0 	0.0 	0.0 	0.0 	0.0 	0.0 	0.0 	0.0 	
24 	0.0 	0.0 	0.0 	0.0 	0.0 	0.0 	0.0 	0.0 	0.0 	0.0 	0.0 	0.75 	0.0 	0.0 	0.25 	0.0 	0.0 	0.0 	0.0 	0.0 	
25 	0.0 	0.0 	0.0 	0.0 	0.0 	0.0 	0.0 	0.0 	0.0 	0.6 	0.0 	0.0 	0.25 	0.0 	0.0 	0.0 	0.0 	0.0 	0.0 	0.15 	
26 	0.0 	0.0 	0.0 	0.0 	0.0 	0.0 	0.0 	0.0 	0.0 	0.59 	0.3 	0.0 	0.0 	0.0 	0.0 	0.0 	0.0 	0.0 	0.0 	0.1 	
27 	0.0 	0.6 	0.0 	0.0 	0.0 	0.0 	0.0 	0.0 	0.0 	0.0 	0.25 	0.0 	0.0 	0.0 	0.0 	0.15 	0.0 	0.0 	0.0 	0.0 	
28 	0.0 	0.0 	0.0 	0.0 	0.0 	0.0 	0.15 	0.0 	0.0 	0.0 	0.0 	0.0 	0.15 	0.0 	0.0 	0.09 	0.61 	0.0 	0.0 	0.0 	
29 	0.0 	0.49 	0.4 	0.0 	0.0 	0.0 	0.0 	0.0 	0.0 	0.0 	0.0 	0.1 	0.0 	0.0 	0.0 	0.0 	0.0 	0.0 	0.0 	0.0 	
30 	0.0 	0.0 	0.0 	0.0 	0.0 	0.0 	0.0 	0.0 	0.0 	0.87 	0.0 	0.0 	0.0 	0.0 	0.0 	0.0 	0.0 	0.0 	0.0 	0.13 	
31 	0.0 	0.0 	0.0 	0.0 	0.0 	0.0 	0.0 	0.0 	0.0 	0.0 	0.4 	0.0 	0.0 	0.0 	0.0 	0.0 	0.0 	0.0 	0.45 	0.15 	
32 	0.0 	0.0 	0.0 	0.24 	0.0 	0.1 	0.26 	0.0 	0.0 	0.0 	0.0 	0.0 	0.0 	0.0 	0.0 	0.4 	0.0 	0.0 	0.0 	0.0 	
33 	0.0 	0.0 	0.0 	0.0 	0.0 	0.0 	0.0 	0.0 	0.1 	0.0 	0.0 	0.0 	0.0 	0.0 	0.0 	0.9 	0.0 	0.0 	0.0 	0.0 	
34 	0.0 	0.0 	0.0 	0.15 	0.0 	0.0 	0.0 	0.0 	0.0 	0.15 	0.0 	0.34 	0.0 	0.0 	0.25 	0.0 	0.1 	0.0 	0.0 	0.0 	
35 	0.0 	0.0 	0.0 	0.0 	0.0 	0.0 	0.0 	0.0 	0.0 	0.0 	0.0 	0.0 	0.0 	0.1 	0.0 	0.0 	0.0 	0.0 	0.9 	0.0 	
36 	0.0 	0.0 	0.0 	0.0 	0.0 	0.0 	0.0 	0.0 	0.0 	0.0 	0.0 	0.0 	0.0 	0.4 	0.0 	0.0 	0.0 	0.6 	0.0 	0.0 	
37 	0.0 	0.0 	0.0 	0.0 	0.0 	0.0 	0.0 	0.0 	0.0 	0.0 	0.0 	1.0 	0.0 	0.0 	0.0 	0.0 	0.0 	0.0 	0.0 	0.0 	
38 	0.0 	0.0 	0.0 	0.0 	0.0 	0.0 	0.75 	0.0 	0.0 	0.0 	0.0 	0.0 	0.0 	0.0 	0.0 	0.0 	0.0 	0.0 	0.0 	0.25 	
39 	0.01 	0.01 	0.01 	0.01 	0.0 	0.6 	0.26 	0.01 	0.0 	0.01 	0.01 	0.01 	0.0 	0.01 	0.01 	0.01 	0.01 	0.0 	0.0 	0.01 	
40 	0.0 	0.0 	0.0 	0.0 	0.6 	0.0 	0.0 	0.0 	0.0 	0.0 	0.4 	0.0 	0.0 	0.0 	0.0 	0.0 	0.0 	0.0 	0.0 	0.0 	
41 	0.0 	0.0 	0.0 	0.0 	0.0 	0.0 	0.0 	0.0 	0.0 	0.0 	0.0 	0.0 	0.0 	0.6 	0.0 	0.0 	0.0 	0.0 	0.4 	0.0 	
42 	0.09 	0.0 	0.0 	0.0 	0.0 	0.0 	0.25 	0.66 	0.0 	0.0 	0.0 	0.0 	0.0 	0.0 	0.0 	0.0 	0.0 	0.0 	0.0 	0.0 	
43 	0.0 	0.0 	0.0 	0.0 	0.0 	0.0 	0.0 	0.0 	0.0 	0.0 	1.0 	0.0 	0.0 	0.0 	0.0 	0.0 	0.0 	0.0 	0.0 	0.0 	
44 	0.0 	0.0 	0.15 	0.0 	0.0 	0.0 	0.0 	0.0 	0.0 	0.0 	0.0 	0.0 	0.0 	0.0 	0.0 	0.0 	0.85 	0.0 	0.0 	0.0 	
45 	0.6 	0.0 	0.0 	0.0 	0.0 	0.0 	0.0 	0.0 	0.0 	0.0 	0.0 	0.0 	0.0 	0.0 	0.0 	0.0 	0.0 	0.0 	0.4 	0.0 	
46 	0.0 	0.0 	0.0 	0.0 	0.15 	0.0 	0.45 	0.0 	0.4 	0.0 	0.0 	0.0 	0.0 	0.0 	0.0 	0.0 	0.0 	0.0 	0.0 	0.0 	
47 	0.0 	0.0 	0.0 	0.0 	0.0 	0.0 	0.4 	0.0 	0.0 	0.0 	0.34 	0.0 	0.0 	0.0 	0.0 	0.15 	0.1 	0.0 	0.0 	0.0 	
48 	0.0 	0.0 	0.0 	0.0 	0.0 	0.0 	0.0 	0.0 	0.0 	0.0 	0.34 	0.0 	0.0 	0.0 	0.0 	0.0 	0.0 	0.0 	0.0 	0.66 	
49 	0.0 	0.0 	0.0 	0.0 	0.0 	0.0 	0.0 	0.0 	0.0 	0.15 	0.0 	0.0 	0.0 	0.0 	0.0 	0.0 	0.0 	0.0 	0.0 	0.85 	
50 	0.0 	0.0 	0.0 	1.0 	0.0 	0.0 	0.0 	0.0 	0.0 	0.0 	0.0 	0.0 	0.0 	0.0 	0.0 	0.0 	0.0 	0.0 	0.0 	0.0 	
51 	0.0 	0.15 	0.0 	0.0 	0.0 	0.0 	0.4 	0.0 	0.0 	0.0 	0.0 	0.45 	0.0 	0.0 	0.0 	0.0 	0.0 	0.0 	0.0 	0.0 	
52 	0.6 	0.0 	0.0 	0.0 	0.0 	0.0 	0.0 	0.0 	0.0 	0.4 	0.0 	0.0 	0.0 	0.0 	0.0 	0.0 	0.0 	0.0 	0.0 	0.0 	
53 	0.0 	0.0 	0.0 	0.0 	0.0 	0.0 	0.0 	0.0 	0.0 	0.0 	0.0 	0.0 	0.45 	0.0 	0.0 	0.0 	0.0 	0.0 	0.4 	0.15 	
54 	0.0 	0.15 	0.0 	0.0 	0.0 	0.15 	0.45 	0.0 	0.0 	0.0 	0.0 	0.25 	0.0 	0.0 	0.0 	0.0 	0.0 	0.0 	0.0 	0.0 	
55 	0.0 	0.0 	0.0 	0.0 	0.0 	0.0 	0.0 	0.0 	0.0 	0.0 	0.6 	0.0 	0.0 	0.0 	0.0 	0.0 	0.0 	0.0 	0.0 	0.4 	
56 	0.0 	0.15 	0.28 	0.1 	0.0 	0.0 	0.15 	0.0 	0.0 	0.0 	0.0 	0.19 	0.0 	0.0 	0.0 	0.0 	0.12 	0.0 	0.0 	0.0 	
57 	0.0 	0.0 	0.0 	0.0 	0.0 	0.0 	0.0 	0.0 	0.51 	0.0 	0.0 	0.0 	0.0 	0.34 	0.0 	0.0 	0.0 	0.0 	0.15 	0.0 	
58 	0.0 	0.0 	0.0 	0.0 	0.0 	0.0 	0.0 	0.0 	0.0 	0.15 	0.1 	0.0 	0.0 	0.0 	0.0 	0.0 	0.0 	0.0 	0.0 	0.74 	
59 	0.0 	0.0 	0.0 	0.0 	0.0 	0.0 	0.4 	0.6 	0.0 	0.0 	0.0 	0.0 	0.0 	0.0 	0.0 	0.0 	0.0 	0.0 	0.0 	0.0 	
60 	0.0 	0.0 	0.0 	0.0 	0.0 	0.0 	0.0 	0.6 	0.0 	0.0 	0.0 	0.0 	0.0 	0.0 	0.4 	0.0 	0.0 	0.0 	0.0 	0.0 	
61 	0.0 	0.0 	0.0 	0.0 	0.0 	0.15 	0.0 	0.0 	0.0 	0.0 	0.0 	0.0 	0.0 	0.0 	0.0 	0.0 	0.1 	0.4 	0.0 	0.34 	
62 	0.0 	0.0 	0.0 	0.0 	0.0 	0.0 	0.25 	0.0 	0.0 	0.0 	0.0 	0.0 	0.15 	0.1 	0.0 	0.0 	0.0 	0.0 	0.49 	0.0 	
63 	0.0 	0.0 	0.0 	0.0 	0.0 	0.0 	0.0 	0.75 	0.0 	0.0 	0.0 	0.25 	0.0 	0.0 	0.0 	0.0 	0.0 	0.0 	0.0 	0.0 	
64 	0.01 	0.01 	0.01 	0.01 	0.0 	0.01 	0.01 	0.86 	0.0 	0.01 	0.01 	0.01 	0.0 	0.01 	0.01 	0.01 	0.01 	0.0 	0.0 	0.01 	
65 	0.0 	0.0 	0.65 	0.0 	0.0 	0.0 	0.0 	0.0 	0.0 	0.0 	0.0 	0.0 	0.0 	0.0 	0.0 	0.35 	0.0 	0.0 	0.0 	0.0 	
66 	0.0 	0.35 	0.0 	0.0 	0.15 	0.15 	0.0 	0.0 	0.0 	0.28 	0.0 	0.0 	0.0 	0.0 	0.0 	0.0 	0.0 	0.0 	0.0 	0.07 	
67 	0.0 	0.3 	0.0 	0.0 	0.0 	0.0 	0.0 	0.0 	0.0 	0.0 	0.0 	0.7 	0.0 	0.0 	0.0 	0.0 	0.0 	0.0 	0.0 	0.0 	
68 	0.0 	0.0 	0.0 	0.0 	0.0 	0.0 	0.0 	0.0 	0.0 	0.0 	0.0 	0.0 	0.0 	0.0 	0.75 	0.0 	0.25 	0.0 	0.0 	0.0 	
69 	0.0 	0.0 	0.0 	0.0 	0.0 	0.0 	0.0 	0.0 	0.0 	0.0 	0.0 	0.0 	0.0 	0.0 	0.0 	0.4 	0.6 	0.0 	0.0 	0.0 	
70 	0.0 	0.0 	0.0 	0.0 	0.0 	0.09 	0.15 	0.0 	0.0 	0.0 	0.0 	0.0 	0.0 	0.0 	0.36 	0.0 	0.4 	0.0 	0.0 	0.0 	
71 	0.4 	0.0 	0.0 	0.0 	0.0 	0.0 	0.0 	0.0 	0.0 	0.0 	0.0 	0.0 	0.0 	0.6 	0.0 	0.0 	0.0 	0.0 	0.0 	0.0 	
72 	0.0 	0.0 	0.0 	0.0 	0.0 	0.0 	0.0 	0.0 	0.0 	0.15 	0.45 	0.0 	0.0 	0.25 	0.0 	0.0 	0.0 	0.0 	0.15 	0.0 	
73 	0.0 	0.0 	0.0 	0.0 	1.0 	0.0 	0.0 	0.0 	0.0 	0.0 	0.0 	0.0 	0.0 	0.0 	0.0 	0.0 	0.0 	0.0 	0.0 	0.0 	
74 	0.0 	0.0 	0.0 	0.0 	0.0 	0.0 	0.0 	0.0 	0.0 	0.0 	1.0 	0.0 	0.0 	0.0 	0.0 	0.0 	0.0 	0.0 	0.0 	0.0 	
75 	0.0 	0.0 	0.0 	0.0 	0.0 	0.0 	0.0 	0.0 	0.0 	0.1 	0.55 	0.0 	0.0 	0.0 	0.0 	0.0 	0.34 	0.0 	0.0 	0.0 	
76 	0.0 	0.0 	0.0 	0.0 	0.0 	0.0 	0.0 	0.0 	0.0 	0.0 	0.45 	0.0 	0.0 	0.0 	0.0 	0.0 	0.0 	0.0 	0.55 	0.0 	
77 	0.0 	0.0 	0.0 	0.0 	0.0 	0.0 	0.0 	0.0 	0.0 	0.0 	0.0 	1.0 	0.0 	0.0 	0.0 	0.0 	0.0 	0.0 	0.0 	0.0 	
78 	0.0 	0.0 	0.0 	0.0 	0.0 	0.0 	0.0 	0.0 	0.0 	0.0 	0.4 	0.0 	0.45 	0.15 	0.0 	0.0 	0.0 	0.0 	0.0 	0.0 	
79 	0.0 	0.0 	0.0 	0.0 	0.0 	0.0 	0.0 	0.0 	0.0 	0.0 	0.6 	0.0 	0.0 	0.4 	0.0 	0.0 	0.0 	0.0 	0.0 	0.0 	
80 	0.0 	0.0 	0.0 	0.0 	0.0 	0.6 	0.0 	0.0 	0.0 	0.0 	0.0 	0.0 	0.0 	0.0 	0.0 	0.0 	0.4 	0.0 	0.0 	0.0 	
81 	0.0 	0.0 	0.0 	0.0 	0.0 	0.0 	0.0 	0.0 	0.0 	0.6 	0.25 	0.0 	0.15 	0.0 	0.0 	0.0 	0.0 	0.0 	0.0 	0.0 	
82 	0.15 	0.0 	0.0 	0.0 	0.0 	0.45 	0.0 	0.0 	0.0 	0.0 	0.0 	0.4 	0.0 	0.0 	0.0 	0.0 	0.0 	0.0 	0.0 	0.0 	
83 	0.0 	0.0 	0.0 	0.0 	0.0 	0.0 	0.0 	0.0 	0.0 	0.0 	0.4 	0.0 	0.0 	0.0 	0.6 	0.0 	0.0 	0.0 	0.0 	0.0 	
84 	0.0 	0.0 	0.0 	0.0 	0.0 	0.0 	0.6 	0.0 	0.0 	0.0 	0.0 	0.0 	0.0 	0.0 	0.0 	0.0 	0.4 	0.0 	0.0 	0.0 	
85 	0.0 	0.25 	0.0 	0.0 	0.0 	0.0 	0.0 	0.0 	0.0 	0.0 	0.0 	0.6 	0.0 	0.0 	0.0 	0.0 	0.0 	0.0 	0.0 	0.15 	
86 	0.0 	0.0 	0.0 	0.34 	0.0 	0.0 	0.26 	0.0 	0.0 	0.0 	0.0 	0.4 	0.0 	0.0 	0.0 	0.0 	0.0 	0.0 	0.0 	0.0 	
87 	0.0 	0.0 	0.0 	0.0 	0.0 	0.4 	0.0 	0.0 	0.0 	0.6 	0.0 	0.0 	0.0 	0.0 	0.0 	0.0 	0.0 	0.0 	0.0 	0.0 	
88 	0.0 	0.0 	0.0 	0.0 	0.0 	0.0 	0.0 	0.0 	0.0 	0.41 	0.0 	0.0 	0.15 	0.0 	0.0 	0.0 	0.0 	0.0 	0.0 	0.44 	
89 	0.0 	0.0 	0.0 	0.0 	0.0 	0.15 	0.0 	0.0 	0.15 	0.0 	0.0 	0.0 	0.25 	0.0 	0.0 	0.0 	0.0 	0.0 	0.0 	0.45 	
90 	0.0 	0.0 	0.0 	0.0 	0.0 	0.15 	0.45 	0.4 	0.0 	0.0 	0.0 	0.0 	0.0 	0.0 	0.0 	0.0 	0.0 	0.0 	0.0 	0.0 	
91 	0.0 	0.0 	0.0 	0.0 	0.0 	0.0 	0.0 	0.0 	0.0 	0.0 	0.4 	0.0 	0.0 	0.45 	0.0 	0.0 	0.0 	0.0 	0.15 	0.0 	
92 	0.0 	0.0 	0.0 	0.0 	0.0 	0.0 	0.0 	0.0 	0.0 	0.7 	0.3 	0.0 	0.0 	0.0 	0.0 	0.0 	0.0 	0.0 	0.0 	0.0 	
93 	0.0 	0.0 	0.0 	0.0 	0.0 	0.0 	0.0 	0.0 	0.0 	0.0 	0.0 	0.6 	0.0 	0.0 	0.0 	0.15 	0.25 	0.0 	0.0 	0.0 	
94 	0.0 	0.0 	0.45 	0.0 	0.0 	0.0 	0.0 	0.0 	0.4 	0.15 	0.0 	0.0 	0.0 	0.0 	0.0 	0.0 	0.0 	0.0 	0.0 	0.0 	
95 	0.0 	0.0 	0.0 	0.1 	0.0 	0.0 	0.34 	0.0 	0.0 	0.0 	0.0 	0.0 	0.0 	0.0 	0.15 	0.13 	0.28 	0.0 	0.0 	0.0 	
96 	0.0 	0.0 	0.0 	0.76 	0.0 	0.0 	0.24 	0.0 	0.0 	0.0 	0.0 	0.0 	0.0 	0.0 	0.0 	0.0 	0.0 	0.0 	0.0 	0.0 	
97 	0.0 	0.0 	0.0 	0.0 	0.0 	0.0 	0.0 	0.0 	0.0 	0.0 	0.0 	0.0 	0.0 	0.49 	0.0 	0.4 	0.0 	0.0 	0.1 	0.0 	
98 	0.0 	0.0 	0.0 	0.0 	0.0 	0.0 	0.0 	0.0 	0.0 	0.0 	0.0 	0.6 	0.0 	0.0 	0.4 	0.0 	0.0 	0.0 	0.0 	0.0 	
99 	0.0 	0.0 	0.0 	0.13 	0.0 	0.0 	0.0 	0.0 	0.0 	0.0 	0.0 	0.0 	0.0 	0.0 	0.0 	0.0 	0.0 	0.0 	0.87 	0.0 	
100 	0.0 	0.0 	0.0 	0.0 	0.0 	0.0 	0.0 	0.0 	0.0 	0.4 	0.15 	0.0 	0.0 	0.0 	0.0 	0.0 	0.0 	0.0 	0.0 	0.45 	
101 	0.0 	1.0 	0.0 	0.0 	0.0 	0.0 	0.0 	0.0 	0.0 	0.0 	0.0 	0.0 	0.0 	0.0 	0.0 	0.0 	0.0 	0.0 	0.0 	0.0 	
102 	0.71 	0.0 	0.0 	0.0 	0.0 	0.0 	0.0 	0.0 	0.0 	0.1 	0.07 	0.0 	0.12 	0.0 	0.0 	0.0 	0.0 	0.0 	0.0 	0.0 	
103 	0.0 	0.0 	0.0 	0.0 	0.0 	0.0 	0.0 	0.0 	0.0 	0.0 	0.85 	0.0 	0.0 	0.0 	0.0 	0.0 	0.0 	0.0 	0.0 	0.15 	
104 	0.15 	0.0 	0.0 	0.0 	0.0 	0.0 	0.0 	0.85 	0.0 	0.0 	0.0 	0.0 	0.0 	0.0 	0.0 	0.0 	0.0 	0.0 	0.0 	0.0 	
105 	0.6 	0.0 	0.0 	0.0 	0.0 	0.0 	0.0 	0.0 	0.0 	0.0 	0.0 	0.0 	0.0 	0.4 	0.0 	0.0 	0.0 	0.0 	0.0 	0.0 	
106 	0.0 	0.0 	0.0 	0.0 	0.0 	0.0 	0.0 	0.0 	0.0 	0.0 	0.34 	0.0 	0.32 	0.34 	0.0 	0.0 	0.0 	0.0 	0.0 	0.0 	
107 	0.0 	0.0 	0.0 	0.0 	0.0 	0.0 	0.0 	0.0 	0.0 	0.0 	0.0 	0.0 	0.0 	0.0 	0.0 	0.0 	0.0 	0.0 	1.0 	0.0 	
108 	0.0 	0.0 	0.0 	0.0 	0.0 	0.0 	0.0 	0.0 	0.0 	0.25 	0.34 	0.0 	0.26 	0.0 	0.0 	0.0 	0.0 	0.0 	0.0 	0.15 	
109 	0.0 	1.0 	0.0 	0.0 	0.0 	0.0 	0.0 	0.0 	0.0 	0.0 	0.0 	0.0 	0.0 	0.0 	0.0 	0.0 	0.0 	0.0 	0.0 	0.0 	
110 	0.0 	0.0 	0.0 	0.0 	0.0 	0.0 	0.0 	0.0 	0.0 	0.0 	0.6 	0.0 	0.0 	0.0 	0.0 	0.0 	0.0 	0.0 	0.4 	0.0 	
111 	0.0 	0.0 	0.0 	0.0 	0.0 	0.0 	0.0 	0.0 	0.0 	0.0 	0.0 	0.0 	0.0 	0.0 	0.0 	0.0 	0.85 	0.0 	0.0 	0.15 	
112 	0.15 	0.0 	0.0 	0.0 	0.0 	0.25 	0.0 	0.45 	0.0 	0.0 	0.0 	0.0 	0.0 	0.0 	0.0 	0.0 	0.0 	0.15 	0.0 	0.0 	
113 	0.09 	0.0 	0.0 	0.3 	0.0 	0.0 	0.0 	0.0 	0.0 	0.0 	0.0 	0.0 	0.0 	0.0 	0.25 	0.0 	0.36 	0.0 	0.0 	0.0 	
114 	0.43 	0.0 	0.0 	0.26 	0.0 	0.0 	0.0 	0.0 	0.0 	0.0 	0.0 	0.0 	0.0 	0.0 	0.25 	0.07 	0.0 	0.0 	0.0 	0.0 	
115 	0.0 	0.0 	0.0 	0.0 	0.0 	0.0 	0.0 	0.0 	0.0 	0.12 	0.09 	0.15 	0.0 	0.0 	0.13 	0.0 	0.19 	0.0 	0.0 	0.32 	
116 	0.0 	0.0 	0.0 	0.7 	0.0 	0.0 	0.15 	0.0 	0.0 	0.0 	0.0 	0.0 	0.0 	0.0 	0.0 	0.0 	0.15 	0.0 	0.0 	0.0 	
117 	0.0 	0.0 	0.0 	0.0 	0.34 	0.0 	0.0 	0.0 	0.0 	0.0 	0.4 	0.0 	0.0 	0.0 	0.0 	0.0 	0.0 	0.0 	0.0 	0.26 	
118 	0.0 	0.0 	0.0 	0.0 	0.0 	0.0 	0.0 	0.0 	0.15 	0.0 	0.0 	0.0 	0.0 	0.0 	0.0 	0.0 	0.0 	0.28 	0.45 	0.13 	
119 	0.0 	0.1 	0.0 	0.25 	0.0 	0.15 	0.0 	0.0 	0.0 	0.0 	0.0 	0.34 	0.0 	0.0 	0.0 	0.0 	0.15 	0.0 	0.0 	0.0 	
120 	0.0 	0.0 	0.0 	0.0 	0.0 	0.0 	0.0 	0.0 	0.0 	0.0 	0.0 	0.0 	0.0 	0.0 	0.0 	0.0 	0.15 	0.4 	0.45 	0.0 	
121 	0.0 	0.0 	0.0 	0.0 	0.0 	0.0 	0.0 	0.0 	0.0 	0.0 	0.6 	0.0 	0.0 	0.12 	0.0 	0.0 	0.0 	0.0 	0.28 	0.0 	
122 	0.0 	0.0 	0.0 	0.13 	0.0 	0.0 	0.87 	0.0 	0.0 	0.0 	0.0 	0.0 	0.0 	0.0 	0.0 	0.0 	0.0 	0.0 	0.0 	0.0 	
123 	0.0 	0.0 	0.0 	0.0 	0.0 	0.0 	0.13 	0.0 	0.0 	0.0 	0.0 	0.0 	0.0 	0.0 	0.75 	0.12 	0.0 	0.0 	0.0 	0.0 	
124 	0.0 	0.0 	0.0 	0.0 	0.0 	0.0 	0.0 	0.0 	0.0 	0.0 	0.6 	0.0 	0.0 	0.25 	0.0 	0.0 	0.0 	0.0 	0.15 	0.0 	
125 	0.0 	0.0 	0.0 	0.0 	0.0 	0.0 	0.0 	0.0 	0.0 	0.15 	0.4 	0.0 	0.0 	0.0 	0.0 	0.0 	0.0 	0.0 	0.45 	0.0 	
126 	0.0 	0.15 	0.36 	0.25 	0.0 	0.0 	0.0 	0.0 	0.0 	0.09 	0.0 	0.15 	0.0 	0.0 	0.0 	0.0 	0.0 	0.0 	0.0 	0.0 	
127 	0.0 	0.0 	0.0 	1.0 	0.0 	0.0 	0.0 	0.0 	0.0 	0.0 	0.0 	0.0 	0.0 	0.0 	0.0 	0.0 	0.0 	0.0 	0.0 	0.0 	
128 	0.0 	0.0 	0.09 	0.15 	0.0 	0.0 	0.25 	0.0 	0.0 	0.0 	0.0 	0.0 	0.0 	0.0 	0.0 	0.0 	0.0 	0.0 	0.51 	0.0 	
129 	0.0 	0.6 	0.0 	0.0 	0.0 	0.0 	0.4 	0.0 	0.0 	0.0 	0.0 	0.0 	0.0 	0.0 	0.0 	0.0 	0.0 	0.0 	0.0 	0.0 	
130 	0.0 	0.0 	0.0 	0.12 	0.0 	0.0 	0.28 	0.0 	0.0 	0.0 	0.0 	0.6 	0.0 	0.0 	0.0 	0.0 	0.0 	0.0 	0.0 	0.0 	
131 	0.0 	0.0 	0.0 	0.0 	0.0 	0.0 	0.0 	0.0 	0.0 	0.19 	0.49 	0.0 	0.0 	0.15 	0.0 	0.0 	0.0 	0.0 	0.0 	0.17 	
132 	0.01 	0.35 	0.01 	0.26 	0.0 	0.01 	0.01 	0.01 	0.0 	0.01 	0.01 	0.26 	0.0 	0.01 	0.01 	0.01 	0.01 	0.0 	0.0 	0.01 	
133 	0.0 	0.09 	0.0 	0.0 	0.0 	0.1 	0.0 	0.0 	0.0 	0.15 	0.0 	0.0 	0.0 	0.0 	0.0 	0.34 	0.0 	0.0 	0.0 	0.32 	
134 	0.0 	0.15 	0.0 	0.0 	0.0 	0.34 	0.0 	0.0 	0.0 	0.0 	0.0 	0.35 	0.0 	0.0 	0.15 	0.0 	0.0 	0.0 	0.0 	0.0 	
135 	0.25 	0.0 	0.34 	0.0 	0.0 	0.0 	0.0 	0.15 	0.0 	0.0 	0.1 	0.0 	0.0 	0.0 	0.0 	0.0 	0.15 	0.0 	0.0 	0.0 	
136 	0.01 	0.35 	0.01 	0.01 	0.0 	0.01 	0.01 	0.26 	0.0 	0.01 	0.01 	0.01 	0.0 	0.01 	0.01 	0.27 	0.01 	0.0 	0.0 	0.01 	
137 	0.09 	0.0 	0.49 	0.17 	0.0 	0.0 	0.0 	0.25 	0.0 	0.0 	0.0 	0.0 	0.0 	0.0 	0.0 	0.0 	0.0 	0.0 	0.0 	0.0 	
138 	0.0 	0.0 	0.0 	0.0 	0.0 	0.0 	0.0 	0.85 	0.0 	0.0 	0.0 	0.0 	0.0 	0.0 	0.0 	0.15 	0.0 	0.0 	0.0 	0.0 	
139 	0.02 	0.17 	0.01 	0.01 	0.0 	0.1 	0.42 	0.02 	0.01 	0.01 	0.02 	0.12 	0.01 	0.01 	0.01 	0.02 	0.01 	0.0 	0.01 	0.02 	
140 	0.02 	0.01 	0.01 	0.01 	0.0 	0.01 	0.02 	0.02 	0.01 	0.16 	0.02 	0.01 	0.16 	0.45 	0.01 	0.02 	0.01 	0.0 	0.01 	0.02 	
141 	0.0 	0.15 	0.0 	0.0 	0.25 	0.0 	0.28 	0.0 	0.0 	0.0 	0.0 	0.0 	0.0 	0.0 	0.0 	0.1 	0.15 	0.0 	0.0 	0.06 	
142 	0.0 	0.0 	0.0 	0.0 	0.0 	0.0 	0.0 	0.0 	0.0 	0.09 	0.51 	0.0 	0.0 	0.0 	0.0 	0.0 	0.15 	0.0 	0.0 	0.25 	
143 	0.0 	0.0 	0.0 	0.0 	0.0 	0.0 	0.0 	0.0 	0.0 	0.0 	0.0 	0.0 	0.66 	0.0 	0.0 	0.0 	0.26 	0.0 	0.0 	0.09 	
144 	0.0 	0.0 	0.0 	0.0 	0.0 	0.0 	0.0 	0.15 	0.36 	0.0 	0.0 	0.0 	0.0 	0.0 	0.0 	0.0 	0.25 	0.0 	0.24 	0.0 	
145 	0.0 	0.0 	0.0 	0.0 	0.0 	0.0 	0.0 	0.0 	0.0 	0.12 	0.15 	0.0 	0.09 	0.0 	0.0 	0.0 	0.0 	0.0 	0.0 	0.64 	
146 	0.01 	0.01 	0.01 	0.6 	0.0 	0.01 	0.01 	0.26 	0.0 	0.01 	0.01 	0.01 	0.0 	0.01 	0.01 	0.01 	0.01 	0.0 	0.0 	0.01 	
147 	0.01 	0.01 	0.01 	0.01 	0.0 	0.01 	0.86 	0.01 	0.0 	0.01 	0.01 	0.01 	0.0 	0.01 	0.01 	0.01 	0.01 	0.0 	0.0 	0.01 	
148 	0.0 	0.0 	0.0 	0.0 	0.0 	0.0 	0.0 	0.0 	0.0 	0.0 	0.0 	0.0 	0.25 	0.26 	0.0 	0.0 	0.0 	0.0 	0.24 	0.26 	
149 	0.0 	0.0 	0.0 	0.0 	0.0 	0.0 	0.0 	0.0 	0.0 	0.45 	0.25 	0.0 	0.0 	0.0 	0.0 	0.0 	0.0 	0.0 	0.0 	0.3 	
150 	0.0 	0.4 	0.0 	0.43 	0.0 	0.0 	0.1 	0.0 	0.0 	0.0 	0.0 	0.0 	0.0 	0.0 	0.0 	0.0 	0.0 	0.0 	0.06 	0.0 	
151 	0.0 	0.0 	0.0 	0.3 	0.0 	0.07 	0.38 	0.0 	0.0 	0.0 	0.0 	0.0 	0.0 	0.0 	0.0 	0.25 	0.0 	0.0 	0.0 	0.0 	
152 	0.0 	0.0 	0.0 	0.0 	0.0 	0.0 	0.0 	0.0 	0.0 	0.0 	0.75 	0.0 	0.0 	0.25 	0.0 	0.0 	0.0 	0.0 	0.0 	0.0 	
153 	0.0 	0.0 	0.0 	0.0 	0.0 	0.0 	0.0 	0.0 	0.0 	0.0 	1.0 	0.0 	0.0 	0.0 	0.0 	0.0 	0.0 	0.0 	0.0 	0.0 	
154 	0.0 	0.09 	0.15 	0.0 	0.0 	0.0 	0.0 	0.0 	0.26 	0.0 	0.15 	0.0 	0.0 	0.0 	0.0 	0.0 	0.35 	0.0 	0.0 	0.0 	
155 	0.22 	0.0 	0.09 	0.0 	0.0 	0.0 	0.07 	0.15 	0.0 	0.0 	0.0 	0.35 	0.0 	0.0 	0.0 	0.12 	0.0 	0.0 	0.0 	0.0 	
156 	0.0 	0.0 	0.0 	0.19 	0.0 	0.0 	0.41 	0.0 	0.0 	0.0 	0.4 	0.0 	0.0 	0.0 	0.0 	0.0 	0.0 	0.0 	0.0 	0.0 	
157 	0.0 	0.34 	0.0 	0.0 	0.0 	0.0 	0.25 	0.0 	0.0 	0.0 	0.0 	0.0 	0.0 	0.0 	0.0 	0.0 	0.0 	0.0 	0.26 	0.15 	
158 	0.0 	0.0 	0.0 	0.0 	0.0 	0.0 	0.0 	0.0 	0.0 	0.0 	0.0 	0.0 	0.07 	0.0 	0.0 	0.1 	0.0 	0.25 	0.15 	0.43 	
159 	0.0 	0.0 	0.0 	0.0 	0.6 	0.0 	0.0 	0.0 	0.0 	0.0 	0.0 	0.0 	0.0 	0.4 	0.0 	0.0 	0.0 	0.0 	0.0 	0.0 	
160 	0.0 	0.0 	0.0 	0.75 	0.0 	0.0 	0.0 	0.0 	0.0 	0.0 	0.0 	0.0 	0.0 	0.0 	0.0 	0.25 	0.0 	0.0 	0.0 	0.0 	
161 	0.0 	0.0 	0.0 	0.0 	0.0 	0.0 	0.0 	0.0 	0.0 	0.53 	0.0 	0.0 	0.0 	0.0 	0.0 	0.0 	0.4 	0.0 	0.0 	0.07 	
162 	0.1 	0.0 	0.0 	0.0 	0.0 	0.0 	0.0 	0.0 	0.0 	0.34 	0.4 	0.0 	0.0 	0.0 	0.0 	0.15 	0.0 	0.0 	0.0 	0.0 	
163 	0.0 	0.0 	0.0 	0.0 	0.0 	0.0 	0.0 	0.0 	0.0 	0.0 	0.49 	0.0 	0.1 	0.4 	0.0 	0.0 	0.0 	0.0 	0.0 	0.0 	
164 	0.0 	0.0 	0.0 	0.0 	0.0 	0.0 	0.0 	0.0 	0.0 	0.0 	0.0 	0.0 	0.0 	0.0 	1.0 	0.0 	0.0 	0.0 	0.0 	0.0 	
165 	0.0 	0.85 	0.0 	0.0 	0.0 	0.0 	0.0 	0.0 	0.0 	0.0 	0.0 	0.0 	0.0 	0.0 	0.15 	0.0 	0.0 	0.0 	0.0 	0.0 	
166 	0.0 	0.0 	0.0 	0.0 	0.0 	0.0 	0.0 	0.0 	0.0 	0.49 	0.51 	0.0 	0.0 	0.0 	0.0 	0.0 	0.0 	0.0 	0.0 	0.0 	
167 	0.0 	0.25 	0.0 	0.0 	0.0 	0.57 	0.0 	0.0 	0.0 	0.0 	0.0 	0.17 	0.0 	0.0 	0.0 	0.0 	0.0 	0.0 	0.0 	0.0 	
168 	0.0 	0.0 	0.0 	0.0 	0.0 	0.0 	0.0 	0.0 	0.0 	0.0 	0.0 	0.75 	0.0 	0.0 	0.0 	0.25 	0.0 	0.0 	0.0 	0.0 	
169 	0.0 	1.0 	0.0 	0.0 	0.0 	0.0 	0.0 	0.0 	0.0 	0.0 	0.0 	0.0 	0.0 	0.0 	0.0 	0.0 	0.0 	0.0 	0.0 	0.0 	
170 	0.0 	0.0 	0.0 	0.0 	0.0 	0.15 	0.0 	0.0 	0.0 	0.0 	0.0 	0.0 	0.0 	0.15 	0.0 	0.19 	0.0 	0.23 	0.28 	0.0 	
171 	0.0 	0.0 	0.0 	0.0 	0.0 	0.0 	0.0 	0.0 	0.0 	0.19 	0.0 	0.0 	0.0 	0.0 	0.0 	0.0 	0.23 	0.0 	0.0 	0.58 	
172 	0.0 	0.0 	0.0 	0.0 	0.0 	0.0 	0.0 	0.0 	0.0 	0.0 	1.0 	0.0 	0.0 	0.0 	0.0 	0.0 	0.0 	0.0 	0.0 	0.0 	
173 	0.0 	0.0 	0.0 	0.0 	0.0 	0.0 	1.0 	0.0 	0.0 	0.0 	0.0 	0.0 	0.0 	0.0 	0.0 	0.0 	0.0 	0.0 	0.0 	0.0 	
174 	0.0 	0.0 	0.0 	0.0 	0.0 	0.23 	0.77 	0.0 	0.0 	0.0 	0.0 	0.0 	0.0 	0.0 	0.0 	0.0 	0.0 	0.0 	0.0 	0.0 	
175 	0.56 	0.0 	0.25 	0.0 	0.0 	0.0 	0.0 	0.0 	0.0 	0.0 	0.0 	0.0 	0.0 	0.0 	0.0 	0.0 	0.19 	0.0 	0.0 	0.0 	
176 	0.0 	0.0 	0.25 	0.0 	0.0 	0.0 	0.75 	0.0 	0.0 	0.0 	0.0 	0.0 	0.0 	0.0 	0.0 	0.0 	0.0 	0.0 	0.0 	0.0 	
177 	0.0 	0.0 	0.0 	0.0 	0.0 	0.71 	0.29 	0.0 	0.0 	0.0 	0.0 	0.0 	0.0 	0.0 	0.0 	0.0 	0.0 	0.0 	0.0 	0.0 	
