	A 	R 	N 	D 	C 	Q 	E 	G 	H 	I 	L 	K 	M 	F 	P 	S 	T 	W 	Y 	V 	
1 	0.0 	0.0 	0.0 	0.0 	0.0 	0.0 	0.0 	0.0 	0.0 	0.0 	0.0 	0.0 	0.0 	0.0 	0.0 	0.0 	0.0 	0.0 	0.0 	0.0 	
2 	0.0 	0.11 	0.0 	0.0 	0.0 	0.67 	0.0 	0.0 	0.0 	0.0 	0.0 	0.21 	0.0 	0.0 	0.0 	0.0 	0.0 	0.0 	0.0 	0.0 	
3 	0.09 	0.0 	0.0 	0.0 	0.0 	0.15 	0.17 	0.0 	0.0 	0.0 	0.0 	0.08 	0.0 	0.0 	0.0 	0.26 	0.24 	0.0 	0.0 	0.0 	
4 	0.0 	0.0 	0.0 	0.07 	0.0 	0.0 	0.07 	0.0 	0.0 	0.0 	0.0 	0.61 	0.25 	0.0 	0.0 	0.0 	0.0 	0.0 	0.0 	0.0 	
5 	0.17 	0.09 	0.1 	0.0 	0.0 	0.0 	0.04 	0.0 	0.13 	0.0 	0.0 	0.0 	0.39 	0.0 	0.0 	0.09 	0.0 	0.0 	0.0 	0.0 	
6 	0.0 	0.04 	0.0 	0.0 	0.0 	0.17 	0.0 	0.0 	0.0 	0.26 	0.31 	0.04 	0.05 	0.0 	0.0 	0.0 	0.13 	0.0 	0.0 	0.0 	
7 	0.0 	0.0 	0.0 	0.21 	0.0 	0.14 	0.09 	0.0 	0.05 	0.06 	0.11 	0.07 	0.0 	0.0 	0.07 	0.08 	0.0 	0.0 	0.03 	0.08 	
8 	0.08 	0.16 	0.15 	0.05 	0.0 	0.06 	0.0 	0.02 	0.0 	0.0 	0.0 	0.02 	0.33 	0.04 	0.07 	0.02 	0.0 	0.0 	0.0 	0.0 	
9 	0.0 	0.0 	0.0 	0.0 	0.0 	0.0 	0.0 	0.0 	0.0 	0.26 	0.6 	0.0 	0.0 	0.11 	0.0 	0.0 	0.01 	0.0 	0.0 	0.02 	
10 	0.03 	0.13 	0.16 	0.03 	0.0 	0.0 	0.02 	0.08 	0.07 	0.06 	0.03 	0.02 	0.0 	0.0 	0.0 	0.09 	0.17 	0.04 	0.03 	0.05 	
11 	0.0 	0.0 	0.0 	0.0 	0.0 	0.0 	0.0 	0.0 	0.0 	0.26 	0.41 	0.0 	0.0 	0.02 	0.0 	0.0 	0.0 	0.0 	0.0 	0.31 	
12 	0.12 	0.0 	0.0 	0.0 	0.02 	0.0 	0.0 	0.0 	0.0 	0.21 	0.07 	0.0 	0.02 	0.03 	0.0 	0.0 	0.0 	0.0 	0.03 	0.5 	
13 	0.04 	0.0 	0.0 	0.0 	0.09 	0.0 	0.0 	0.0 	0.0 	0.04 	0.78 	0.0 	0.02 	0.01 	0.0 	0.0 	0.0 	0.0 	0.0 	0.02 	
14 	0.0 	0.0 	0.0 	0.47 	0.0 	0.0 	0.11 	0.0 	0.01 	0.01 	0.0 	0.0 	0.0 	0.09 	0.0 	0.02 	0.0 	0.0 	0.1 	0.18 	
15 	0.04 	0.03 	0.22 	0.02 	0.03 	0.11 	0.26 	0.23 	0.0 	0.0 	0.02 	0.0 	0.0 	0.0 	0.02 	0.01 	0.02 	0.0 	0.0 	0.0 	
16 	0.0 	0.0 	0.0 	0.0 	0.0 	0.0 	0.02 	0.0 	0.0 	0.22 	0.09 	0.0 	0.0 	0.02 	0.31 	0.0 	0.07 	0.0 	0.0 	0.27 	
17 	0.02 	0.09 	0.02 	0.05 	0.0 	0.13 	0.25 	0.0 	0.03 	0.0 	0.0 	0.09 	0.0 	0.02 	0.0 	0.13 	0.16 	0.02 	0.0 	0.01 	
18 	0.0 	0.02 	0.04 	0.45 	0.0 	0.02 	0.02 	0.02 	0.07 	0.29 	0.0 	0.05 	0.0 	0.0 	0.0 	0.01 	0.0 	0.0 	0.01 	0.0 	
19 	0.07 	0.0 	0.0 	0.0 	0.0 	0.01 	0.02 	0.0 	0.02 	0.0 	0.0 	0.0 	0.0 	0.0 	0.75 	0.05 	0.04 	0.0 	0.0 	0.04 	
20 	0.04 	0.07 	0.05 	0.0 	0.0 	0.12 	0.05 	0.24 	0.25 	0.0 	0.0 	0.0 	0.0 	0.0 	0.13 	0.0 	0.02 	0.0 	0.03 	0.0 	
21 	0.0 	0.0 	1.0 	0.0 	0.0 	0.0 	0.0 	0.0 	0.0 	0.0 	0.0 	0.0 	0.0 	0.0 	0.0 	0.0 	0.0 	0.0 	0.0 	0.0 	
22 	0.04 	0.0 	0.0 	0.0 	0.02 	0.0 	0.0 	0.0 	0.0 	0.13 	0.41 	0.0 	0.05 	0.07 	0.0 	0.0 	0.22 	0.0 	0.0 	0.07 	
23 	0.0 	0.0 	0.0 	0.0 	0.0 	0.0 	0.0 	0.93 	0.0 	0.0 	0.0 	0.0 	0.0 	0.0 	0.0 	0.07 	0.0 	0.0 	0.0 	0.0 	
24 	0.44 	0.0 	0.22 	0.0 	0.0 	0.0 	0.0 	0.05 	0.0 	0.0 	0.0 	0.0 	0.0 	0.02 	0.0 	0.16 	0.12 	0.0 	0.0 	0.0 	
25 	0.04 	0.0 	0.0 	0.0 	0.14 	0.0 	0.0 	0.0 	0.0 	0.56 	0.03 	0.0 	0.05 	0.0 	0.0 	0.0 	0.04 	0.0 	0.0 	0.14 	
26 	0.17 	0.0 	0.0 	0.0 	0.02 	0.0 	0.0 	0.0 	0.0 	0.32 	0.3 	0.0 	0.03 	0.02 	0.0 	0.01 	0.0 	0.0 	0.0 	0.13 	
27 	0.0 	1.0 	0.0 	0.0 	0.0 	0.0 	0.0 	0.0 	0.0 	0.0 	0.0 	0.0 	0.0 	0.0 	0.0 	0.0 	0.0 	0.0 	0.0 	0.0 	
28 	0.1 	0.0 	0.06 	0.0 	0.04 	0.0 	0.0 	0.0 	0.0 	0.0 	0.15 	0.0 	0.0 	0.0 	0.0 	0.25 	0.36 	0.0 	0.0 	0.05 	
29 	0.43 	0.01 	0.0 	0.0 	0.33 	0.0 	0.0 	0.02 	0.0 	0.01 	0.0 	0.0 	0.1 	0.0 	0.0 	0.03 	0.0 	0.0 	0.0 	0.07 	
30 	0.43 	0.0 	0.01 	0.2 	0.0 	0.0 	0.07 	0.0 	0.02 	0.0 	0.04 	0.1 	0.03 	0.0 	0.0 	0.03 	0.03 	0.0 	0.03 	0.0 	
31 	0.49 	0.0 	0.17 	0.0 	0.03 	0.01 	0.0 	0.08 	0.02 	0.04 	0.0 	0.0 	0.0 	0.06 	0.0 	0.0 	0.07 	0.0 	0.0 	0.02 	
32 	0.21 	0.0 	0.01 	0.0 	0.0 	0.0 	0.0 	0.0 	0.0 	0.0 	0.19 	0.0 	0.1 	0.22 	0.0 	0.03 	0.18 	0.0 	0.0 	0.06 	
33 	0.01 	0.0 	0.05 	0.0 	0.0 	0.0 	0.02 	0.82 	0.0 	0.0 	0.02 	0.03 	0.0 	0.0 	0.02 	0.04 	0.0 	0.0 	0.0 	0.0 	
34 	0.24 	0.0 	0.0 	0.0 	0.14 	0.0 	0.0 	0.06 	0.0 	0.05 	0.12 	0.0 	0.0 	0.06 	0.0 	0.0 	0.03 	0.0 	0.01 	0.28 	
35 	0.07 	0.01 	0.02 	0.19 	0.01 	0.02 	0.05 	0.01 	0.16 	0.01 	0.05 	0.04 	0.0 	0.01 	0.02 	0.16 	0.11 	0.0 	0.01 	0.04 	
36 	0.17 	0.1 	0.07 	0.04 	0.0 	0.09 	0.09 	0.23 	0.0 	0.0 	0.01 	0.07 	0.02 	0.02 	0.0 	0.02 	0.01 	0.0 	0.02 	0.02 	
37 	0.03 	0.0 	0.0 	0.0 	0.0 	0.0 	0.0 	0.0 	0.0 	0.14 	0.38 	0.0 	0.01 	0.02 	0.0 	0.0 	0.0 	0.0 	0.0 	0.42 	
38 	0.0 	0.03 	0.0 	0.0 	0.01 	0.0 	0.0 	0.0 	0.29 	0.25 	0.12 	0.0 	0.0 	0.0 	0.0 	0.0 	0.0 	0.03 	0.06 	0.2 	
39 	0.08 	0.0 	0.0 	0.0 	0.0 	0.0 	0.0 	0.0 	0.0 	0.18 	0.47 	0.0 	0.02 	0.04 	0.0 	0.0 	0.03 	0.0 	0.0 	0.18 	
40 	0.02 	0.0 	0.0 	0.0 	0.0 	0.02 	0.02 	0.05 	0.0 	0.2 	0.02 	0.03 	0.0 	0.0 	0.21 	0.08 	0.11 	0.0 	0.0 	0.25 	
41 	0.01 	0.12 	0.09 	0.09 	0.0 	0.09 	0.15 	0.06 	0.02 	0.0 	0.0 	0.3 	0.0 	0.0 	0.0 	0.03 	0.02 	0.02 	0.0 	0.0 	
42 	0.02 	0.13 	0.01 	0.15 	0.0 	0.0 	0.02 	0.12 	0.03 	0.0 	0.02 	0.08 	0.0 	0.0 	0.37 	0.06 	0.0 	0.0 	0.0 	0.0 	
43 	0.06 	0.17 	0.08 	0.04 	0.13 	0.03 	0.01 	0.03 	0.02 	0.0 	0.22 	0.12 	0.02 	0.0 	0.0 	0.02 	0.01 	0.0 	0.03 	0.0 	
44 	0.12 	0.0 	0.04 	0.0 	0.06 	0.02 	0.0 	0.26 	0.01 	0.02 	0.05 	0.0 	0.0 	0.0 	0.0 	0.27 	0.0 	0.0 	0.0 	0.15 	
45 	0.17 	0.02 	0.0 	0.17 	0.02 	0.01 	0.01 	0.03 	0.03 	0.03 	0.02 	0.07 	0.0 	0.27 	0.0 	0.03 	0.05 	0.0 	0.0 	0.08 	
46 	0.11 	0.0 	0.01 	0.01 	0.0 	0.03 	0.05 	0.07 	0.0 	0.06 	0.01 	0.01 	0.02 	0.05 	0.27 	0.16 	0.11 	0.0 	0.0 	0.01 	
47 	0.0 	0.02 	0.06 	0.09 	0.0 	0.0 	0.01 	0.01 	0.02 	0.12 	0.31 	0.0 	0.03 	0.02 	0.0 	0.02 	0.05 	0.15 	0.0 	0.09 	
48 	0.05 	0.02 	0.16 	0.16 	0.0 	0.01 	0.17 	0.07 	0.02 	0.0 	0.01 	0.01 	0.0 	0.0 	0.03 	0.08 	0.2 	0.0 	0.0 	0.01 	
49 	0.18 	0.02 	0.01 	0.32 	0.0 	0.09 	0.03 	0.02 	0.01 	0.0 	0.02 	0.03 	0.02 	0.0 	0.23 	0.05 	0.01 	0.0 	0.0 	0.0 	
50 	0.18 	0.09 	0.0 	0.02 	0.0 	0.0 	0.0 	0.01 	0.0 	0.05 	0.0 	0.3 	0.0 	0.01 	0.02 	0.02 	0.18 	0.0 	0.0 	0.11 	
51 	0.16 	0.16 	0.0 	0.0 	0.0 	0.02 	0.0 	0.01 	0.03 	0.06 	0.02 	0.06 	0.03 	0.01 	0.0 	0.02 	0.02 	0.0 	0.04 	0.35 	
52 	0.12 	0.12 	0.01 	0.0 	0.0 	0.02 	0.0 	0.0 	0.02 	0.01 	0.32 	0.02 	0.13 	0.04 	0.0 	0.1 	0.02 	0.05 	0.0 	0.02 	
53 	0.0 	0.38 	0.0 	0.0 	0.0 	0.02 	0.02 	0.02 	0.0 	0.02 	0.1 	0.31 	0.01 	0.0 	0.0 	0.04 	0.02 	0.0 	0.0 	0.06 	
54 	0.4 	0.31 	0.0 	0.0 	0.0 	0.0 	0.0 	0.02 	0.0 	0.0 	0.0 	0.0 	0.0 	0.0 	0.0 	0.22 	0.04 	0.0 	0.0 	0.0 	
55 	0.46 	0.0 	0.0 	0.0 	0.07 	0.01 	0.02 	0.07 	0.04 	0.0 	0.0 	0.01 	0.02 	0.0 	0.0 	0.24 	0.01 	0.0 	0.0 	0.03 	
56 	0.01 	0.0 	0.01 	0.0 	0.02 	0.0 	0.0 	0.87 	0.01 	0.0 	0.0 	0.02 	0.0 	0.0 	0.0 	0.06 	0.0 	0.0 	0.0 	0.0 	
57 	0.46 	0.05 	0.01 	0.01 	0.0 	0.01 	0.01 	0.11 	0.02 	0.01 	0.14 	0.01 	0.0 	0.01 	0.01 	0.12 	0.02 	0.02 	0.0 	0.01 	
58 	0.2 	0.01 	0.0 	0.13 	0.02 	0.0 	0.04 	0.09 	0.08 	0.02 	0.15 	0.0 	0.05 	0.0 	0.0 	0.12 	0.01 	0.0 	0.0 	0.07 	
59 	0.04 	0.0 	0.06 	0.2 	0.0 	0.09 	0.27 	0.0 	0.01 	0.0 	0.02 	0.0 	0.0 	0.1 	0.0 	0.02 	0.0 	0.0 	0.14 	0.04 	
60 	0.01 	0.09 	0.01 	0.0 	0.03 	0.0 	0.0 	0.0 	0.19 	0.13 	0.07 	0.02 	0.01 	0.03 	0.0 	0.02 	0.07 	0.03 	0.12 	0.16 	
61 	0.02 	0.04 	0.02 	0.0 	0.0 	0.02 	0.08 	0.01 	0.0 	0.14 	0.2 	0.02 	0.04 	0.07 	0.0 	0.0 	0.02 	0.1 	0.0 	0.21 	
62 	0.04 	0.02 	0.06 	0.19 	0.0 	0.02 	0.02 	0.05 	0.0 	0.0 	0.02 	0.06 	0.02 	0.0 	0.37 	0.05 	0.02 	0.0 	0.0 	0.04 	
63 	0.03 	0.02 	0.14 	0.0 	0.0 	0.04 	0.01 	0.02 	0.03 	0.06 	0.17 	0.1 	0.02 	0.04 	0.05 	0.01 	0.02 	0.0 	0.09 	0.15 	
64 	0.18 	0.02 	0.02 	0.02 	0.0 	0.02 	0.02 	0.01 	0.03 	0.17 	0.07 	0.0 	0.07 	0.07 	0.05 	0.02 	0.02 	0.0 	0.03 	0.18 	
65 	0.06 	0.27 	0.04 	0.0 	0.0 	0.11 	0.03 	0.01 	0.06 	0.02 	0.03 	0.09 	0.0 	0.0 	0.02 	0.07 	0.11 	0.0 	0.02 	0.05 	
66 	0.06 	0.0 	0.04 	0.02 	0.0 	0.02 	0.0 	0.01 	0.0 	0.11 	0.07 	0.0 	0.02 	0.04 	0.05 	0.02 	0.07 	0.0 	0.05 	0.42 	
67 	0.05 	0.0 	0.0 	0.05 	0.0 	0.0 	0.03 	0.06 	0.07 	0.02 	0.09 	0.04 	0.0 	0.08 	0.06 	0.02 	0.22 	0.0 	0.07 	0.13 	
68 	0.06 	0.02 	0.34 	0.26 	0.0 	0.04 	0.03 	0.04 	0.02 	0.01 	0.01 	0.02 	0.0 	0.0 	0.05 	0.05 	0.01 	0.0 	0.0 	0.03 	
69 	0.04 	0.0 	0.04 	0.03 	0.0 	0.0 	0.1 	0.02 	0.03 	0.02 	0.07 	0.02 	0.0 	0.02 	0.07 	0.11 	0.31 	0.02 	0.03 	0.05 	
70 	0.03 	0.07 	0.0 	0.02 	0.02 	0.0 	0.01 	0.02 	0.0 	0.09 	0.45 	0.01 	0.04 	0.08 	0.01 	0.02 	0.01 	0.03 	0.03 	0.06 	
71 	0.09 	0.11 	0.02 	0.24 	0.0 	0.06 	0.19 	0.01 	0.02 	0.01 	0.04 	0.08 	0.02 	0.0 	0.02 	0.04 	0.04 	0.0 	0.0 	0.03 	
72 	0.04 	0.02 	0.06 	0.06 	0.0 	0.1 	0.33 	0.01 	0.04 	0.02 	0.03 	0.09 	0.01 	0.02 	0.02 	0.04 	0.06 	0.01 	0.03 	0.03 	
73 	0.2 	0.0 	0.0 	0.0 	0.0 	0.02 	0.0 	0.0 	0.07 	0.02 	0.28 	0.05 	0.03 	0.08 	0.0 	0.08 	0.02 	0.03 	0.01 	0.09 	
74 	0.13 	0.05 	0.02 	0.0 	0.0 	0.12 	0.0 	0.0 	0.03 	0.07 	0.12 	0.28 	0.01 	0.02 	0.02 	0.03 	0.01 	0.0 	0.0 	0.06 	
75 	0.07 	0.13 	0.05 	0.14 	0.0 	0.09 	0.19 	0.04 	0.04 	0.0 	0.02 	0.04 	0.0 	0.02 	0.0 	0.11 	0.03 	0.0 	0.0 	0.01 	
76 	0.05 	0.1 	0.1 	0.17 	0.0 	0.08 	0.04 	0.07 	0.1 	0.02 	0.03 	0.05 	0.02 	0.02 	0.01 	0.03 	0.01 	0.04 	0.06 	0.01 	
77 	0.06 	0.01 	0.03 	0.02 	0.12 	0.01 	0.04 	0.4 	0.03 	0.01 	0.06 	0.03 	0.0 	0.01 	0.04 	0.01 	0.01 	0.03 	0.05 	0.05 	
78 	0.01 	0.02 	0.04 	0.13 	0.0 	0.02 	0.01 	0.1 	0.05 	0.06 	0.06 	0.02 	0.02 	0.11 	0.01 	0.09 	0.02 	0.07 	0.06 	0.08 	
79 	0.05 	0.04 	0.04 	0.01 	0.0 	0.06 	0.01 	0.01 	0.0 	0.02 	0.11 	0.04 	0.02 	0.14 	0.01 	0.03 	0.06 	0.29 	0.02 	0.06 	
80 	0.01 	0.02 	0.01 	0.02 	0.0 	0.03 	0.04 	0.01 	0.0 	0.18 	0.07 	0.04 	0.01 	0.07 	0.01 	0.04 	0.08 	0.0 	0.03 	0.32 	
81 	0.17 	0.01 	0.01 	0.02 	0.0 	0.02 	0.03 	0.01 	0.0 	0.17 	0.07 	0.02 	0.0 	0.03 	0.01 	0.01 	0.02 	0.0 	0.07 	0.32 	
82 	0.24 	0.01 	0.02 	0.02 	0.02 	0.02 	0.04 	0.37 	0.0 	0.03 	0.04 	0.02 	0.0 	0.06 	0.01 	0.01 	0.05 	0.0 	0.0 	0.03 	
83 	0.05 	0.02 	0.01 	0.01 	0.01 	0.01 	0.05 	0.02 	0.03 	0.02 	0.12 	0.01 	0.02 	0.0 	0.02 	0.06 	0.51 	0.0 	0.0 	0.03 	
84 	0.15 	0.03 	0.01 	0.09 	0.0 	0.02 	0.16 	0.04 	0.02 	0.01 	0.01 	0.05 	0.01 	0.01 	0.01 	0.18 	0.15 	0.0 	0.0 	0.06 	
85 	0.27 	0.04 	0.02 	0.03 	0.0 	0.03 	0.03 	0.13 	0.02 	0.03 	0.1 	0.03 	0.02 	0.02 	0.06 	0.08 	0.03 	0.02 	0.02 	0.02 	
86 	0.04 	0.18 	0.04 	0.08 	0.01 	0.08 	0.14 	0.06 	0.03 	0.03 	0.05 	0.04 	0.01 	0.03 	0.05 	0.06 	0.02 	0.0 	0.01 	0.02 	
87 	0.1 	0.04 	0.1 	0.15 	0.01 	0.04 	0.06 	0.05 	0.01 	0.03 	0.08 	0.09 	0.01 	0.04 	0.03 	0.13 	0.02 	0.02 	0.01 	0.02 	
88 	0.06 	0.21 	0.08 	0.03 	0.0 	0.03 	0.03 	0.07 	0.02 	0.03 	0.05 	0.11 	0.01 	0.02 	0.11 	0.04 	0.03 	0.02 	0.02 	0.03 	
89 	0.22 	0.05 	0.04 	0.11 	0.01 	0.02 	0.06 	0.07 	0.03 	0.03 	0.05 	0.04 	0.01 	0.01 	0.04 	0.05 	0.13 	0.0 	0.02 	0.02 	
90 	0.03 	0.12 	0.03 	0.03 	0.04 	0.06 	0.08 	0.06 	0.01 	0.08 	0.16 	0.06 	0.01 	0.01 	0.04 	0.05 	0.06 	0.02 	0.02 	0.04 	
91 	0.05 	0.03 	0.07 	0.04 	0.01 	0.04 	0.05 	0.09 	0.01 	0.02 	0.11 	0.08 	0.04 	0.05 	0.12 	0.09 	0.02 	0.02 	0.02 	0.03 	
92 	0.04 	0.07 	0.04 	0.05 	0.01 	0.03 	0.05 	0.1 	0.05 	0.03 	0.11 	0.03 	0.05 	0.1 	0.02 	0.02 	0.06 	0.08 	0.02 	0.02 	
93 	0.12 	0.07 	0.03 	0.06 	0.01 	0.08 	0.02 	0.03 	0.02 	0.03 	0.08 	0.07 	0.01 	0.04 	0.11 	0.03 	0.05 	0.02 	0.08 	0.06 	
94 	0.04 	0.02 	0.01 	0.02 	0.05 	0.03 	0.06 	0.02 	0.01 	0.06 	0.23 	0.06 	0.06 	0.05 	0.08 	0.04 	0.06 	0.0 	0.05 	0.05 	
95 	0.05 	0.02 	0.01 	0.05 	0.03 	0.03 	0.02 	0.02 	0.01 	0.12 	0.2 	0.05 	0.02 	0.05 	0.02 	0.08 	0.14 	0.0 	0.03 	0.06 	
96 	0.09 	0.02 	0.05 	0.08 	0.01 	0.03 	0.09 	0.07 	0.01 	0.03 	0.06 	0.04 	0.01 	0.01 	0.02 	0.09 	0.2 	0.0 	0.02 	0.07 	
97 	0.05 	0.07 	0.03 	0.05 	0.01 	0.03 	0.02 	0.05 	0.01 	0.03 	0.07 	0.1 	0.02 	0.06 	0.2 	0.09 	0.06 	0.0 	0.03 	0.02 	
98 	0.07 	0.09 	0.02 	0.05 	0.01 	0.02 	0.05 	0.14 	0.02 	0.02 	0.05 	0.14 	0.01 	0.03 	0.06 	0.06 	0.09 	0.0 	0.01 	0.07 	
99 	0.07 	0.05 	0.03 	0.09 	0.02 	0.03 	0.15 	0.04 	0.02 	0.04 	0.03 	0.05 	0.01 	0.01 	0.03 	0.11 	0.13 	0.0 	0.01 	0.07 	
100 	0.06 	0.02 	0.02 	0.05 	0.07 	0.05 	0.03 	0.07 	0.06 	0.1 	0.12 	0.03 	0.02 	0.01 	0.09 	0.06 	0.06 	0.03 	0.01 	0.05 	
101 	0.23 	0.06 	0.02 	0.04 	0.0 	0.01 	0.06 	0.23 	0.02 	0.03 	0.06 	0.07 	0.01 	0.01 	0.04 	0.03 	0.01 	0.0 	0.01 	0.04 	
102 	0.04 	0.01 	0.03 	0.14 	0.0 	0.03 	0.11 	0.06 	0.07 	0.01 	0.03 	0.03 	0.03 	0.04 	0.08 	0.02 	0.15 	0.0 	0.02 	0.09 	
103 	0.04 	0.09 	0.01 	0.01 	0.02 	0.12 	0.05 	0.03 	0.08 	0.07 	0.04 	0.12 	0.0 	0.01 	0.02 	0.09 	0.14 	0.0 	0.02 	0.03 	
104 	0.08 	0.01 	0.04 	0.26 	0.05 	0.03 	0.03 	0.01 	0.02 	0.04 	0.07 	0.02 	0.0 	0.02 	0.02 	0.19 	0.08 	0.0 	0.0 	0.03 	
105 	0.02 	0.0 	0.02 	0.0 	0.0 	0.02 	0.03 	0.0 	0.06 	0.13 	0.29 	0.0 	0.04 	0.09 	0.0 	0.02 	0.0 	0.0 	0.13 	0.15 	
106 	0.06 	0.1 	0.05 	0.1 	0.0 	0.06 	0.14 	0.03 	0.03 	0.0 	0.0 	0.03 	0.02 	0.07 	0.0 	0.06 	0.07 	0.03 	0.14 	0.0 	
107 	0.04 	0.05 	0.06 	0.13 	0.0 	0.13 	0.26 	0.02 	0.03 	0.0 	0.01 	0.05 	0.0 	0.1 	0.01 	0.01 	0.02 	0.0 	0.07 	0.0 	
108 	0.09 	0.03 	0.0 	0.0 	0.02 	0.04 	0.02 	0.01 	0.02 	0.09 	0.18 	0.06 	0.03 	0.04 	0.0 	0.09 	0.09 	0.0 	0.05 	0.13 	
109 	0.06 	0.03 	0.0 	0.33 	0.03 	0.04 	0.06 	0.05 	0.0 	0.02 	0.04 	0.06 	0.0 	0.02 	0.03 	0.08 	0.08 	0.04 	0.0 	0.03 	
110 	0.1 	0.0 	0.03 	0.05 	0.0 	0.02 	0.0 	0.13 	0.0 	0.04 	0.18 	0.02 	0.01 	0.15 	0.04 	0.01 	0.03 	0.08 	0.08 	0.02 	
111 	0.02 	0.07 	0.09 	0.17 	0.0 	0.1 	0.06 	0.05 	0.03 	0.01 	0.05 	0.04 	0.01 	0.0 	0.06 	0.05 	0.15 	0.0 	0.0 	0.04 	
112 	0.12 	0.08 	0.02 	0.05 	0.0 	0.04 	0.09 	0.21 	0.0 	0.0 	0.03 	0.1 	0.04 	0.0 	0.06 	0.05 	0.03 	0.02 	0.03 	0.01 	
113 	0.04 	0.03 	0.05 	0.09 	0.0 	0.03 	0.05 	0.05 	0.05 	0.01 	0.01 	0.11 	0.0 	0.0 	0.36 	0.09 	0.02 	0.0 	0.0 	0.01 	
114 	0.09 	0.0 	0.02 	0.1 	0.03 	0.0 	0.01 	0.01 	0.02 	0.13 	0.16 	0.02 	0.06 	0.04 	0.0 	0.02 	0.15 	0.0 	0.02 	0.12 	
115 	0.42 	0.0 	0.0 	0.0 	0.02 	0.0 	0.0 	0.06 	0.0 	0.07 	0.09 	0.0 	0.0 	0.04 	0.0 	0.02 	0.0 	0.04 	0.07 	0.13 	
116 	0.0 	0.0 	0.0 	0.0 	0.0 	0.0 	0.0 	0.0 	0.0 	0.16 	0.56 	0.0 	0.01 	0.14 	0.0 	0.0 	0.0 	0.02 	0.0 	0.12 	
117 	0.01 	0.0 	0.0 	0.0 	0.0 	0.0 	0.0 	0.0 	0.0 	0.12 	0.18 	0.0 	0.05 	0.02 	0.0 	0.0 	0.0 	0.0 	0.0 	0.61 	
118 	0.0 	0.0 	0.0 	0.0 	0.0 	0.0 	0.0 	0.0 	0.0 	0.16 	0.13 	0.0 	0.15 	0.42 	0.02 	0.0 	0.0 	0.0 	0.0 	0.1 	
119 	0.0 	0.0 	0.0 	0.0 	0.0 	0.0 	0.0 	1.0 	0.0 	0.0 	0.0 	0.0 	0.0 	0.0 	0.0 	0.0 	0.0 	0.0 	0.0 	0.0 	
120 	0.16 	0.18 	0.14 	0.0 	0.0 	0.07 	0.0 	0.12 	0.0 	0.0 	0.02 	0.01 	0.0 	0.0 	0.09 	0.2 	0.02 	0.0 	0.0 	0.0 	
121 	0.0 	0.0 	0.0 	0.0 	0.0 	0.0 	1.0 	0.0 	0.0 	0.0 	0.0 	0.0 	0.0 	0.0 	0.0 	0.0 	0.0 	0.0 	0.0 	0.0 	
122 	0.01 	0.06 	0.0 	0.1 	0.0 	0.0 	0.0 	0.28 	0.0 	0.0 	0.04 	0.07 	0.0 	0.0 	0.0 	0.12 	0.28 	0.0 	0.03 	0.0 	
123 	0.08 	0.16 	0.0 	0.06 	0.0 	0.06 	0.08 	0.03 	0.09 	0.01 	0.0 	0.13 	0.0 	0.02 	0.04 	0.07 	0.1 	0.01 	0.01 	0.05 	
124 	0.0 	0.0 	0.0 	0.0 	0.0 	0.0 	0.0 	1.0 	0.0 	0.0 	0.0 	0.0 	0.0 	0.0 	0.0 	0.0 	0.0 	0.0 	0.0 	0.0 	
125 	0.0 	0.0 	0.0 	0.0 	0.0 	0.0 	0.0 	0.0 	0.0 	0.04 	0.63 	0.0 	0.12 	0.0 	0.04 	0.0 	0.0 	0.0 	0.0 	0.17 	
126 	0.02 	0.17 	0.02 	0.01 	0.0 	0.0 	0.0 	0.01 	0.01 	0.0 	0.0 	0.02 	0.0 	0.0 	0.28 	0.33 	0.13 	0.0 	0.0 	0.0 	
127 	0.14 	0.23 	0.11 	0.06 	0.0 	0.08 	0.08 	0.03 	0.0 	0.05 	0.03 	0.05 	0.01 	0.0 	0.06 	0.01 	0.03 	0.0 	0.0 	0.01 	
128 	0.11 	0.0 	0.07 	0.08 	0.0 	0.0 	0.35 	0.0 	0.0 	0.01 	0.26 	0.0 	0.01 	0.0 	0.03 	0.03 	0.03 	0.0 	0.02 	0.0 	
129 	0.11 	0.0 	0.01 	0.0 	0.0 	0.0 	0.11 	0.0 	0.0 	0.14 	0.12 	0.0 	0.01 	0.06 	0.0 	0.06 	0.14 	0.03 	0.0 	0.21 	
130 	0.01 	0.24 	0.0 	0.0 	0.0 	0.04 	0.03 	0.0 	0.03 	0.07 	0.39 	0.08 	0.05 	0.02 	0.0 	0.01 	0.01 	0.0 	0.0 	0.03 	
131 	0.12 	0.05 	0.0 	0.14 	0.0 	0.14 	0.34 	0.05 	0.0 	0.0 	0.03 	0.04 	0.03 	0.0 	0.01 	0.01 	0.03 	0.0 	0.0 	0.0 	
132 	0.08 	0.06 	0.1 	0.0 	0.01 	0.08 	0.01 	0.0 	0.09 	0.05 	0.18 	0.16 	0.0 	0.0 	0.04 	0.09 	0.03 	0.0 	0.01 	0.01 	
133 	0.29 	0.0 	0.06 	0.0 	0.37 	0.0 	0.0 	0.0 	0.0 	0.01 	0.02 	0.02 	0.03 	0.01 	0.02 	0.13 	0.04 	0.0 	0.0 	0.0 	
134 	0.02 	0.0 	0.02 	0.5 	0.0 	0.1 	0.18 	0.0 	0.05 	0.0 	0.0 	0.0 	0.0 	0.0 	0.02 	0.03 	0.06 	0.0 	0.0 	0.0 	
135 	0.06 	0.05 	0.03 	0.02 	0.01 	0.14 	0.07 	0.04 	0.05 	0.0 	0.11 	0.1 	0.02 	0.13 	0.0 	0.03 	0.01 	0.0 	0.06 	0.06 	
136 	0.03 	0.21 	0.02 	0.02 	0.04 	0.05 	0.01 	0.0 	0.06 	0.01 	0.23 	0.07 	0.0 	0.02 	0.0 	0.03 	0.07 	0.0 	0.05 	0.06 	
137 	0.02 	0.0 	0.0 	0.0 	0.0 	0.0 	0.0 	0.0 	0.0 	0.25 	0.25 	0.0 	0.0 	0.02 	0.0 	0.02 	0.03 	0.0 	0.0 	0.43 	
138 	0.06 	0.27 	0.03 	0.0 	0.01 	0.01 	0.03 	0.04 	0.02 	0.02 	0.03 	0.14 	0.0 	0.03 	0.0 	0.18 	0.03 	0.0 	0.05 	0.05 	
139 	0.0 	0.0 	0.0 	0.0 	0.0 	0.0 	0.0 	0.0 	0.0 	0.85 	0.08 	0.0 	0.0 	0.0 	0.0 	0.0 	0.0 	0.0 	0.0 	0.07 	
140 	0.01 	0.0 	0.0 	0.02 	0.0 	0.01 	0.0 	0.02 	0.0 	0.0 	0.0 	0.0 	0.0 	0.0 	0.94 	0.0 	0.0 	0.0 	0.0 	0.0 	
141 	0.05 	0.01 	0.0 	0.0 	0.0 	0.03 	0.0 	0.06 	0.0 	0.05 	0.09 	0.0 	0.59 	0.02 	0.0 	0.01 	0.04 	0.0 	0.0 	0.05 	
142 	0.17 	0.06 	0.14 	0.01 	0.02 	0.05 	0.02 	0.02 	0.0 	0.02 	0.09 	0.0 	0.04 	0.01 	0.04 	0.06 	0.06 	0.03 	0.05 	0.12 	
143 	0.08 	0.02 	0.04 	0.04 	0.0 	0.01 	0.07 	0.33 	0.02 	0.0 	0.0 	0.02 	0.0 	0.0 	0.32 	0.04 	0.0 	0.0 	0.02 	0.0 	
144 	0.02 	0.0 	0.08 	0.11 	0.0 	0.06 	0.08 	0.17 	0.06 	0.03 	0.0 	0.1 	0.05 	0.02 	0.06 	0.13 	0.02 	0.0 	0.0 	0.0 	
145 	0.08 	0.0 	0.04 	0.0 	0.0 	0.02 	0.0 	0.0 	0.0 	0.12 	0.04 	0.0 	0.02 	0.01 	0.0 	0.08 	0.1 	0.0 	0.12 	0.38 	
146 	0.02 	0.28 	0.05 	0.16 	0.0 	0.08 	0.2 	0.02 	0.0 	0.0 	0.0 	0.0 	0.0 	0.0 	0.06 	0.12 	0.01 	0.0 	0.0 	0.01 	
147 	0.01 	0.0 	0.0 	0.0 	0.0 	0.0 	0.0 	0.02 	0.0 	0.01 	0.0 	0.0 	0.0 	0.0 	0.0 	0.94 	0.0 	0.0 	0.0 	0.01 	
148 	0.0 	0.0 	0.0 	0.0 	0.0 	0.0 	0.0 	0.0 	0.0 	0.03 	0.86 	0.0 	0.09 	0.0 	0.0 	0.0 	0.0 	0.0 	0.02 	0.0 	
149 	0.0 	0.0 	1.0 	0.0 	0.0 	0.0 	0.0 	0.0 	0.0 	0.0 	0.0 	0.0 	0.0 	0.0 	0.0 	0.0 	0.0 	0.0 	0.0 	0.0 	
150 	0.09 	0.0 	0.0 	0.0 	0.0 	0.0 	0.0 	0.0 	0.0 	0.04 	0.35 	0.0 	0.0 	0.0 	0.0 	0.08 	0.0 	0.0 	0.0 	0.44 	
151 	0.3 	0.0 	0.0 	0.0 	0.0 	0.0 	0.0 	0.03 	0.02 	0.0 	0.0 	0.0 	0.0 	0.0 	0.0 	0.66 	0.0 	0.0 	0.0 	0.0 	
152 	0.01 	0.0 	0.24 	0.0 	0.0 	0.03 	0.0 	0.0 	0.03 	0.03 	0.02 	0.0 	0.12 	0.0 	0.0 	0.03 	0.02 	0.0 	0.0 	0.48 	
153 	0.75 	0.0 	0.0 	0.0 	0.0 	0.0 	0.0 	0.0 	0.0 	0.0 	0.0 	0.0 	0.0 	0.0 	0.0 	0.13 	0.12 	0.0 	0.0 	0.0 	
154 	0.37 	0.0 	0.0 	0.0 	0.01 	0.0 	0.0 	0.03 	0.0 	0.0 	0.05 	0.0 	0.0 	0.0 	0.0 	0.06 	0.13 	0.0 	0.0 	0.35 	
155 	0.33 	0.0 	0.0 	0.0 	0.01 	0.06 	0.0 	0.4 	0.0 	0.0 	0.0 	0.0 	0.03 	0.0 	0.0 	0.11 	0.03 	0.0 	0.0 	0.02 	
156 	0.02 	0.0 	0.0 	0.0 	0.03 	0.0 	0.0 	0.0 	0.0 	0.4 	0.13 	0.0 	0.06 	0.0 	0.0 	0.0 	0.0 	0.0 	0.0 	0.36 	
157 	0.08 	0.0 	0.0 	0.0 	0.09 	0.0 	0.0 	0.0 	0.0 	0.16 	0.3 	0.0 	0.05 	0.03 	0.0 	0.01 	0.05 	0.0 	0.03 	0.2 	
158 	0.04 	0.0 	0.0 	0.0 	0.03 	0.0 	0.0 	0.0 	0.0 	0.07 	0.59 	0.0 	0.05 	0.02 	0.0 	0.03 	0.01 	0.0 	0.0 	0.15 	
159 	0.04 	0.0 	0.0 	0.0 	0.0 	0.0 	0.0 	0.05 	0.08 	0.0 	0.0 	0.0 	0.0 	0.31 	0.0 	0.01 	0.0 	0.02 	0.49 	0.0 	
160 	0.0 	0.02 	0.0 	0.0 	0.0 	0.03 	0.85 	0.0 	0.01 	0.0 	0.0 	0.0 	0.0 	0.0 	0.0 	0.06 	0.03 	0.0 	0.0 	0.0 	
161 	0.4 	0.04 	0.0 	0.0 	0.0 	0.0 	0.0 	0.09 	0.0 	0.13 	0.17 	0.0 	0.0 	0.0 	0.0 	0.02 	0.03 	0.0 	0.02 	0.09 	
162 	0.07 	0.19 	0.0 	0.0 	0.01 	0.07 	0.0 	0.02 	0.0 	0.02 	0.14 	0.08 	0.0 	0.02 	0.0 	0.03 	0.03 	0.15 	0.02 	0.13 	
163 	0.0 	0.8 	0.0 	0.02 	0.0 	0.0 	0.0 	0.0 	0.0 	0.01 	0.0 	0.02 	0.09 	0.0 	0.0 	0.0 	0.0 	0.0 	0.0 	0.02 	
164 	0.1 	0.05 	0.0 	0.0 	0.0 	0.81 	0.0 	0.0 	0.0 	0.0 	0.0 	0.0 	0.0 	0.0 	0.0 	0.0 	0.0 	0.0 	0.0 	0.0 	
165 	0.0 	0.29 	0.08 	0.0 	0.0 	0.22 	0.0 	0.0 	0.07 	0.0 	0.09 	0.02 	0.0 	0.04 	0.0 	0.0 	0.0 	0.17 	0.02 	0.0 	
166 	0.0 	0.06 	0.0 	0.0 	0.0 	0.0 	0.0 	0.0 	0.0 	0.05 	0.66 	0.03 	0.02 	0.0 	0.0 	0.04 	0.0 	0.1 	0.0 	0.04 	
167 	0.28 	0.0 	0.06 	0.06 	0.0 	0.03 	0.0 	0.04 	0.0 	0.0 	0.11 	0.08 	0.05 	0.0 	0.0 	0.18 	0.0 	0.0 	0.03 	0.04 	
168 	0.25 	0.33 	0.02 	0.0 	0.0 	0.08 	0.0 	0.0 	0.0 	0.0 	0.07 	0.07 	0.0 	0.0 	0.0 	0.15 	0.02 	0.0 	0.0 	0.0 	
169 	0.04 	0.07 	0.24 	0.09 	0.0 	0.32 	0.0 	0.0 	0.09 	0.0 	0.0 	0.03 	0.0 	0.0 	0.0 	0.09 	0.04 	0.0 	0.0 	0.0 	
170 	0.0 	0.0 	0.29 	0.25 	0.0 	0.0 	0.06 	0.4 	0.0 	0.0 	0.0 	0.0 	0.0 	0.0 	0.0 	0.0 	0.0 	0.0 	0.0 	0.0 	
171 	0.0 	0.0 	0.0 	0.0 	0.0 	0.0 	0.0 	0.0 	0.0 	0.0 	0.0 	1.0 	0.0 	0.0 	0.0 	0.0 	0.0 	0.0 	0.0 	0.0 	
