	A 	R 	N 	D 	C 	Q 	E 	G 	H 	I 	L 	K 	M 	F 	P 	S 	T 	W 	Y 	V 	
1 	0.0 	0.0 	0.0 	0.0 	0.0 	0.0 	0.0 	0.0 	0.0 	0.0 	0.1 	0.0 	0.68 	0.0 	0.0 	0.0 	0.0 	0.0 	0.0 	0.23 	
2 	0.11 	0.04 	0.0 	0.0 	0.0 	0.09 	0.37 	0.0 	0.0 	0.0 	0.0 	0.07 	0.0 	0.0 	0.0 	0.22 	0.1 	0.0 	0.0 	0.0 	
3 	0.0 	0.0 	0.1 	0.05 	0.0 	0.0 	0.06 	0.2 	0.08 	0.0 	0.0 	0.03 	0.0 	0.0 	0.0 	0.13 	0.28 	0.0 	0.07 	0.0 	
4 	0.12 	0.0 	0.0 	0.04 	0.0 	0.08 	0.11 	0.02 	0.02 	0.1 	0.05 	0.02 	0.04 	0.0 	0.0 	0.07 	0.16 	0.0 	0.0 	0.16 	
5 	0.0 	0.0 	0.0 	0.0 	0.0 	0.0 	0.0 	0.0 	0.0 	0.37 	0.23 	0.0 	0.01 	0.0 	0.0 	0.0 	0.02 	0.0 	0.0 	0.36 	
6 	0.05 	0.24 	0.0 	0.0 	0.01 	0.0 	0.04 	0.16 	0.01 	0.03 	0.05 	0.06 	0.0 	0.0 	0.02 	0.11 	0.1 	0.0 	0.03 	0.09 	
7 	0.42 	0.0 	0.0 	0.0 	0.01 	0.0 	0.04 	0.0 	0.0 	0.01 	0.0 	0.0 	0.0 	0.0 	0.0 	0.45 	0.04 	0.0 	0.0 	0.03 	
8 	0.03 	0.0 	0.0 	0.02 	0.0 	0.06 	0.14 	0.0 	0.0 	0.0 	0.0 	0.06 	0.0 	0.0 	0.64 	0.03 	0.03 	0.0 	0.0 	0.0 	
9 	0.09 	0.0 	0.0 	0.0 	0.0 	0.0 	0.0 	0.03 	0.0 	0.04 	0.09 	0.0 	0.46 	0.04 	0.0 	0.08 	0.11 	0.0 	0.02 	0.04 	
10 	0.24 	0.01 	0.03 	0.0 	0.0 	0.09 	0.0 	0.0 	0.0 	0.0 	0.01 	0.03 	0.0 	0.0 	0.35 	0.06 	0.07 	0.0 	0.0 	0.12 	
11 	0.04 	0.0 	0.0 	0.03 	0.04 	0.0 	0.0 	0.86 	0.0 	0.0 	0.04 	0.0 	0.0 	0.0 	0.0 	0.0 	0.0 	0.0 	0.0 	0.0 	
12 	0.01 	0.08 	0.09 	0.02 	0.0 	0.0 	0.08 	0.02 	0.0 	0.03 	0.07 	0.17 	0.01 	0.0 	0.0 	0.05 	0.31 	0.0 	0.0 	0.06 	
13 	0.01 	0.0 	0.0 	0.0 	0.0 	0.0 	0.01 	0.0 	0.0 	0.29 	0.2 	0.03 	0.01 	0.08 	0.0 	0.0 	0.0 	0.0 	0.0 	0.38 	
14 	0.11 	0.0 	0.01 	0.01 	0.0 	0.01 	0.04 	0.02 	0.0 	0.09 	0.11 	0.03 	0.04 	0.0 	0.02 	0.05 	0.08 	0.05 	0.09 	0.25 	
15 	0.08 	0.14 	0.01 	0.03 	0.01 	0.06 	0.21 	0.0 	0.0 	0.01 	0.0 	0.3 	0.0 	0.0 	0.02 	0.05 	0.05 	0.0 	0.01 	0.02 	
16 	0.02 	0.0 	0.0 	0.02 	0.0 	0.0 	0.0 	0.0 	0.0 	0.06 	0.02 	0.0 	0.02 	0.05 	0.01 	0.06 	0.0 	0.38 	0.08 	0.27 	
17 	0.01 	0.04 	0.05 	0.03 	0.0 	0.02 	0.04 	0.0 	0.05 	0.03 	0.35 	0.09 	0.02 	0.13 	0.0 	0.02 	0.03 	0.0 	0.05 	0.03 	
18 	0.03 	0.01 	0.0 	0.0 	0.0 	0.0 	0.0 	0.0 	0.0 	0.03 	0.03 	0.23 	0.0 	0.01 	0.03 	0.0 	0.0 	0.0 	0.01 	0.62 	
19 	0.11 	0.02 	0.04 	0.05 	0.0 	0.04 	0.13 	0.0 	0.03 	0.0 	0.0 	0.48 	0.0 	0.0 	0.0 	0.08 	0.02 	0.0 	0.0 	0.0 	
20 	0.08 	0.0 	0.03 	0.09 	0.0 	0.01 	0.25 	0.0 	0.0 	0.04 	0.05 	0.04 	0.0 	0.0 	0.13 	0.02 	0.01 	0.0 	0.0 	0.24 	
21 	0.0 	0.0 	0.03 	0.0 	0.0 	0.0 	0.01 	0.94 	0.0 	0.0 	0.0 	0.01 	0.0 	0.0 	0.0 	0.0 	0.0 	0.0 	0.0 	0.0 	
22 	0.08 	0.01 	0.0 	0.6 	0.0 	0.03 	0.1 	0.03 	0.0 	0.0 	0.01 	0.03 	0.0 	0.0 	0.0 	0.07 	0.04 	0.0 	0.0 	0.01 	
23 	0.07 	0.06 	0.02 	0.01 	0.0 	0.06 	0.07 	0.0 	0.11 	0.01 	0.06 	0.21 	0.02 	0.01 	0.02 	0.08 	0.14 	0.0 	0.01 	0.02 	
24 	0.0 	0.0 	0.0 	0.0 	0.0 	0.0 	0.0 	0.0 	0.0 	0.21 	0.07 	0.02 	0.0 	0.02 	0.0 	0.0 	0.0 	0.0 	0.0 	0.69 	
25 	0.08 	0.05 	0.07 	0.09 	0.0 	0.02 	0.14 	0.01 	0.01 	0.01 	0.0 	0.33 	0.01 	0.03 	0.0 	0.11 	0.03 	0.0 	0.0 	0.02 	
26 	0.22 	0.02 	0.0 	0.0 	0.01 	0.05 	0.2 	0.0 	0.0 	0.05 	0.01 	0.28 	0.0 	0.01 	0.04 	0.02 	0.03 	0.0 	0.0 	0.06 	
27 	0.0 	0.0 	0.04 	0.22 	0.0 	0.0 	0.03 	0.66 	0.0 	0.0 	0.0 	0.01 	0.0 	0.03 	0.0 	0.0 	0.0 	0.0 	0.01 	0.0 	
28 	0.0 	0.0 	0.0 	0.36 	0.0 	0.3 	0.2 	0.0 	0.0 	0.0 	0.01 	0.0 	0.0 	0.0 	0.0 	0.06 	0.06 	0.0 	0.0 	0.01 	
29 	0.07 	0.0 	0.02 	0.0 	0.02 	0.01 	0.06 	0.03 	0.01 	0.04 	0.09 	0.01 	0.0 	0.0 	0.2 	0.09 	0.08 	0.0 	0.01 	0.27 	
30 	0.0 	0.0 	0.0 	0.0 	0.0 	0.0 	0.0 	0.0 	0.0 	0.24 	0.43 	0.0 	0.0 	0.02 	0.0 	0.0 	0.0 	0.0 	0.08 	0.23 	
31 	0.33 	0.0 	0.0 	0.0 	0.19 	0.0 	0.0 	0.0 	0.0 	0.04 	0.17 	0.0 	0.03 	0.07 	0.0 	0.0 	0.0 	0.0 	0.01 	0.16 	
32 	0.0 	0.0 	0.01 	0.05 	0.0 	0.01 	0.34 	0.0 	0.0 	0.17 	0.02 	0.03 	0.0 	0.01 	0.0 	0.05 	0.06 	0.03 	0.0 	0.21 	
33 	0.0 	0.0 	0.01 	0.0 	0.02 	0.0 	0.0 	0.0 	0.0 	0.35 	0.21 	0.0 	0.07 	0.02 	0.0 	0.0 	0.01 	0.0 	0.0 	0.3 	
34 	0.0 	0.0 	0.0 	0.0 	0.0 	0.05 	0.79 	0.03 	0.0 	0.01 	0.0 	0.03 	0.02 	0.0 	0.0 	0.08 	0.0 	0.0 	0.0 	0.0 	
35 	0.34 	0.0 	0.04 	0.0 	0.0 	0.0 	0.0 	0.06 	0.0 	0.01 	0.0 	0.0 	0.0 	0.0 	0.0 	0.15 	0.29 	0.0 	0.0 	0.09 	
36 	0.05 	0.0 	0.0 	0.35 	0.0 	0.01 	0.05 	0.0 	0.0 	0.0 	0.02 	0.02 	0.41 	0.0 	0.03 	0.02 	0.0 	0.0 	0.0 	0.03 	
37 	0.0 	0.04 	0.0 	0.0 	0.0 	0.03 	0.03 	0.0 	0.0 	0.0 	0.0 	0.89 	0.0 	0.0 	0.0 	0.0 	0.0 	0.0 	0.0 	0.0 	
38 	0.21 	0.0 	0.02 	0.0 	0.0 	0.0 	0.0 	0.0 	0.0 	0.04 	0.08 	0.0 	0.34 	0.0 	0.02 	0.05 	0.06 	0.0 	0.0 	0.16 	
39 	0.06 	0.0 	0.04 	0.03 	0.03 	0.07 	0.32 	0.0 	0.0 	0.03 	0.01 	0.01 	0.07 	0.01 	0.02 	0.07 	0.14 	0.0 	0.01 	0.07 	
40 	0.05 	0.03 	0.14 	0.0 	0.0 	0.02 	0.02 	0.02 	0.09 	0.11 	0.05 	0.0 	0.26 	0.0 	0.0 	0.03 	0.05 	0.0 	0.0 	0.14 	
41 	0.04 	0.04 	0.0 	0.13 	0.0 	0.01 	0.38 	0.01 	0.01 	0.01 	0.0 	0.03 	0.0 	0.0 	0.11 	0.03 	0.1 	0.0 	0.0 	0.1 	
42 	0.0 	0.0 	0.0 	0.0 	0.0 	0.0 	0.0 	0.0 	0.0 	0.35 	0.22 	0.0 	0.03 	0.05 	0.0 	0.0 	0.0 	0.0 	0.0 	0.36 	
43 	0.04 	0.09 	0.05 	0.02 	0.0 	0.03 	0.17 	0.0 	0.01 	0.01 	0.07 	0.11 	0.0 	0.0 	0.17 	0.06 	0.1 	0.0 	0.03 	0.05 	
44 	0.48 	0.0 	0.0 	0.0 	0.02 	0.03 	0.0 	0.0 	0.0 	0.0 	0.01 	0.0 	0.0 	0.01 	0.0 	0.37 	0.03 	0.0 	0.01 	0.04 	
45 	0.04 	0.03 	0.01 	0.03 	0.0 	0.07 	0.13 	0.05 	0.01 	0.03 	0.01 	0.02 	0.01 	0.01 	0.5 	0.03 	0.01 	0.0 	0.0 	0.02 	
46 	0.11 	0.05 	0.0 	0.08 	0.04 	0.02 	0.17 	0.0 	0.03 	0.05 	0.03 	0.08 	0.05 	0.06 	0.0 	0.09 	0.0 	0.0 	0.04 	0.12 	
47 	0.25 	0.01 	0.04 	0.2 	0.0 	0.0 	0.07 	0.03 	0.0 	0.01 	0.0 	0.04 	0.01 	0.0 	0.0 	0.25 	0.08 	0.0 	0.0 	0.0 	
48 	0.02 	0.0 	0.0 	0.0 	0.0 	0.0 	0.0 	0.98 	0.0 	0.0 	0.0 	0.0 	0.0 	0.0 	0.0 	0.0 	0.0 	0.0 	0.0 	0.0 	
49 	0.0 	0.07 	0.0 	0.0 	0.02 	0.02 	0.02 	0.0 	0.0 	0.11 	0.02 	0.1 	0.03 	0.01 	0.0 	0.02 	0.25 	0.0 	0.07 	0.27 	
50 	0.0 	0.0 	0.0 	0.0 	0.0 	0.0 	0.0 	0.0 	0.0 	0.33 	0.2 	0.0 	0.0 	0.0 	0.0 	0.0 	0.0 	0.0 	0.0 	0.44 	
51 	0.13 	0.09 	0.01 	0.01 	0.0 	0.06 	0.08 	0.04 	0.1 	0.03 	0.04 	0.21 	0.01 	0.01 	0.0 	0.05 	0.09 	0.0 	0.0 	0.06 	
52 	0.09 	0.03 	0.01 	0.04 	0.0 	0.04 	0.27 	0.07 	0.01 	0.01 	0.02 	0.27 	0.0 	0.02 	0.0 	0.05 	0.0 	0.0 	0.04 	0.01 	
53 	0.03 	0.0 	0.03 	0.0 	0.0 	0.02 	0.0 	0.0 	0.0 	0.39 	0.24 	0.01 	0.0 	0.03 	0.0 	0.0 	0.0 	0.0 	0.0 	0.25 	
54 	0.06 	0.01 	0.08 	0.0 	0.04 	0.01 	0.03 	0.02 	0.07 	0.05 	0.3 	0.11 	0.02 	0.04 	0.01 	0.03 	0.02 	0.0 	0.03 	0.09 	
55 	0.16 	0.03 	0.0 	0.0 	0.02 	0.01 	0.03 	0.03 	0.03 	0.11 	0.03 	0.11 	0.02 	0.02 	0.0 	0.01 	0.03 	0.0 	0.03 	0.33 	
56 	0.09 	0.05 	0.11 	0.05 	0.0 	0.12 	0.1 	0.02 	0.02 	0.0 	0.0 	0.23 	0.01 	0.0 	0.07 	0.08 	0.05 	0.0 	0.0 	0.01 	
57 	0.09 	0.0 	0.1 	0.09 	0.0 	0.02 	0.32 	0.0 	0.0 	0.03 	0.03 	0.02 	0.0 	0.0 	0.14 	0.02 	0.02 	0.0 	0.0 	0.12 	
58 	0.01 	0.01 	0.02 	0.05 	0.0 	0.0 	0.02 	0.85 	0.0 	0.0 	0.0 	0.0 	0.0 	0.0 	0.0 	0.04 	0.0 	0.0 	0.0 	0.0 	
59 	0.08 	0.0 	0.01 	0.35 	0.0 	0.17 	0.14 	0.03 	0.0 	0.0 	0.03 	0.05 	0.01 	0.0 	0.0 	0.08 	0.06 	0.0 	0.0 	0.01 	
60 	0.1 	0.02 	0.06 	0.01 	0.0 	0.05 	0.05 	0.01 	0.0 	0.06 	0.01 	0.12 	0.02 	0.01 	0.04 	0.09 	0.19 	0.0 	0.01 	0.14 	
61 	0.07 	0.0 	0.0 	0.0 	0.01 	0.0 	0.0 	0.0 	0.0 	0.17 	0.1 	0.0 	0.06 	0.0 	0.0 	0.0 	0.0 	0.0 	0.0 	0.6 	
62 	0.1 	0.01 	0.03 	0.1 	0.0 	0.13 	0.16 	0.02 	0.01 	0.01 	0.01 	0.1 	0.0 	0.01 	0.07 	0.09 	0.07 	0.0 	0.01 	0.06 	
63 	0.18 	0.04 	0.01 	0.04 	0.01 	0.01 	0.04 	0.06 	0.0 	0.03 	0.02 	0.01 	0.01 	0.03 	0.09 	0.05 	0.07 	0.0 	0.02 	0.29 	
64 	0.01 	0.01 	0.06 	0.07 	0.0 	0.02 	0.01 	0.76 	0.02 	0.0 	0.0 	0.03 	0.0 	0.0 	0.0 	0.03 	0.0 	0.0 	0.0 	0.0 	
65 	0.11 	0.0 	0.02 	0.24 	0.03 	0.17 	0.11 	0.01 	0.01 	0.01 	0.0 	0.07 	0.0 	0.0 	0.0 	0.13 	0.1 	0.0 	0.0 	0.0 	
66 	0.08 	0.0 	0.01 	0.01 	0.0 	0.0 	0.06 	0.01 	0.0 	0.08 	0.25 	0.03 	0.01 	0.0 	0.18 	0.0 	0.07 	0.0 	0.0 	0.21 	
67 	0.0 	0.0 	0.0 	0.0 	0.01 	0.0 	0.0 	0.0 	0.0 	0.38 	0.49 	0.0 	0.03 	0.0 	0.0 	0.0 	0.0 	0.0 	0.0 	0.08 	
68 	0.39 	0.0 	0.0 	0.0 	0.05 	0.0 	0.0 	0.09 	0.0 	0.08 	0.04 	0.0 	0.09 	0.1 	0.0 	0.0 	0.0 	0.0 	0.01 	0.15 	
69 	0.01 	0.17 	0.02 	0.03 	0.0 	0.03 	0.16 	0.0 	0.0 	0.09 	0.05 	0.13 	0.01 	0.0 	0.0 	0.01 	0.08 	0.0 	0.02 	0.2 	
70 	0.0 	0.0 	0.0 	0.0 	0.0 	0.0 	0.0 	0.0 	0.0 	0.44 	0.36 	0.0 	0.02 	0.05 	0.0 	0.0 	0.0 	0.0 	0.0 	0.13 	
71 	0.44 	0.0 	0.0 	0.0 	0.0 	0.0 	0.0 	0.29 	0.0 	0.0 	0.0 	0.0 	0.0 	0.0 	0.0 	0.27 	0.0 	0.0 	0.0 	0.0 	
