	A 	R 	N 	D 	C 	Q 	E 	G 	H 	I 	L 	K 	M 	F 	P 	S 	T 	W 	Y 	V 	
1 	0.0 	0.0 	0.0 	0.0 	0.0 	0.0 	0.0 	0.0 	0.0 	0.05 	0.1 	0.0 	0.63 	0.0 	0.0 	0.0 	0.0 	0.0 	0.0 	0.22 	
2 	0.02 	0.24 	0.18 	0.03 	0.0 	0.07 	0.18 	0.02 	0.0 	0.0 	0.0 	0.23 	0.0 	0.0 	0.0 	0.0 	0.02 	0.0 	0.0 	0.0 	
3 	0.02 	0.0 	0.01 	0.0 	0.0 	0.0 	0.02 	0.0 	0.0 	0.34 	0.18 	0.01 	0.06 	0.02 	0.0 	0.0 	0.0 	0.0 	0.0 	0.34 	
4 	0.12 	0.14 	0.04 	0.03 	0.0 	0.12 	0.17 	0.01 	0.04 	0.01 	0.03 	0.1 	0.03 	0.0 	0.01 	0.08 	0.07 	0.0 	0.0 	0.0 	
5 	0.27 	0.03 	0.01 	0.02 	0.0 	0.16 	0.17 	0.02 	0.04 	0.01 	0.02 	0.06 	0.0 	0.0 	0.07 	0.08 	0.01 	0.0 	0.01 	0.01 	
6 	0.05 	0.04 	0.01 	0.01 	0.0 	0.0 	0.02 	0.02 	0.01 	0.11 	0.14 	0.11 	0.14 	0.11 	0.01 	0.07 	0.01 	0.0 	0.04 	0.1 	
7 	0.07 	0.01 	0.09 	0.07 	0.0 	0.02 	0.04 	0.01 	0.0 	0.0 	0.06 	0.01 	0.02 	0.44 	0.0 	0.02 	0.08 	0.0 	0.06 	0.01 	
8 	0.03 	0.01 	0.1 	0.27 	0.0 	0.02 	0.25 	0.16 	0.03 	0.0 	0.0 	0.04 	0.0 	0.0 	0.01 	0.04 	0.0 	0.0 	0.01 	0.01 	
9 	0.05 	0.15 	0.03 	0.06 	0.0 	0.05 	0.14 	0.02 	0.01 	0.02 	0.01 	0.17 	0.01 	0.01 	0.03 	0.17 	0.05 	0.01 	0.01 	0.01 	
10 	0.08 	0.02 	0.02 	0.05 	0.0 	0.03 	0.15 	0.01 	0.01 	0.06 	0.02 	0.16 	0.01 	0.01 	0.02 	0.03 	0.04 	0.04 	0.03 	0.23 	
11 	0.46 	0.01 	0.01 	0.01 	0.0 	0.04 	0.05 	0.03 	0.0 	0.02 	0.05 	0.09 	0.0 	0.09 	0.02 	0.04 	0.02 	0.0 	0.0 	0.06 	
12 	0.04 	0.07 	0.01 	0.06 	0.0 	0.05 	0.18 	0.1 	0.05 	0.0 	0.02 	0.16 	0.01 	0.01 	0.08 	0.1 	0.02 	0.0 	0.02 	0.02 	
13 	0.03 	0.09 	0.03 	0.02 	0.0 	0.03 	0.03 	0.02 	0.01 	0.03 	0.12 	0.06 	0.02 	0.02 	0.09 	0.05 	0.06 	0.0 	0.05 	0.23 	
14 	0.03 	0.0 	0.02 	0.0 	0.0 	0.0 	0.0 	0.0 	0.01 	0.06 	0.08 	0.0 	0.01 	0.32 	0.0 	0.02 	0.0 	0.01 	0.24 	0.19 	
15 	0.04 	0.04 	0.05 	0.27 	0.0 	0.05 	0.06 	0.01 	0.25 	0.01 	0.01 	0.03 	0.01 	0.02 	0.07 	0.03 	0.01 	0.0 	0.04 	0.0 	
16 	0.03 	0.2 	0.03 	0.21 	0.0 	0.1 	0.07 	0.06 	0.03 	0.01 	0.03 	0.07 	0.0 	0.01 	0.01 	0.1 	0.02 	0.0 	0.01 	0.01 	
17 	0.05 	0.03 	0.06 	0.01 	0.0 	0.01 	0.02 	0.01 	0.02 	0.08 	0.1 	0.02 	0.22 	0.03 	0.0 	0.02 	0.04 	0.0 	0.02 	0.25 	
18 	0.13 	0.02 	0.16 	0.01 	0.0 	0.01 	0.02 	0.1 	0.01 	0.09 	0.04 	0.0 	0.01 	0.29 	0.0 	0.01 	0.03 	0.0 	0.03 	0.06 	
19 	0.08 	0.04 	0.04 	0.09 	0.01 	0.07 	0.07 	0.09 	0.05 	0.01 	0.02 	0.05 	0.01 	0.01 	0.08 	0.13 	0.09 	0.01 	0.03 	0.03 	
20 	0.03 	0.21 	0.04 	0.02 	0.0 	0.07 	0.02 	0.03 	0.04 	0.04 	0.11 	0.08 	0.01 	0.05 	0.02 	0.08 	0.07 	0.02 	0.01 	0.05 	
21 	0.16 	0.06 	0.01 	0.01 	0.0 	0.05 	0.01 	0.1 	0.0 	0.09 	0.09 	0.02 	0.03 	0.02 	0.03 	0.18 	0.02 	0.0 	0.01 	0.1 	
22 	0.22 	0.04 	0.03 	0.13 	0.0 	0.02 	0.03 	0.02 	0.01 	0.05 	0.04 	0.02 	0.01 	0.02 	0.03 	0.11 	0.05 	0.01 	0.02 	0.12 	
23 	0.07 	0.04 	0.04 	0.04 	0.0 	0.03 	0.13 	0.02 	0.17 	0.03 	0.03 	0.07 	0.01 	0.04 	0.13 	0.04 	0.05 	0.04 	0.01 	0.03 	
24 	0.04 	0.19 	0.02 	0.01 	0.01 	0.05 	0.04 	0.11 	0.04 	0.02 	0.02 	0.16 	0.02 	0.04 	0.03 	0.04 	0.04 	0.05 	0.04 	0.03 	
25 	0.06 	0.02 	0.03 	0.0 	0.01 	0.03 	0.01 	0.03 	0.03 	0.04 	0.08 	0.01 	0.02 	0.03 	0.01 	0.01 	0.09 	0.06 	0.38 	0.03 	
26 	0.05 	0.12 	0.02 	0.34 	0.0 	0.03 	0.09 	0.03 	0.03 	0.01 	0.03 	0.07 	0.0 	0.0 	0.03 	0.04 	0.07 	0.0 	0.0 	0.03 	
27 	0.03 	0.18 	0.04 	0.03 	0.0 	0.1 	0.13 	0.01 	0.06 	0.05 	0.09 	0.06 	0.02 	0.01 	0.07 	0.06 	0.03 	0.0 	0.0 	0.04 	
28 	0.06 	0.03 	0.01 	0.0 	0.01 	0.01 	0.01 	0.04 	0.02 	0.08 	0.21 	0.01 	0.22 	0.11 	0.0 	0.02 	0.02 	0.02 	0.08 	0.05 	
29 	0.11 	0.03 	0.16 	0.04 	0.05 	0.02 	0.03 	0.02 	0.01 	0.09 	0.16 	0.02 	0.02 	0.02 	0.01 	0.04 	0.05 	0.03 	0.02 	0.09 	
30 	0.04 	0.08 	0.08 	0.3 	0.0 	0.02 	0.18 	0.02 	0.02 	0.03 	0.04 	0.02 	0.01 	0.0 	0.03 	0.05 	0.02 	0.0 	0.01 	0.03 	
31 	0.04 	0.05 	0.01 	0.01 	0.0 	0.02 	0.03 	0.01 	0.03 	0.09 	0.39 	0.04 	0.04 	0.02 	0.01 	0.04 	0.03 	0.01 	0.01 	0.1 	
32 	0.08 	0.01 	0.0 	0.01 	0.02 	0.02 	0.01 	0.02 	0.0 	0.07 	0.43 	0.02 	0.15 	0.02 	0.01 	0.01 	0.01 	0.02 	0.0 	0.07 	
33 	0.18 	0.04 	0.01 	0.05 	0.01 	0.04 	0.08 	0.02 	0.01 	0.03 	0.14 	0.07 	0.01 	0.01 	0.03 	0.18 	0.05 	0.0 	0.01 	0.04 	
34 	0.12 	0.08 	0.04 	0.04 	0.02 	0.07 	0.09 	0.1 	0.07 	0.02 	0.04 	0.07 	0.01 	0.02 	0.05 	0.05 	0.04 	0.02 	0.02 	0.03 	
35 	0.2 	0.06 	0.03 	0.02 	0.01 	0.02 	0.02 	0.03 	0.02 	0.08 	0.18 	0.05 	0.05 	0.02 	0.02 	0.07 	0.02 	0.01 	0.01 	0.09 	
36 	0.09 	0.04 	0.1 	0.08 	0.01 	0.03 	0.04 	0.16 	0.03 	0.03 	0.05 	0.04 	0.01 	0.04 	0.13 	0.05 	0.02 	0.01 	0.04 	0.02 	
37 	0.08 	0.02 	0.01 	0.04 	0.0 	0.01 	0.02 	0.04 	0.02 	0.13 	0.26 	0.03 	0.01 	0.02 	0.09 	0.04 	0.02 	0.0 	0.01 	0.14 	
38 	0.05 	0.14 	0.04 	0.05 	0.01 	0.1 	0.05 	0.04 	0.02 	0.03 	0.08 	0.17 	0.01 	0.01 	0.04 	0.07 	0.04 	0.0 	0.0 	0.02 	
39 	0.08 	0.07 	0.03 	0.06 	0.0 	0.04 	0.11 	0.03 	0.01 	0.01 	0.01 	0.13 	0.01 	0.01 	0.28 	0.07 	0.03 	0.0 	0.0 	0.01 	
40 	0.05 	0.01 	0.08 	0.04 	0.01 	0.02 	0.03 	0.48 	0.01 	0.01 	0.02 	0.03 	0.0 	0.01 	0.11 	0.03 	0.02 	0.0 	0.01 	0.03 	
41 	0.06 	0.12 	0.02 	0.13 	0.01 	0.07 	0.09 	0.07 	0.02 	0.01 	0.06 	0.12 	0.06 	0.01 	0.01 	0.06 	0.04 	0.01 	0.01 	0.02 	
42 	0.01 	0.27 	0.03 	0.02 	0.02 	0.03 	0.01 	0.0 	0.06 	0.02 	0.03 	0.18 	0.0 	0.01 	0.0 	0.07 	0.14 	0.0 	0.02 	0.07 	
43 	0.07 	0.0 	0.0 	0.0 	0.01 	0.0 	0.0 	0.0 	0.0 	0.26 	0.08 	0.0 	0.01 	0.02 	0.0 	0.0 	0.01 	0.0 	0.01 	0.51 	
44 	0.05 	0.0 	0.0 	0.0 	0.01 	0.0 	0.0 	0.0 	0.0 	0.06 	0.69 	0.0 	0.02 	0.02 	0.0 	0.0 	0.0 	0.0 	0.03 	0.11 	
45 	0.0 	0.0 	0.02 	0.76 	0.01 	0.0 	0.18 	0.0 	0.0 	0.01 	0.0 	0.0 	0.01 	0.0 	0.0 	0.0 	0.0 	0.0 	0.0 	0.02 	
46 	0.06 	0.0 	0.01 	0.0 	0.02 	0.0 	0.0 	0.0 	0.0 	0.24 	0.29 	0.0 	0.02 	0.04 	0.02 	0.0 	0.01 	0.0 	0.01 	0.28 	
47 	0.08 	0.0 	0.0 	0.01 	0.05 	0.0 	0.0 	0.77 	0.0 	0.0 	0.01 	0.0 	0.01 	0.04 	0.0 	0.01 	0.01 	0.0 	0.01 	0.0 	
48 	0.15 	0.0 	0.0 	0.0 	0.51 	0.0 	0.0 	0.08 	0.0 	0.0 	0.01 	0.0 	0.0 	0.01 	0.01 	0.07 	0.14 	0.0 	0.0 	0.02 	
49 	0.04 	0.0 	0.01 	0.0 	0.0 	0.0 	0.01 	0.86 	0.0 	0.0 	0.0 	0.0 	0.0 	0.0 	0.0 	0.04 	0.0 	0.0 	0.01 	0.0 	
50 	0.07 	0.02 	0.08 	0.01 	0.01 	0.01 	0.01 	0.06 	0.01 	0.02 	0.03 	0.01 	0.01 	0.01 	0.07 	0.19 	0.29 	0.01 	0.01 	0.05 	
51 	0.06 	0.01 	0.01 	0.0 	0.01 	0.0 	0.0 	0.89 	0.0 	0.01 	0.0 	0.0 	0.0 	0.0 	0.0 	0.02 	0.0 	0.0 	0.0 	0.0 	
52 	0.08 	0.02 	0.06 	0.07 	0.01 	0.01 	0.02 	0.13 	0.02 	0.12 	0.07 	0.02 	0.01 	0.04 	0.01 	0.08 	0.04 	0.01 	0.1 	0.08 	
53 	0.06 	0.0 	0.02 	0.01 	0.01 	0.03 	0.0 	0.02 	0.03 	0.13 	0.29 	0.01 	0.01 	0.1 	0.07 	0.05 	0.04 	0.04 	0.03 	0.05 	
54 	0.25 	0.01 	0.01 	0.01 	0.02 	0.01 	0.01 	0.1 	0.0 	0.01 	0.07 	0.01 	0.04 	0.01 	0.01 	0.21 	0.22 	0.0 	0.01 	0.02 	
55 	0.1 	0.07 	0.01 	0.01 	0.01 	0.05 	0.07 	0.02 	0.01 	0.18 	0.16 	0.05 	0.03 	0.06 	0.01 	0.03 	0.03 	0.03 	0.02 	0.08 	
56 	0.17 	0.1 	0.02 	0.01 	0.01 	0.03 	0.06 	0.02 	0.05 	0.03 	0.09 	0.04 	0.04 	0.03 	0.09 	0.07 	0.03 	0.01 	0.05 	0.07 	
57 	0.08 	0.01 	0.01 	0.01 	0.02 	0.01 	0.0 	0.01 	0.01 	0.12 	0.42 	0.01 	0.12 	0.08 	0.0 	0.01 	0.01 	0.01 	0.02 	0.05 	
58 	0.45 	0.03 	0.01 	0.01 	0.01 	0.02 	0.01 	0.03 	0.01 	0.01 	0.16 	0.05 	0.0 	0.01 	0.0 	0.08 	0.02 	0.01 	0.01 	0.04 	
59 	0.08 	0.16 	0.03 	0.04 	0.01 	0.1 	0.11 	0.04 	0.03 	0.05 	0.06 	0.15 	0.01 	0.01 	0.02 	0.05 	0.03 	0.0 	0.01 	0.02 	
60 	0.12 	0.16 	0.02 	0.01 	0.01 	0.07 	0.07 	0.02 	0.03 	0.03 	0.15 	0.13 	0.03 	0.01 	0.01 	0.03 	0.03 	0.0 	0.02 	0.03 	
61 	0.06 	0.06 	0.07 	0.02 	0.02 	0.02 	0.02 	0.08 	0.02 	0.05 	0.16 	0.03 	0.02 	0.11 	0.02 	0.04 	0.03 	0.03 	0.06 	0.12 	
62 	0.06 	0.02 	0.03 	0.02 	0.01 	0.02 	0.04 	0.2 	0.01 	0.02 	0.03 	0.04 	0.01 	0.02 	0.32 	0.06 	0.04 	0.01 	0.01 	0.02 	
63 	0.12 	0.03 	0.07 	0.13 	0.01 	0.06 	0.08 	0.18 	0.02 	0.01 	0.01 	0.05 	0.0 	0.01 	0.03 	0.06 	0.07 	0.0 	0.02 	0.03 	
64 	0.24 	0.03 	0.02 	0.03 	0.06 	0.01 	0.03 	0.12 	0.01 	0.03 	0.11 	0.06 	0.03 	0.03 	0.01 	0.05 	0.03 	0.02 	0.01 	0.07 	
65 	0.04 	0.13 	0.08 	0.05 	0.01 	0.09 	0.12 	0.02 	0.08 	0.02 	0.02 	0.1 	0.01 	0.02 	0.02 	0.1 	0.05 	0.01 	0.03 	0.02 	
66 	0.03 	0.01 	0.0 	0.01 	0.02 	0.01 	0.01 	0.01 	0.01 	0.17 	0.08 	0.01 	0.01 	0.04 	0.01 	0.01 	0.01 	0.01 	0.05 	0.49 	
67 	0.03 	0.01 	0.01 	0.03 	0.01 	0.01 	0.03 	0.01 	0.02 	0.16 	0.08 	0.03 	0.03 	0.02 	0.0 	0.01 	0.25 	0.02 	0.06 	0.17 	
68 	0.23 	0.0 	0.01 	0.01 	0.03 	0.01 	0.01 	0.34 	0.01 	0.03 	0.09 	0.0 	0.02 	0.03 	0.04 	0.04 	0.04 	0.01 	0.01 	0.04 	
69 	0.03 	0.01 	0.02 	0.0 	0.04 	0.01 	0.01 	0.01 	0.0 	0.24 	0.18 	0.01 	0.03 	0.02 	0.0 	0.03 	0.05 	0.01 	0.02 	0.26 	
70 	0.0 	0.0 	0.03 	0.69 	0.02 	0.02 	0.15 	0.02 	0.0 	0.0 	0.0 	0.0 	0.0 	0.0 	0.0 	0.03 	0.03 	0.0 	0.0 	0.0 	
71 	0.04 	0.04 	0.07 	0.02 	0.01 	0.02 	0.03 	0.03 	0.01 	0.26 	0.16 	0.02 	0.05 	0.07 	0.04 	0.04 	0.02 	0.0 	0.02 	0.06 	
72 	0.08 	0.02 	0.11 	0.13 	0.02 	0.01 	0.03 	0.03 	0.04 	0.03 	0.04 	0.02 	0.01 	0.01 	0.0 	0.33 	0.03 	0.01 	0.01 	0.04 	
73 	0.09 	0.04 	0.02 	0.07 	0.01 	0.05 	0.2 	0.02 	0.02 	0.01 	0.02 	0.06 	0.01 	0.01 	0.22 	0.04 	0.02 	0.01 	0.02 	0.03 	
74 	0.09 	0.03 	0.07 	0.06 	0.01 	0.05 	0.13 	0.07 	0.01 	0.02 	0.04 	0.09 	0.04 	0.01 	0.04 	0.1 	0.06 	0.01 	0.04 	0.03 	
75 	0.22 	0.05 	0.03 	0.02 	0.02 	0.11 	0.02 	0.01 	0.02 	0.02 	0.09 	0.02 	0.18 	0.04 	0.04 	0.04 	0.02 	0.01 	0.01 	0.04 	
76 	0.06 	0.02 	0.01 	0.01 	0.01 	0.01 	0.03 	0.01 	0.01 	0.17 	0.29 	0.01 	0.01 	0.03 	0.02 	0.01 	0.03 	0.01 	0.01 	0.22 	
77 	0.12 	0.07 	0.05 	0.07 	0.01 	0.11 	0.2 	0.02 	0.03 	0.02 	0.03 	0.1 	0.01 	0.02 	0.02 	0.04 	0.04 	0.01 	0.01 	0.02 	
78 	0.08 	0.1 	0.03 	0.02 	0.02 	0.09 	0.04 	0.02 	0.01 	0.06 	0.07 	0.05 	0.02 	0.1 	0.01 	0.06 	0.04 	0.02 	0.04 	0.13 	
79 	0.53 	0.0 	0.01 	0.01 	0.05 	0.01 	0.01 	0.08 	0.01 	0.02 	0.05 	0.01 	0.01 	0.01 	0.01 	0.06 	0.05 	0.0 	0.01 	0.05 	
80 	0.05 	0.2 	0.04 	0.02 	0.02 	0.14 	0.06 	0.02 	0.02 	0.02 	0.04 	0.16 	0.03 	0.02 	0.02 	0.04 	0.03 	0.02 	0.02 	0.03 	
81 	0.06 	0.06 	0.05 	0.1 	0.02 	0.07 	0.19 	0.03 	0.03 	0.03 	0.06 	0.07 	0.02 	0.03 	0.02 	0.04 	0.03 	0.02 	0.02 	0.03 	
82 	0.02 	0.13 	0.26 	0.02 	0.02 	0.03 	0.02 	0.02 	0.08 	0.03 	0.05 	0.1 	0.02 	0.02 	0.02 	0.02 	0.04 	0.02 	0.04 	0.03 	
83 	0.25 	0.03 	0.02 	0.01 	0.02 	0.02 	0.02 	0.03 	0.02 	0.06 	0.19 	0.03 	0.02 	0.06 	0.03 	0.05 	0.03 	0.01 	0.02 	0.07 	
84 	0.12 	0.08 	0.04 	0.03 	0.01 	0.05 	0.11 	0.05 	0.02 	0.04 	0.08 	0.12 	0.03 	0.02 	0.05 	0.05 	0.05 	0.01 	0.02 	0.03 	
85 	0.1 	0.08 	0.09 	0.1 	0.01 	0.06 	0.13 	0.04 	0.02 	0.02 	0.05 	0.1 	0.01 	0.02 	0.04 	0.05 	0.03 	0.01 	0.02 	0.02 	
86 	0.07 	0.06 	0.13 	0.05 	0.01 	0.07 	0.06 	0.03 	0.05 	0.02 	0.11 	0.05 	0.02 	0.03 	0.03 	0.09 	0.03 	0.02 	0.04 	0.02 	
87 	0.07 	0.04 	0.04 	0.05 	0.01 	0.05 	0.04 	0.29 	0.03 	0.04 	0.07 	0.03 	0.02 	0.02 	0.06 	0.03 	0.03 	0.01 	0.04 	0.02 	
88 	0.05 	0.03 	0.03 	0.09 	0.02 	0.03 	0.06 	0.04 	0.04 	0.05 	0.17 	0.05 	0.03 	0.02 	0.07 	0.05 	0.04 	0.01 	0.01 	0.11 	
89 	0.06 	0.13 	0.19 	0.04 	0.01 	0.07 	0.06 	0.06 	0.02 	0.03 	0.02 	0.08 	0.01 	0.02 	0.07 	0.07 	0.03 	0.01 	0.0 	0.02 	
90 	0.07 	0.01 	0.01 	0.02 	0.04 	0.01 	0.02 	0.02 	0.01 	0.2 	0.12 	0.01 	0.05 	0.02 	0.03 	0.02 	0.03 	0.0 	0.01 	0.3 	
91 	0.05 	0.08 	0.05 	0.12 	0.01 	0.07 	0.17 	0.02 	0.06 	0.02 	0.01 	0.05 	0.01 	0.01 	0.04 	0.08 	0.1 	0.01 	0.01 	0.03 	
92 	0.04 	0.01 	0.02 	0.01 	0.01 	0.01 	0.01 	0.01 	0.01 	0.06 	0.15 	0.01 	0.01 	0.31 	0.02 	0.02 	0.03 	0.03 	0.11 	0.14 	
93 	0.05 	0.1 	0.01 	0.01 	0.01 	0.04 	0.05 	0.02 	0.03 	0.14 	0.14 	0.06 	0.02 	0.04 	0.01 	0.02 	0.03 	0.01 	0.04 	0.18 	
94 	0.07 	0.05 	0.01 	0.01 	0.05 	0.15 	0.07 	0.01 	0.1 	0.03 	0.1 	0.05 	0.01 	0.02 	0.05 	0.02 	0.05 	0.02 	0.02 	0.13 	
95 	0.19 	0.01 	0.02 	0.03 	0.03 	0.03 	0.04 	0.31 	0.02 	0.04 	0.08 	0.01 	0.02 	0.01 	0.01 	0.06 	0.03 	0.01 	0.01 	0.03 	
96 	0.02 	0.05 	0.13 	0.49 	0.01 	0.01 	0.03 	0.04 	0.01 	0.01 	0.02 	0.03 	0.01 	0.01 	0.02 	0.05 	0.05 	0.0 	0.01 	0.02 	
97 	0.25 	0.01 	0.01 	0.01 	0.05 	0.01 	0.02 	0.06 	0.01 	0.17 	0.07 	0.01 	0.03 	0.07 	0.01 	0.02 	0.02 	0.03 	0.01 	0.12 	
98 	0.04 	0.08 	0.03 	0.04 	0.02 	0.05 	0.3 	0.03 	0.02 	0.03 	0.09 	0.02 	0.05 	0.04 	0.01 	0.04 	0.07 	0.01 	0.02 	0.03 	
99 	0.12 	0.06 	0.05 	0.12 	0.01 	0.08 	0.13 	0.04 	0.04 	0.02 	0.04 	0.09 	0.01 	0.03 	0.02 	0.06 	0.05 	0.01 	0.02 	0.01 	
100 	0.03 	0.01 	0.02 	0.05 	0.01 	0.02 	0.03 	0.03 	0.01 	0.07 	0.38 	0.02 	0.04 	0.05 	0.04 	0.04 	0.02 	0.04 	0.03 	0.06 	
101 	0.13 	0.02 	0.02 	0.06 	0.01 	0.04 	0.05 	0.04 	0.03 	0.03 	0.05 	0.03 	0.01 	0.02 	0.28 	0.07 	0.05 	0.01 	0.02 	0.04 	
102 	0.07 	0.03 	0.02 	0.03 	0.01 	0.03 	0.05 	0.1 	0.02 	0.03 	0.11 	0.03 	0.01 	0.2 	0.09 	0.06 	0.03 	0.01 	0.04 	0.05 	
103 	0.11 	0.03 	0.03 	0.06 	0.01 	0.05 	0.07 	0.03 	0.01 	0.06 	0.12 	0.04 	0.01 	0.06 	0.13 	0.04 	0.03 	0.04 	0.03 	0.03 	
104 	0.07 	0.03 	0.02 	0.21 	0.01 	0.09 	0.2 	0.02 	0.01 	0.02 	0.03 	0.06 	0.01 	0.01 	0.06 	0.07 	0.04 	0.01 	0.01 	0.02 	
105 	0.06 	0.03 	0.11 	0.13 	0.01 	0.09 	0.12 	0.07 	0.02 	0.03 	0.07 	0.04 	0.01 	0.03 	0.07 	0.03 	0.03 	0.01 	0.01 	0.04 	
106 	0.08 	0.04 	0.03 	0.04 	0.02 	0.05 	0.07 	0.05 	0.03 	0.07 	0.09 	0.04 	0.02 	0.06 	0.08 	0.05 	0.04 	0.02 	0.05 	0.07 	
107 	0.09 	0.04 	0.04 	0.07 	0.03 	0.03 	0.07 	0.09 	0.03 	0.04 	0.05 	0.05 	0.03 	0.03 	0.08 	0.06 	0.05 	0.03 	0.03 	0.04 	
108 	0.09 	0.04 	0.05 	0.04 	0.03 	0.06 	0.1 	0.16 	0.03 	0.03 	0.04 	0.05 	0.03 	0.03 	0.04 	0.05 	0.04 	0.03 	0.03 	0.03 	
109 	0.04 	0.06 	0.04 	0.03 	0.02 	0.1 	0.08 	0.04 	0.03 	0.03 	0.03 	0.11 	0.03 	0.02 	0.08 	0.12 	0.06 	0.02 	0.03 	0.02 	
110 	0.1 	0.02 	0.0 	0.02 	0.02 	0.02 	0.0 	0.02 	0.02 	0.04 	0.04 	0.02 	0.02 	0.32 	0.03 	0.02 	0.02 	0.02 	0.17 	0.08 	
111 	0.02 	0.02 	0.03 	0.66 	0.0 	0.03 	0.03 	0.02 	0.02 	0.03 	0.0 	0.02 	0.0 	0.01 	0.02 	0.04 	0.02 	0.0 	0.01 	0.02 	
112 	0.11 	0.05 	0.01 	0.01 	0.02 	0.02 	0.0 	0.03 	0.03 	0.08 	0.2 	0.03 	0.05 	0.05 	0.0 	0.02 	0.04 	0.01 	0.02 	0.23 	
113 	0.04 	0.0 	0.0 	0.01 	0.02 	0.01 	0.01 	0.01 	0.01 	0.36 	0.05 	0.0 	0.01 	0.02 	0.01 	0.02 	0.02 	0.0 	0.03 	0.37 	
114 	0.03 	0.01 	0.01 	0.0 	0.01 	0.01 	0.02 	0.0 	0.02 	0.16 	0.12 	0.02 	0.03 	0.11 	0.0 	0.03 	0.11 	0.02 	0.04 	0.26 	
115 	0.17 	0.02 	0.02 	0.01 	0.11 	0.01 	0.01 	0.01 	0.01 	0.09 	0.07 	0.01 	0.07 	0.01 	0.02 	0.24 	0.05 	0.0 	0.01 	0.07 	
116 	0.07 	0.07 	0.31 	0.08 	0.01 	0.02 	0.01 	0.06 	0.01 	0.04 	0.03 	0.01 	0.06 	0.03 	0.02 	0.1 	0.04 	0.0 	0.01 	0.02 	
117 	0.11 	0.03 	0.05 	0.03 	0.02 	0.02 	0.07 	0.05 	0.01 	0.05 	0.05 	0.01 	0.04 	0.17 	0.18 	0.02 	0.01 	0.02 	0.05 	0.01 	
118 	0.12 	0.0 	0.01 	0.02 	0.07 	0.01 	0.01 	0.12 	0.02 	0.03 	0.03 	0.0 	0.06 	0.01 	0.18 	0.05 	0.08 	0.0 	0.01 	0.16 	
119 	0.06 	0.02 	0.02 	0.02 	0.01 	0.01 	0.01 	0.02 	0.01 	0.09 	0.31 	0.01 	0.02 	0.17 	0.02 	0.02 	0.03 	0.01 	0.07 	0.05 	
120 	0.02 	0.16 	0.03 	0.03 	0.02 	0.11 	0.1 	0.04 	0.19 	0.05 	0.03 	0.03 	0.01 	0.02 	0.05 	0.04 	0.02 	0.01 	0.03 	0.02 	
121 	0.05 	0.04 	0.16 	0.04 	0.01 	0.04 	0.04 	0.02 	0.2 	0.02 	0.04 	0.02 	0.01 	0.08 	0.03 	0.04 	0.02 	0.09 	0.04 	0.02 	
122 	0.07 	0.04 	0.01 	0.01 	0.03 	0.02 	0.03 	0.02 	0.01 	0.1 	0.15 	0.02 	0.05 	0.06 	0.02 	0.03 	0.05 	0.04 	0.02 	0.21 	
123 	0.11 	0.06 	0.03 	0.04 	0.01 	0.05 	0.11 	0.03 	0.01 	0.01 	0.02 	0.07 	0.01 	0.01 	0.2 	0.08 	0.12 	0.0 	0.01 	0.04 	
124 	0.03 	0.08 	0.07 	0.36 	0.01 	0.04 	0.06 	0.03 	0.05 	0.01 	0.02 	0.04 	0.03 	0.01 	0.04 	0.09 	0.02 	0.01 	0.01 	0.02 	
125 	0.04 	0.06 	0.02 	0.02 	0.0 	0.02 	0.02 	0.01 	0.08 	0.09 	0.2 	0.08 	0.02 	0.02 	0.15 	0.02 	0.03 	0.02 	0.04 	0.06 	
126 	0.1 	0.04 	0.03 	0.12 	0.01 	0.07 	0.12 	0.03 	0.04 	0.05 	0.07 	0.04 	0.02 	0.01 	0.12 	0.04 	0.03 	0.01 	0.01 	0.04 	
127 	0.15 	0.12 	0.03 	0.07 	0.01 	0.09 	0.09 	0.05 	0.02 	0.01 	0.03 	0.12 	0.02 	0.01 	0.02 	0.08 	0.06 	0.01 	0.01 	0.03 	
128 	0.2 	0.02 	0.01 	0.01 	0.01 	0.02 	0.01 	0.04 	0.03 	0.05 	0.2 	0.01 	0.02 	0.09 	0.02 	0.04 	0.05 	0.03 	0.03 	0.12 	
129 	0.04 	0.01 	0.0 	0.0 	0.01 	0.01 	0.01 	0.01 	0.01 	0.11 	0.46 	0.01 	0.05 	0.1 	0.01 	0.01 	0.02 	0.01 	0.05 	0.08 	
130 	0.12 	0.15 	0.05 	0.07 	0.01 	0.07 	0.08 	0.03 	0.02 	0.01 	0.04 	0.14 	0.01 	0.01 	0.04 	0.1 	0.04 	0.01 	0.02 	0.01 	
131 	0.09 	0.09 	0.07 	0.06 	0.01 	0.06 	0.3 	0.02 	0.03 	0.01 	0.04 	0.06 	0.02 	0.01 	0.01 	0.05 	0.03 	0.01 	0.01 	0.01 	
132 	0.15 	0.02 	0.0 	0.0 	0.1 	0.0 	0.01 	0.01 	0.01 	0.15 	0.22 	0.01 	0.1 	0.03 	0.0 	0.02 	0.02 	0.01 	0.03 	0.09 	
133 	0.12 	0.11 	0.02 	0.03 	0.02 	0.02 	0.01 	0.03 	0.05 	0.03 	0.1 	0.08 	0.01 	0.06 	0.01 	0.05 	0.02 	0.02 	0.15 	0.05 	
134 	0.06 	0.37 	0.04 	0.06 	0.0 	0.08 	0.05 	0.03 	0.03 	0.0 	0.01 	0.1 	0.0 	0.0 	0.04 	0.07 	0.03 	0.0 	0.02 	0.01 	
135 	0.06 	0.02 	0.01 	0.0 	0.01 	0.06 	0.01 	0.04 	0.05 	0.04 	0.2 	0.02 	0.03 	0.05 	0.0 	0.04 	0.02 	0.03 	0.02 	0.27 	
136 	0.02 	0.01 	0.0 	0.0 	0.02 	0.0 	0.0 	0.0 	0.0 	0.01 	0.76 	0.0 	0.02 	0.0 	0.01 	0.01 	0.04 	0.0 	0.0 	0.09 	
137 	0.11 	0.19 	0.04 	0.01 	0.0 	0.03 	0.03 	0.01 	0.01 	0.0 	0.01 	0.46 	0.0 	0.0 	0.01 	0.03 	0.02 	0.0 	0.0 	0.03 	
138 	0.02 	0.02 	0.02 	0.04 	0.0 	0.01 	0.05 	0.01 	0.01 	0.01 	0.01 	0.04 	0.01 	0.0 	0.63 	0.05 	0.02 	0.0 	0.0 	0.04 	
139 	0.01 	0.02 	0.09 	0.08 	0.0 	0.02 	0.03 	0.68 	0.01 	0.0 	0.01 	0.02 	0.0 	0.0 	0.0 	0.02 	0.01 	0.0 	0.0 	0.0 	
140 	0.04 	0.01 	0.0 	0.01 	0.0 	0.01 	0.0 	0.88 	0.0 	0.01 	0.0 	0.0 	0.0 	0.01 	0.0 	0.02 	0.01 	0.0 	0.0 	0.0 	
141 	0.04 	0.16 	0.01 	0.01 	0.01 	0.04 	0.08 	0.02 	0.03 	0.09 	0.07 	0.1 	0.02 	0.03 	0.01 	0.04 	0.06 	0.03 	0.05 	0.1 	
142 	0.03 	0.0 	0.0 	0.0 	0.01 	0.0 	0.0 	0.0 	0.0 	0.12 	0.44 	0.0 	0.06 	0.16 	0.0 	0.0 	0.0 	0.01 	0.02 	0.12 	
143 	0.11 	0.02 	0.0 	0.0 	0.02 	0.0 	0.01 	0.02 	0.01 	0.18 	0.21 	0.0 	0.03 	0.08 	0.0 	0.01 	0.01 	0.01 	0.04 	0.24 	
144 	0.07 	0.0 	0.0 	0.0 	0.06 	0.01 	0.0 	0.01 	0.0 	0.2 	0.2 	0.0 	0.03 	0.12 	0.01 	0.01 	0.05 	0.02 	0.02 	0.19 	
145 	0.06 	0.02 	0.02 	0.02 	0.01 	0.02 	0.04 	0.03 	0.01 	0.07 	0.16 	0.05 	0.03 	0.01 	0.01 	0.25 	0.04 	0.01 	0.03 	0.11 	
146 	0.09 	0.01 	0.02 	0.1 	0.0 	0.02 	0.29 	0.06 	0.01 	0.02 	0.01 	0.04 	0.01 	0.01 	0.01 	0.06 	0.2 	0.0 	0.01 	0.05 	
147 	0.03 	0.01 	0.02 	0.02 	0.01 	0.01 	0.01 	0.04 	0.0 	0.1 	0.19 	0.03 	0.03 	0.23 	0.01 	0.02 	0.1 	0.05 	0.04 	0.04 	
148 	0.05 	0.01 	0.09 	0.01 	0.04 	0.09 	0.02 	0.02 	0.03 	0.08 	0.1 	0.01 	0.02 	0.01 	0.04 	0.16 	0.07 	0.0 	0.01 	0.13 	
149 	0.03 	0.16 	0.04 	0.02 	0.01 	0.08 	0.03 	0.06 	0.07 	0.06 	0.06 	0.1 	0.08 	0.02 	0.03 	0.02 	0.04 	0.01 	0.02 	0.07 	
150 	0.04 	0.01 	0.03 	0.07 	0.01 	0.02 	0.05 	0.06 	0.01 	0.01 	0.05 	0.02 	0.01 	0.02 	0.41 	0.05 	0.09 	0.0 	0.02 	0.04 	
151 	0.07 	0.04 	0.04 	0.16 	0.0 	0.04 	0.11 	0.12 	0.01 	0.02 	0.03 	0.08 	0.01 	0.01 	0.06 	0.09 	0.07 	0.01 	0.01 	0.03 	
152 	0.05 	0.04 	0.18 	0.16 	0.01 	0.02 	0.06 	0.03 	0.02 	0.02 	0.05 	0.1 	0.02 	0.04 	0.05 	0.05 	0.05 	0.02 	0.02 	0.02 	
153 	0.04 	0.03 	0.02 	0.02 	0.02 	0.05 	0.06 	0.03 	0.01 	0.06 	0.18 	0.02 	0.02 	0.14 	0.06 	0.05 	0.03 	0.02 	0.07 	0.07 	
154 	0.04 	0.03 	0.05 	0.19 	0.01 	0.04 	0.1 	0.06 	0.05 	0.04 	0.12 	0.04 	0.01 	0.02 	0.06 	0.03 	0.02 	0.02 	0.02 	0.04 	
155 	0.09 	0.05 	0.02 	0.04 	0.01 	0.06 	0.26 	0.04 	0.02 	0.02 	0.08 	0.06 	0.02 	0.04 	0.03 	0.06 	0.03 	0.0 	0.01 	0.05 	
156 	0.09 	0.1 	0.04 	0.06 	0.0 	0.06 	0.1 	0.03 	0.01 	0.03 	0.05 	0.07 	0.01 	0.02 	0.2 	0.04 	0.04 	0.0 	0.02 	0.05 	
157 	0.1 	0.02 	0.05 	0.03 	0.01 	0.03 	0.07 	0.13 	0.01 	0.04 	0.12 	0.03 	0.01 	0.04 	0.03 	0.12 	0.06 	0.01 	0.03 	0.05 	
158 	0.03 	0.03 	0.02 	0.02 	0.01 	0.02 	0.03 	0.03 	0.15 	0.04 	0.1 	0.03 	0.02 	0.19 	0.02 	0.04 	0.03 	0.02 	0.08 	0.08 	
159 	0.08 	0.2 	0.03 	0.06 	0.0 	0.1 	0.07 	0.04 	0.01 	0.03 	0.04 	0.1 	0.0 	0.02 	0.06 	0.06 	0.03 	0.0 	0.02 	0.04 	
160 	0.14 	0.04 	0.03 	0.03 	0.01 	0.12 	0.1 	0.04 	0.04 	0.05 	0.12 	0.04 	0.04 	0.02 	0.04 	0.03 	0.05 	0.01 	0.01 	0.05 	
161 	0.04 	0.01 	0.02 	0.04 	0.01 	0.01 	0.02 	0.06 	0.02 	0.06 	0.09 	0.04 	0.16 	0.05 	0.01 	0.03 	0.03 	0.16 	0.09 	0.06 	
162 	0.06 	0.17 	0.03 	0.02 	0.01 	0.04 	0.04 	0.03 	0.02 	0.04 	0.1 	0.09 	0.03 	0.1 	0.02 	0.03 	0.02 	0.02 	0.11 	0.04 	
163 	0.06 	0.04 	0.01 	0.06 	0.0 	0.03 	0.21 	0.02 	0.02 	0.02 	0.06 	0.06 	0.01 	0.01 	0.04 	0.08 	0.1 	0.0 	0.11 	0.04 	
164 	0.09 	0.02 	0.01 	0.02 	0.01 	0.03 	0.02 	0.04 	0.02 	0.03 	0.24 	0.03 	0.02 	0.19 	0.03 	0.02 	0.04 	0.01 	0.05 	0.1 	
165 	0.16 	0.02 	0.05 	0.03 	0.0 	0.02 	0.02 	0.04 	0.04 	0.06 	0.21 	0.06 	0.04 	0.06 	0.01 	0.03 	0.04 	0.01 	0.04 	0.06 	
166 	0.11 	0.06 	0.07 	0.09 	0.0 	0.05 	0.07 	0.07 	0.02 	0.02 	0.03 	0.14 	0.03 	0.04 	0.02 	0.08 	0.04 	0.01 	0.01 	0.05 	
167 	0.07 	0.08 	0.06 	0.02 	0.0 	0.1 	0.1 	0.03 	0.01 	0.08 	0.07 	0.12 	0.02 	0.03 	0.01 	0.04 	0.04 	0.01 	0.01 	0.09 	
168 	0.08 	0.13 	0.06 	0.05 	0.0 	0.04 	0.09 	0.05 	0.02 	0.06 	0.14 	0.03 	0.02 	0.02 	0.02 	0.03 	0.03 	0.0 	0.01 	0.13 	
169 	0.04 	0.04 	0.02 	0.07 	0.02 	0.03 	0.04 	0.18 	0.03 	0.02 	0.03 	0.04 	0.0 	0.03 	0.22 	0.03 	0.03 	0.0 	0.07 	0.05 	
170 	0.09 	0.01 	0.02 	0.06 	0.01 	0.01 	0.02 	0.02 	0.02 	0.02 	0.07 	0.03 	0.01 	0.07 	0.05 	0.02 	0.02 	0.29 	0.12 	0.02 	
171 	0.07 	0.11 	0.03 	0.13 	0.0 	0.04 	0.15 	0.04 	0.05 	0.02 	0.04 	0.04 	0.01 	0.05 	0.03 	0.06 	0.03 	0.01 	0.05 	0.04 	
172 	0.07 	0.02 	0.03 	0.06 	0.0 	0.06 	0.13 	0.06 	0.05 	0.01 	0.04 	0.04 	0.01 	0.02 	0.02 	0.09 	0.04 	0.01 	0.21 	0.03 	
173 	0.09 	0.06 	0.01 	0.02 	0.01 	0.08 	0.06 	0.03 	0.01 	0.06 	0.07 	0.05 	0.02 	0.04 	0.04 	0.17 	0.05 	0.02 	0.05 	0.06 	
174 	0.06 	0.03 	0.01 	0.01 	0.0 	0.01 	0.05 	0.02 	0.01 	0.06 	0.28 	0.03 	0.09 	0.18 	0.01 	0.03 	0.03 	0.0 	0.04 	0.04 	
175 	0.09 	0.12 	0.05 	0.03 	0.0 	0.09 	0.1 	0.03 	0.03 	0.03 	0.03 	0.17 	0.0 	0.05 	0.04 	0.06 	0.02 	0.01 	0.03 	0.01 	
176 	0.09 	0.03 	0.02 	0.03 	0.01 	0.01 	0.03 	0.08 	0.02 	0.11 	0.15 	0.07 	0.05 	0.01 	0.01 	0.05 	0.04 	0.03 	0.01 	0.14 	
177 	0.12 	0.05 	0.0 	0.03 	0.01 	0.03 	0.03 	0.06 	0.02 	0.09 	0.24 	0.04 	0.05 	0.03 	0.03 	0.03 	0.03 	0.01 	0.0 	0.1 	
178 	0.04 	0.02 	0.02 	0.02 	0.0 	0.02 	0.08 	0.03 	0.0 	0.0 	0.02 	0.07 	0.01 	0.02 	0.49 	0.01 	0.01 	0.06 	0.01 	0.04 	
179 	0.17 	0.1 	0.03 	0.04 	0.0 	0.03 	0.04 	0.07 	0.02 	0.02 	0.08 	0.11 	0.01 	0.04 	0.02 	0.08 	0.05 	0.01 	0.0 	0.06 	
180 	0.05 	0.04 	0.01 	0.03 	0.01 	0.03 	0.02 	0.1 	0.01 	0.09 	0.24 	0.04 	0.07 	0.07 	0.0 	0.04 	0.03 	0.0 	0.02 	0.09 	
181 	0.17 	0.05 	0.02 	0.02 	0.01 	0.01 	0.07 	0.28 	0.01 	0.03 	0.03 	0.02 	0.01 	0.01 	0.01 	0.07 	0.13 	0.0 	0.01 	0.05 	
182 	0.03 	0.11 	0.04 	0.05 	0.01 	0.06 	0.11 	0.09 	0.14 	0.01 	0.01 	0.14 	0.02 	0.03 	0.02 	0.04 	0.04 	0.0 	0.03 	0.03 	
183 	0.07 	0.04 	0.02 	0.07 	0.01 	0.04 	0.09 	0.01 	0.03 	0.08 	0.2 	0.04 	0.03 	0.05 	0.02 	0.03 	0.02 	0.02 	0.05 	0.07 	
184 	0.02 	0.02 	0.0 	0.01 	0.01 	0.0 	0.0 	0.01 	0.02 	0.12 	0.19 	0.01 	0.02 	0.17 	0.01 	0.02 	0.01 	0.02 	0.15 	0.19 	
185 	0.29 	0.02 	0.02 	0.02 	0.0 	0.03 	0.03 	0.07 	0.02 	0.02 	0.05 	0.03 	0.01 	0.01 	0.04 	0.14 	0.07 	0.0 	0.04 	0.09 	
186 	0.09 	0.06 	0.05 	0.02 	0.01 	0.05 	0.03 	0.09 	0.0 	0.01 	0.03 	0.21 	0.01 	0.01 	0.22 	0.06 	0.03 	0.0 	0.01 	0.03 	
187 	0.03 	0.06 	0.14 	0.22 	0.01 	0.05 	0.04 	0.01 	0.01 	0.01 	0.03 	0.05 	0.0 	0.04 	0.05 	0.14 	0.04 	0.0 	0.04 	0.02 	
188 	0.14 	0.07 	0.01 	0.01 	0.01 	0.01 	0.06 	0.06 	0.01 	0.06 	0.15 	0.05 	0.02 	0.05 	0.08 	0.08 	0.04 	0.01 	0.05 	0.05 	
189 	0.07 	0.01 	0.08 	0.28 	0.0 	0.06 	0.13 	0.04 	0.03 	0.0 	0.04 	0.1 	0.01 	0.02 	0.02 	0.07 	0.03 	0.0 	0.01 	0.02 	
190 	0.19 	0.04 	0.02 	0.08 	0.01 	0.02 	0.14 	0.05 	0.02 	0.02 	0.03 	0.05 	0.02 	0.01 	0.03 	0.18 	0.01 	0.0 	0.03 	0.03 	
191 	0.02 	0.01 	0.01 	0.01 	0.0 	0.01 	0.02 	0.01 	0.03 	0.02 	0.1 	0.02 	0.03 	0.09 	0.02 	0.02 	0.01 	0.01 	0.54 	0.02 	
192 	0.06 	0.2 	0.06 	0.04 	0.0 	0.08 	0.06 	0.03 	0.03 	0.03 	0.03 	0.14 	0.01 	0.01 	0.03 	0.05 	0.05 	0.0 	0.06 	0.02 	
193 	0.05 	0.07 	0.09 	0.11 	0.02 	0.05 	0.12 	0.03 	0.02 	0.04 	0.03 	0.03 	0.01 	0.02 	0.02 	0.09 	0.06 	0.01 	0.05 	0.05 	
194 	0.13 	0.03 	0.01 	0.01 	0.0 	0.01 	0.02 	0.01 	0.01 	0.04 	0.12 	0.0 	0.01 	0.03 	0.02 	0.02 	0.02 	0.14 	0.32 	0.05 	
195 	0.03 	0.02 	0.01 	0.01 	0.0 	0.0 	0.01 	0.02 	0.01 	0.01 	0.67 	0.01 	0.01 	0.03 	0.01 	0.07 	0.01 	0.01 	0.02 	0.03 	
196 	0.25 	0.01 	0.0 	0.01 	0.01 	0.07 	0.08 	0.03 	0.06 	0.05 	0.08 	0.04 	0.03 	0.02 	0.06 	0.05 	0.04 	0.0 	0.0 	0.1 	
197 	0.05 	0.03 	0.06 	0.09 	0.0 	0.09 	0.4 	0.0 	0.0 	0.0 	0.03 	0.07 	0.0 	0.0 	0.02 	0.07 	0.03 	0.0 	0.01 	0.04 	
198 	0.17 	0.02 	0.06 	0.05 	0.01 	0.01 	0.05 	0.04 	0.02 	0.02 	0.02 	0.01 	0.0 	0.0 	0.01 	0.36 	0.06 	0.0 	0.01 	0.06 	
199 	0.16 	0.03 	0.01 	0.01 	0.0 	0.02 	0.02 	0.08 	0.01 	0.3 	0.06 	0.01 	0.02 	0.03 	0.02 	0.06 	0.05 	0.0 	0.0 	0.11 	
200 	0.03 	0.36 	0.02 	0.13 	0.0 	0.01 	0.08 	0.04 	0.02 	0.02 	0.03 	0.08 	0.0 	0.05 	0.02 	0.04 	0.04 	0.0 	0.01 	0.02 	
201 	0.09 	0.07 	0.03 	0.02 	0.0 	0.03 	0.11 	0.0 	0.0 	0.05 	0.06 	0.06 	0.14 	0.08 	0.03 	0.05 	0.04 	0.0 	0.0 	0.11 	
202 	0.01 	0.0 	0.0 	0.03 	0.0 	0.01 	0.03 	0.0 	0.16 	0.12 	0.1 	0.02 	0.02 	0.26 	0.01 	0.02 	0.04 	0.05 	0.04 	0.09 	
203 	0.03 	0.04 	0.0 	0.02 	0.0 	0.0 	0.03 	0.06 	0.03 	0.0 	0.01 	0.03 	0.0 	0.0 	0.56 	0.1 	0.06 	0.0 	0.02 	0.01 	
204 	0.1 	0.01 	0.03 	0.19 	0.0 	0.07 	0.12 	0.03 	0.0 	0.03 	0.02 	0.06 	0.02 	0.04 	0.08 	0.08 	0.02 	0.01 	0.0 	0.1 	
205 	0.14 	0.03 	0.0 	0.04 	0.0 	0.32 	0.09 	0.03 	0.02 	0.03 	0.03 	0.07 	0.01 	0.0 	0.03 	0.04 	0.07 	0.02 	0.01 	0.01 	
206 	0.06 	0.1 	0.03 	0.11 	0.0 	0.12 	0.39 	0.01 	0.01 	0.0 	0.02 	0.06 	0.0 	0.0 	0.01 	0.02 	0.03 	0.0 	0.01 	0.02 	
207 	0.08 	0.03 	0.03 	0.04 	0.0 	0.07 	0.08 	0.03 	0.02 	0.02 	0.19 	0.05 	0.03 	0.05 	0.01 	0.03 	0.2 	0.02 	0.02 	0.02 	
208 	0.11 	0.13 	0.07 	0.02 	0.0 	0.01 	0.07 	0.01 	0.01 	0.01 	0.23 	0.15 	0.0 	0.07 	0.01 	0.01 	0.07 	0.0 	0.01 	0.02 	
209 	0.1 	0.07 	0.02 	0.07 	0.0 	0.08 	0.15 	0.11 	0.0 	0.05 	0.0 	0.15 	0.02 	0.03 	0.0 	0.04 	0.01 	0.0 	0.0 	0.09 	
210 	0.04 	0.04 	0.02 	0.01 	0.01 	0.04 	0.01 	0.01 	0.01 	0.06 	0.11 	0.0 	0.29 	0.02 	0.0 	0.01 	0.03 	0.26 	0.02 	0.02 	
211 	0.05 	0.01 	0.0 	0.0 	0.01 	0.0 	0.0 	0.0 	0.0 	0.17 	0.22 	0.01 	0.27 	0.06 	0.01 	0.01 	0.02 	0.0 	0.0 	0.14 	
212 	0.05 	0.09 	0.06 	0.14 	0.0 	0.03 	0.17 	0.02 	0.0 	0.05 	0.04 	0.09 	0.11 	0.03 	0.0 	0.03 	0.04 	0.0 	0.03 	0.04 	
213 	0.06 	0.05 	0.04 	0.18 	0.0 	0.11 	0.3 	0.04 	0.01 	0.02 	0.01 	0.05 	0.01 	0.01 	0.0 	0.04 	0.02 	0.01 	0.02 	0.0 	
214 	0.43 	0.02 	0.03 	0.05 	0.02 	0.11 	0.04 	0.0 	0.0 	0.02 	0.01 	0.03 	0.0 	0.0 	0.01 	0.08 	0.05 	0.0 	0.02 	0.08 	
215 	0.15 	0.01 	0.02 	0.0 	0.0 	0.03 	0.02 	0.59 	0.0 	0.0 	0.0 	0.08 	0.0 	0.02 	0.01 	0.04 	0.02 	0.0 	0.0 	0.0 	
216 	0.03 	0.02 	0.01 	0.01 	0.0 	0.01 	0.02 	0.04 	0.0 	0.02 	0.07 	0.02 	0.03 	0.49 	0.01 	0.01 	0.01 	0.03 	0.15 	0.03 	
217 	0.09 	0.04 	0.01 	0.02 	0.0 	0.07 	0.11 	0.49 	0.0 	0.02 	0.0 	0.06 	0.0 	0.0 	0.0 	0.05 	0.02 	0.0 	0.01 	0.01 	
218 	0.03 	0.05 	0.04 	0.03 	0.01 	0.01 	0.0 	0.01 	0.0 	0.15 	0.23 	0.01 	0.03 	0.17 	0.04 	0.0 	0.02 	0.02 	0.03 	0.13 	
219 	0.16 	0.0 	0.03 	0.16 	0.0 	0.02 	0.17 	0.02 	0.02 	0.05 	0.02 	0.06 	0.0 	0.0 	0.02 	0.06 	0.07 	0.0 	0.0 	0.14 	
220 	0.08 	0.09 	0.05 	0.05 	0.0 	0.08 	0.09 	0.02 	0.0 	0.01 	0.06 	0.09 	0.03 	0.02 	0.0 	0.11 	0.15 	0.01 	0.0 	0.05 	
221 	0.01 	0.02 	0.0 	0.0 	0.01 	0.04 	0.0 	0.0 	0.0 	0.1 	0.06 	0.05 	0.04 	0.05 	0.0 	0.0 	0.05 	0.0 	0.05 	0.51 	
222 	0.03 	0.16 	0.02 	0.02 	0.0 	0.1 	0.07 	0.0 	0.0 	0.0 	0.05 	0.35 	0.0 	0.0 	0.06 	0.07 	0.05 	0.0 	0.0 	0.03 	
223 	0.03 	0.06 	0.05 	0.0 	0.16 	0.0 	0.0 	0.07 	0.03 	0.0 	0.04 	0.02 	0.0 	0.03 	0.08 	0.07 	0.0 	0.01 	0.34 	0.0 	
224 	0.0 	0.0 	0.0 	0.0 	0.0 	0.0 	0.03 	0.0 	0.07 	0.07 	0.06 	0.01 	0.0 	0.4 	0.06 	0.0 	0.0 	0.0 	0.27 	0.02 	
225 	0.23 	0.0 	0.14 	0.0 	0.0 	0.0 	0.15 	0.02 	0.05 	0.03 	0.0 	0.0 	0.0 	0.04 	0.0 	0.13 	0.18 	0.0 	0.0 	0.0 	
226 	0.0 	0.33 	0.0 	0.04 	0.0 	0.0 	0.0 	0.19 	0.01 	0.0 	0.08 	0.09 	0.05 	0.08 	0.06 	0.05 	0.0 	0.0 	0.01 	0.0 	
227 	0.09 	0.41 	0.0 	0.0 	0.0 	0.0 	0.0 	0.35 	0.0 	0.0 	0.0 	0.0 	0.0 	0.0 	0.0 	0.05 	0.04 	0.0 	0.06 	0.0 	
228 	0.37 	0.0 	0.0 	0.05 	0.0 	0.0 	0.0 	0.09 	0.0 	0.1 	0.06 	0.0 	0.0 	0.0 	0.0 	0.0 	0.0 	0.08 	0.0 	0.25 	
229 	0.78 	0.0 	0.03 	0.0 	0.0 	0.0 	0.0 	0.12 	0.0 	0.0 	0.0 	0.07 	0.0 	0.0 	0.0 	0.0 	0.0 	0.0 	0.0 	0.0 	
230 	1.0 	0.0 	0.0 	0.0 	0.0 	0.0 	0.0 	0.0 	0.0 	0.0 	0.0 	0.0 	0.0 	0.0 	0.0 	0.0 	0.0 	0.0 	0.0 	0.0 	
