	A 	R 	N 	D 	C 	Q 	E 	G 	H 	I 	L 	K 	M 	F 	P 	S 	T 	W 	Y 	V 	
1 	0.0 	0.0 	0.0 	0.0 	0.0 	0.0 	0.69 	0.0 	0.0 	0.0 	0.0 	0.31 	0.0 	0.0 	0.0 	0.0 	0.0 	0.0 	0.0 	0.0 	
2 	0.0 	0.0 	0.0 	0.01 	0.0 	0.02 	0.97 	0.0 	0.0 	0.0 	0.0 	0.0 	0.0 	0.0 	0.0 	0.0 	0.0 	0.0 	0.0 	0.0 	
3 	0.02 	0.25 	0.01 	0.0 	0.04 	0.03 	0.05 	0.02 	0.0 	0.01 	0.02 	0.03 	0.23 	0.0 	0.0 	0.18 	0.06 	0.0 	0.0 	0.06 	
4 	0.0 	0.98 	0.0 	0.0 	0.0 	0.0 	0.0 	0.0 	0.0 	0.01 	0.0 	0.0 	0.01 	0.0 	0.0 	0.0 	0.0 	0.0 	0.0 	0.0 	
5 	0.0 	0.0 	0.0 	0.0 	0.0 	0.0 	0.0 	0.0 	0.0 	0.07 	0.9 	0.0 	0.01 	0.01 	0.0 	0.0 	0.0 	0.0 	0.0 	0.01 	
6 	0.01 	0.0 	0.03 	0.84 	0.0 	0.08 	0.01 	0.0 	0.03 	0.0 	0.0 	0.0 	0.0 	0.0 	0.0 	0.02 	0.0 	0.0 	0.0 	0.0 	
7 	0.06 	0.0 	0.51 	0.0 	0.0 	0.0 	0.0 	0.0 	0.01 	0.01 	0.0 	0.21 	0.02 	0.01 	0.0 	0.05 	0.11 	0.0 	0.0 	0.01 	
8 	0.02 	0.0 	0.0 	0.0 	0.0 	0.01 	0.0 	0.0 	0.0 	0.18 	0.08 	0.0 	0.02 	0.09 	0.0 	0.02 	0.05 	0.04 	0.05 	0.44 	
9 	0.02 	0.0 	0.0 	0.0 	0.02 	0.0 	0.0 	0.0 	0.0 	0.15 	0.26 	0.0 	0.0 	0.0 	0.0 	0.0 	0.0 	0.0 	0.0 	0.53 	
10 	0.08 	0.01 	0.0 	0.0 	0.0 	0.02 	0.0 	0.0 	0.02 	0.0 	0.03 	0.04 	0.0 	0.22 	0.0 	0.03 	0.0 	0.04 	0.51 	0.01 	
11 	0.04 	0.73 	0.02 	0.0 	0.0 	0.04 	0.03 	0.0 	0.01 	0.0 	0.0 	0.03 	0.0 	0.0 	0.0 	0.07 	0.01 	0.0 	0.0 	0.04 	
12 	0.22 	0.01 	0.0 	0.0 	0.0 	0.01 	0.0 	0.0 	0.0 	0.02 	0.32 	0.05 	0.19 	0.01 	0.0 	0.11 	0.03 	0.0 	0.0 	0.03 	
13 	0.0 	0.08 	0.02 	0.0 	0.0 	0.0 	0.03 	0.77 	0.0 	0.0 	0.01 	0.05 	0.01 	0.0 	0.0 	0.0 	0.0 	0.0 	0.02 	0.0 	
14 	0.0 	0.0 	0.03 	0.0 	0.0 	0.0 	0.0 	0.0 	0.0 	0.06 	0.24 	0.0 	0.11 	0.49 	0.02 	0.0 	0.0 	0.0 	0.04 	0.0 	
15 	0.52 	0.0 	0.0 	0.05 	0.03 	0.0 	0.0 	0.16 	0.0 	0.04 	0.0 	0.0 	0.0 	0.0 	0.0 	0.03 	0.02 	0.0 	0.04 	0.1 	
16 	0.05 	0.1 	0.04 	0.01 	0.0 	0.0 	0.0 	0.01 	0.0 	0.03 	0.01 	0.16 	0.0 	0.03 	0.21 	0.26 	0.05 	0.03 	0.0 	0.01 	
17 	0.0 	0.12 	0.01 	0.0 	0.01 	0.0 	0.0 	0.0 	0.0 	0.0 	0.0 	0.0 	0.0 	0.0 	0.0 	0.28 	0.58 	0.0 	0.0 	0.0 	
18 	0.02 	0.57 	0.0 	0.0 	0.0 	0.0 	0.0 	0.0 	0.0 	0.26 	0.02 	0.01 	0.03 	0.0 	0.04 	0.0 	0.01 	0.0 	0.0 	0.04 	
19 	0.22 	0.11 	0.01 	0.01 	0.0 	0.01 	0.03 	0.01 	0.0 	0.01 	0.02 	0.06 	0.0 	0.08 	0.15 	0.09 	0.1 	0.0 	0.04 	0.04 	
20 	0.2 	0.0 	0.01 	0.0 	0.0 	0.27 	0.18 	0.1 	0.02 	0.01 	0.09 	0.0 	0.02 	0.01 	0.0 	0.04 	0.01 	0.0 	0.02 	0.02 	
21 	0.83 	0.0 	0.0 	0.03 	0.0 	0.0 	0.0 	0.02 	0.0 	0.02 	0.0 	0.0 	0.0 	0.0 	0.0 	0.06 	0.0 	0.0 	0.0 	0.03 	
22 	0.0 	0.82 	0.0 	0.0 	0.0 	0.04 	0.03 	0.0 	0.0 	0.0 	0.0 	0.09 	0.0 	0.0 	0.0 	0.0 	0.02 	0.0 	0.0 	0.0 	
23 	0.02 	0.0 	0.01 	0.04 	0.0 	0.81 	0.05 	0.0 	0.0 	0.01 	0.01 	0.02 	0.0 	0.0 	0.0 	0.0 	0.0 	0.0 	0.0 	0.01 	
24 	0.01 	0.03 	0.0 	0.0 	0.0 	0.01 	0.0 	0.01 	0.0 	0.06 	0.57 	0.0 	0.09 	0.12 	0.0 	0.0 	0.0 	0.03 	0.03 	0.05 	
25 	0.03 	0.0 	0.0 	0.0 	0.04 	0.0 	0.0 	0.0 	0.0 	0.28 	0.0 	0.0 	0.0 	0.0 	0.0 	0.0 	0.01 	0.0 	0.0 	0.64 	
26 	0.02 	0.09 	0.28 	0.03 	0.01 	0.0 	0.08 	0.01 	0.0 	0.02 	0.02 	0.06 	0.0 	0.0 	0.0 	0.23 	0.08 	0.0 	0.0 	0.07 	
27 	0.0 	0.0 	0.03 	0.03 	0.0 	0.05 	0.02 	0.02 	0.79 	0.0 	0.0 	0.02 	0.0 	0.0 	0.0 	0.01 	0.0 	0.0 	0.0 	0.02 	
28 	0.02 	0.11 	0.03 	0.0 	0.0 	0.0 	0.0 	0.69 	0.0 	0.0 	0.0 	0.12 	0.0 	0.0 	0.0 	0.02 	0.0 	0.0 	0.0 	0.0 	
29 	0.07 	0.04 	0.05 	0.0 	0.01 	0.03 	0.0 	0.02 	0.59 	0.03 	0.06 	0.05 	0.0 	0.01 	0.0 	0.02 	0.01 	0.0 	0.01 	0.0 	
30 	0.0 	0.0 	0.01 	0.0 	0.0 	0.0 	0.0 	0.0 	0.0 	0.5 	0.02 	0.0 	0.01 	0.12 	0.0 	0.0 	0.0 	0.0 	0.0 	0.34 	
31 	0.07 	0.04 	0.01 	0.0 	0.02 	0.01 	0.02 	0.0 	0.05 	0.02 	0.29 	0.08 	0.03 	0.05 	0.0 	0.03 	0.16 	0.02 	0.04 	0.06 	
32 	0.0 	0.0 	0.02 	0.0 	0.0 	0.0 	0.0 	0.0 	0.0 	0.07 	0.12 	0.0 	0.01 	0.0 	0.0 	0.0 	0.0 	0.0 	0.04 	0.74 	
33 	0.01 	0.0 	0.86 	0.09 	0.0 	0.0 	0.01 	0.01 	0.0 	0.0 	0.0 	0.01 	0.0 	0.0 	0.0 	0.01 	0.0 	0.0 	0.0 	0.0 	
34 	0.0 	0.0 	0.06 	0.05 	0.0 	0.0 	0.02 	0.8 	0.0 	0.0 	0.0 	0.03 	0.0 	0.01 	0.0 	0.01 	0.0 	0.0 	0.01 	0.01 	
35 	0.01 	0.2 	0.05 	0.03 	0.01 	0.09 	0.04 	0.01 	0.04 	0.03 	0.0 	0.34 	0.0 	0.01 	0.0 	0.06 	0.0 	0.0 	0.0 	0.06 	
36 	0.03 	0.25 	0.0 	0.0 	0.03 	0.01 	0.02 	0.0 	0.0 	0.14 	0.03 	0.26 	0.01 	0.0 	0.02 	0.01 	0.05 	0.0 	0.0 	0.12 	
37 	0.18 	0.0 	0.03 	0.0 	0.02 	0.01 	0.01 	0.0 	0.0 	0.06 	0.01 	0.0 	0.0 	0.0 	0.0 	0.02 	0.02 	0.0 	0.0 	0.64 	
38 	0.0 	0.03 	0.33 	0.26 	0.0 	0.03 	0.0 	0.0 	0.0 	0.02 	0.0 	0.18 	0.0 	0.0 	0.0 	0.03 	0.12 	0.0 	0.0 	0.0 	
39 	0.13 	0.02 	0.0 	0.0 	0.0 	0.01 	0.0 	0.01 	0.0 	0.04 	0.03 	0.0 	0.0 	0.0 	0.71 	0.03 	0.0 	0.0 	0.0 	0.01 	
40 	0.02 	0.01 	0.03 	0.0 	0.0 	0.0 	0.0 	0.14 	0.0 	0.0 	0.0 	0.0 	0.0 	0.0 	0.0 	0.8 	0.0 	0.0 	0.0 	0.0 	
41 	0.02 	0.03 	0.0 	0.03 	0.0 	0.01 	0.0 	0.0 	0.0 	0.03 	0.01 	0.06 	0.05 	0.13 	0.0 	0.01 	0.04 	0.0 	0.56 	0.0 	
42 	0.02 	0.18 	0.04 	0.02 	0.0 	0.22 	0.04 	0.01 	0.02 	0.07 	0.13 	0.07 	0.03 	0.01 	0.01 	0.06 	0.04 	0.0 	0.0 	0.03 	
43 	0.0 	0.01 	0.0 	0.0 	0.18 	0.0 	0.0 	0.0 	0.0 	0.07 	0.17 	0.0 	0.01 	0.0 	0.0 	0.0 	0.0 	0.0 	0.0 	0.57 	
44 	0.01 	0.12 	0.03 	0.01 	0.0 	0.06 	0.1 	0.01 	0.0 	0.0 	0.02 	0.5 	0.0 	0.0 	0.01 	0.11 	0.01 	0.0 	0.0 	0.0 	
45 	0.12 	0.03 	0.01 	0.01 	0.0 	0.02 	0.07 	0.0 	0.0 	0.05 	0.03 	0.02 	0.0 	0.0 	0.41 	0.05 	0.03 	0.0 	0.0 	0.15 	
46 	0.02 	0.03 	0.1 	0.01 	0.0 	0.03 	0.04 	0.68 	0.01 	0.0 	0.0 	0.04 	0.0 	0.0 	0.0 	0.01 	0.01 	0.0 	0.01 	0.0 	
47 	0.04 	0.0 	0.0 	0.74 	0.0 	0.08 	0.08 	0.0 	0.01 	0.0 	0.01 	0.0 	0.01 	0.0 	0.0 	0.01 	0.01 	0.0 	0.0 	0.0 	
48 	0.01 	0.02 	0.01 	0.0 	0.01 	0.07 	0.12 	0.0 	0.0 	0.15 	0.06 	0.07 	0.03 	0.02 	0.0 	0.01 	0.08 	0.0 	0.0 	0.35 	
49 	0.01 	0.0 	0.01 	0.02 	0.0 	0.0 	0.0 	0.0 	0.0 	0.61 	0.06 	0.0 	0.02 	0.01 	0.0 	0.01 	0.01 	0.0 	0.0 	0.26 	
50 	0.07 	0.01 	0.01 	0.03 	0.0 	0.03 	0.25 	0.03 	0.01 	0.02 	0.0 	0.07 	0.01 	0.0 	0.0 	0.21 	0.22 	0.0 	0.0 	0.03 	
51 	0.01 	0.0 	0.0 	0.0 	0.0 	0.0 	0.0 	0.0 	0.0 	0.27 	0.21 	0.0 	0.0 	0.03 	0.01 	0.0 	0.02 	0.0 	0.01 	0.42 	
52 	0.05 	0.41 	0.01 	0.02 	0.0 	0.02 	0.03 	0.04 	0.06 	0.01 	0.02 	0.25 	0.0 	0.0 	0.02 	0.03 	0.01 	0.01 	0.0 	0.01 	
53 	0.03 	0.0 	0.1 	0.11 	0.0 	0.08 	0.41 	0.01 	0.0 	0.0 	0.01 	0.07 	0.01 	0.08 	0.05 	0.02 	0.01 	0.0 	0.02 	0.0 	
54 	0.04 	0.11 	0.06 	0.01 	0.0 	0.04 	0.03 	0.15 	0.01 	0.02 	0.0 	0.45 	0.0 	0.0 	0.01 	0.04 	0.01 	0.0 	0.01 	0.0 	
55 	0.12 	0.01 	0.05 	0.02 	0.01 	0.12 	0.02 	0.02 	0.01 	0.03 	0.02 	0.04 	0.0 	0.01 	0.04 	0.43 	0.02 	0.0 	0.01 	0.01 	
56 	0.02 	0.2 	0.02 	0.08 	0.0 	0.06 	0.06 	0.01 	0.01 	0.01 	0.04 	0.38 	0.0 	0.0 	0.01 	0.04 	0.03 	0.0 	0.0 	0.02 	
57 	0.02 	0.01 	0.11 	0.03 	0.0 	0.07 	0.11 	0.05 	0.0 	0.04 	0.08 	0.16 	0.0 	0.0 	0.01 	0.25 	0.04 	0.0 	0.01 	0.0 	
58 	0.02 	0.13 	0.05 	0.0 	0.0 	0.14 	0.05 	0.01 	0.02 	0.06 	0.16 	0.11 	0.08 	0.01 	0.0 	0.03 	0.03 	0.0 	0.03 	0.06 	
59 	0.17 	0.02 	0.04 	0.02 	0.0 	0.05 	0.07 	0.01 	0.0 	0.02 	0.06 	0.07 	0.0 	0.0 	0.13 	0.13 	0.14 	0.0 	0.0 	0.06 	
60 	0.05 	0.17 	0.01 	0.01 	0.01 	0.03 	0.01 	0.0 	0.0 	0.18 	0.2 	0.03 	0.03 	0.06 	0.03 	0.04 	0.01 	0.01 	0.01 	0.12 	
61 	0.02 	0.01 	0.0 	0.0 	0.0 	0.03 	0.03 	0.01 	0.0 	0.41 	0.07 	0.06 	0.0 	0.06 	0.02 	0.0 	0.0 	0.0 	0.02 	0.25 	
62 	0.11 	0.04 	0.03 	0.01 	0.0 	0.11 	0.05 	0.01 	0.0 	0.12 	0.09 	0.17 	0.02 	0.01 	0.0 	0.07 	0.07 	0.0 	0.0 	0.09 	
63 	0.12 	0.04 	0.1 	0.08 	0.0 	0.02 	0.28 	0.02 	0.01 	0.02 	0.04 	0.14 	0.0 	0.01 	0.02 	0.05 	0.04 	0.0 	0.0 	0.02 	
64 	0.38 	0.04 	0.17 	0.02 	0.0 	0.02 	0.04 	0.01 	0.0 	0.02 	0.02 	0.05 	0.0 	0.01 	0.0 	0.14 	0.02 	0.0 	0.03 	0.02 	
65 	0.04 	0.01 	0.01 	0.01 	0.0 	0.03 	0.06 	0.01 	0.0 	0.18 	0.42 	0.01 	0.04 	0.03 	0.01 	0.02 	0.03 	0.0 	0.01 	0.09 	
66 	0.12 	0.01 	0.03 	0.04 	0.0 	0.12 	0.28 	0.02 	0.02 	0.01 	0.01 	0.09 	0.0 	0.01 	0.0 	0.14 	0.07 	0.0 	0.0 	0.03 	
67 	0.06 	0.01 	0.06 	0.06 	0.0 	0.02 	0.12 	0.03 	0.02 	0.04 	0.24 	0.03 	0.01 	0.05 	0.02 	0.11 	0.05 	0.0 	0.02 	0.06 	
68 	0.24 	0.01 	0.06 	0.0 	0.0 	0.11 	0.02 	0.05 	0.0 	0.02 	0.01 	0.05 	0.02 	0.04 	0.12 	0.11 	0.06 	0.0 	0.02 	0.06 	
69 	0.08 	0.15 	0.05 	0.05 	0.0 	0.13 	0.2 	0.03 	0.05 	0.0 	0.03 	0.03 	0.0 	0.01 	0.05 	0.05 	0.05 	0.0 	0.01 	0.04 	
70 	0.11 	0.45 	0.02 	0.01 	0.0 	0.08 	0.03 	0.02 	0.02 	0.0 	0.05 	0.12 	0.0 	0.0 	0.01 	0.05 	0.01 	0.0 	0.0 	0.02 	
71 	0.04 	0.05 	0.09 	0.11 	0.0 	0.02 	0.12 	0.18 	0.01 	0.01 	0.02 	0.04 	0.01 	0.03 	0.08 	0.1 	0.07 	0.0 	0.01 	0.02 	
72 	0.12 	0.04 	0.0 	0.0 	0.01 	0.0 	0.01 	0.01 	0.0 	0.14 	0.11 	0.17 	0.02 	0.03 	0.02 	0.02 	0.05 	0.0 	0.01 	0.21 	
73 	0.02 	0.0 	0.0 	0.01 	0.0 	0.04 	0.06 	0.01 	0.0 	0.02 	0.04 	0.0 	0.01 	0.01 	0.7 	0.02 	0.0 	0.01 	0.01 	0.04 	
74 	0.12 	0.01 	0.06 	0.15 	0.0 	0.06 	0.17 	0.03 	0.0 	0.03 	0.03 	0.04 	0.0 	0.0 	0.1 	0.13 	0.05 	0.0 	0.01 	0.01 	
75 	0.12 	0.0 	0.01 	0.01 	0.0 	0.0 	0.0 	0.01 	0.13 	0.0 	0.0 	0.02 	0.0 	0.02 	0.0 	0.01 	0.01 	0.47 	0.18 	0.0 	
76 	0.04 	0.0 	0.0 	0.01 	0.0 	0.03 	0.01 	0.0 	0.02 	0.16 	0.48 	0.01 	0.01 	0.0 	0.0 	0.02 	0.02 	0.0 	0.0 	0.18 	
77 	0.03 	0.02 	0.03 	0.07 	0.0 	0.09 	0.4 	0.01 	0.0 	0.01 	0.09 	0.01 	0.0 	0.0 	0.01 	0.14 	0.11 	0.0 	0.0 	0.0 	
78 	0.07 	0.0 	0.01 	0.01 	0.0 	0.0 	0.0 	0.01 	0.0 	0.07 	0.24 	0.02 	0.05 	0.09 	0.01 	0.01 	0.01 	0.02 	0.01 	0.37 	
79 	0.0 	0.0 	0.08 	0.54 	0.0 	0.0 	0.03 	0.0 	0.02 	0.0 	0.02 	0.01 	0.01 	0.09 	0.0 	0.0 	0.0 	0.01 	0.15 	0.04 	
80 	0.09 	0.08 	0.06 	0.01 	0.0 	0.04 	0.17 	0.03 	0.06 	0.0 	0.03 	0.19 	0.0 	0.02 	0.03 	0.09 	0.05 	0.0 	0.03 	0.01 	
81 	0.07 	0.01 	0.04 	0.11 	0.0 	0.03 	0.23 	0.2 	0.0 	0.03 	0.01 	0.1 	0.0 	0.01 	0.01 	0.08 	0.03 	0.0 	0.0 	0.03 	
82 	0.05 	0.04 	0.09 	0.0 	0.0 	0.04 	0.02 	0.02 	0.01 	0.02 	0.03 	0.24 	0.0 	0.01 	0.03 	0.05 	0.26 	0.0 	0.01 	0.06 	
83 	0.05 	0.01 	0.01 	0.0 	0.0 	0.04 	0.08 	0.01 	0.0 	0.02 	0.26 	0.03 	0.13 	0.14 	0.0 	0.02 	0.0 	0.0 	0.04 	0.16 	
84 	0.04 	0.05 	0.04 	0.0 	0.0 	0.04 	0.12 	0.04 	0.01 	0.01 	0.02 	0.38 	0.0 	0.0 	0.0 	0.09 	0.07 	0.0 	0.01 	0.08 	
85 	0.25 	0.1 	0.01 	0.01 	0.0 	0.02 	0.05 	0.26 	0.0 	0.03 	0.01 	0.01 	0.02 	0.0 	0.0 	0.11 	0.08 	0.0 	0.0 	0.03 	
86 	0.04 	0.01 	0.01 	0.0 	0.0 	0.01 	0.01 	0.0 	0.0 	0.16 	0.33 	0.02 	0.03 	0.01 	0.0 	0.01 	0.12 	0.0 	0.02 	0.22 	
87 	0.01 	0.0 	0.0 	0.0 	0.0 	0.02 	0.01 	0.02 	0.0 	0.08 	0.02 	0.04 	0.0 	0.15 	0.44 	0.01 	0.05 	0.0 	0.05 	0.09 	
88 	0.06 	0.04 	0.07 	0.05 	0.0 	0.03 	0.15 	0.0 	0.01 	0.02 	0.02 	0.24 	0.0 	0.0 	0.02 	0.05 	0.12 	0.0 	0.0 	0.11 	
89 	0.01 	0.73 	0.01 	0.01 	0.01 	0.03 	0.04 	0.0 	0.0 	0.01 	0.0 	0.05 	0.0 	0.0 	0.03 	0.02 	0.0 	0.0 	0.01 	0.02 	
90 	0.12 	0.0 	0.02 	0.08 	0.0 	0.03 	0.6 	0.0 	0.0 	0.02 	0.01 	0.03 	0.0 	0.0 	0.02 	0.05 	0.01 	0.0 	0.0 	0.01 	
91 	0.0 	0.19 	0.01 	0.2 	0.0 	0.07 	0.31 	0.0 	0.0 	0.01 	0.0 	0.05 	0.0 	0.0 	0.11 	0.0 	0.0 	0.02 	0.0 	0.02 	
92 	0.01 	0.0 	0.04 	0.12 	0.0 	0.02 	0.1 	0.0 	0.0 	0.33 	0.1 	0.03 	0.05 	0.02 	0.0 	0.05 	0.04 	0.0 	0.0 	0.08 	
93 	0.22 	0.04 	0.02 	0.19 	0.0 	0.06 	0.07 	0.0 	0.0 	0.0 	0.05 	0.0 	0.0 	0.0 	0.09 	0.1 	0.06 	0.06 	0.0 	0.05 	
94 	0.05 	0.0 	0.0 	0.01 	0.0 	0.0 	0.13 	0.0 	0.0 	0.14 	0.24 	0.02 	0.1 	0.0 	0.02 	0.01 	0.04 	0.05 	0.0 	0.19 	
95 	0.16 	0.0 	0.06 	0.06 	0.0 	0.14 	0.13 	0.03 	0.0 	0.01 	0.0 	0.01 	0.03 	0.0 	0.24 	0.13 	0.01 	0.0 	0.0 	0.0 	
96 	0.11 	0.11 	0.01 	0.0 	0.0 	0.01 	0.03 	0.0 	0.0 	0.41 	0.11 	0.03 	0.01 	0.02 	0.01 	0.01 	0.0 	0.0 	0.0 	0.12 	
97 	0.01 	0.07 	0.06 	0.03 	0.0 	0.36 	0.23 	0.0 	0.0 	0.0 	0.0 	0.19 	0.0 	0.0 	0.04 	0.01 	0.0 	0.0 	0.0 	0.0 	
98 	0.0 	0.0 	0.03 	0.0 	0.0 	0.0 	0.16 	0.0 	0.0 	0.32 	0.28 	0.0 	0.02 	0.09 	0.0 	0.0 	0.0 	0.0 	0.02 	0.07 	
99 	0.0 	0.0 	0.97 	0.0 	0.0 	0.0 	0.0 	0.0 	0.0 	0.0 	0.0 	0.0 	0.0 	0.0 	0.0 	0.03 	0.0 	0.0 	0.0 	0.0 	
