	A 	R 	N 	D 	C 	Q 	E 	G 	H 	I 	L 	K 	M 	F 	P 	S 	T 	W 	Y 	V 	
1 	0.31 	0.0 	0.0 	0.0 	0.0 	0.0 	0.0 	0.25 	0.0 	0.0 	0.0 	0.0 	0.0 	0.0 	0.0 	0.14 	0.04 	0.0 	0.0 	0.26 	
2 	0.0 	0.16 	0.02 	0.03 	0.04 	0.11 	0.26 	0.0 	0.05 	0.0 	0.01 	0.2 	0.0 	0.0 	0.04 	0.05 	0.04 	0.0 	0.0 	0.0 	
3 	0.0 	0.2 	0.0 	0.0 	0.0 	0.04 	0.02 	0.0 	0.05 	0.04 	0.05 	0.07 	0.02 	0.12 	0.0 	0.02 	0.04 	0.03 	0.26 	0.03 	
4 	0.29 	0.0 	0.0 	0.0 	0.07 	0.0 	0.0 	0.02 	0.0 	0.03 	0.02 	0.0 	0.02 	0.03 	0.0 	0.0 	0.01 	0.0 	0.05 	0.46 	
5 	0.0 	0.31 	0.0 	0.0 	0.0 	0.05 	0.03 	0.01 	0.01 	0.08 	0.01 	0.26 	0.01 	0.0 	0.0 	0.0 	0.02 	0.0 	0.01 	0.19 	
6 	0.84 	0.0 	0.0 	0.0 	0.02 	0.0 	0.0 	0.03 	0.0 	0.0 	0.0 	0.0 	0.0 	0.0 	0.0 	0.01 	0.02 	0.0 	0.0 	0.06 	
7 	0.02 	0.01 	0.01 	0.0 	0.01 	0.03 	0.01 	0.0 	0.02 	0.14 	0.58 	0.03 	0.05 	0.0 	0.0 	0.0 	0.02 	0.0 	0.0 	0.06 	
8 	0.01 	0.03 	0.0 	0.01 	0.02 	0.02 	0.0 	0.02 	0.03 	0.01 	0.01 	0.03 	0.01 	0.16 	0.0 	0.01 	0.01 	0.04 	0.56 	0.01 	
9 	0.04 	0.02 	0.06 	0.57 	0.0 	0.02 	0.05 	0.02 	0.01 	0.0 	0.0 	0.01 	0.0 	0.0 	0.09 	0.09 	0.02 	0.0 	0.0 	0.0 	
10 	0.0 	0.01 	0.01 	0.0 	0.04 	0.0 	0.0 	0.0 	0.04 	0.0 	0.01 	0.0 	0.0 	0.35 	0.0 	0.0 	0.0 	0.01 	0.52 	0.01 	
11 	0.05 	0.03 	0.05 	0.12 	0.02 	0.12 	0.19 	0.0 	0.01 	0.02 	0.02 	0.07 	0.01 	0.01 	0.03 	0.04 	0.12 	0.01 	0.0 	0.05 	
12 	0.42 	0.01 	0.0 	0.01 	0.0 	0.01 	0.01 	0.22 	0.0 	0.0 	0.0 	0.05 	0.0 	0.0 	0.17 	0.07 	0.02 	0.0 	0.0 	0.01 	
13 	0.08 	0.13 	0.07 	0.06 	0.0 	0.17 	0.09 	0.03 	0.02 	0.01 	0.02 	0.05 	0.01 	0.0 	0.02 	0.12 	0.08 	0.0 	0.0 	0.02 	
14 	0.05 	0.05 	0.14 	0.15 	0.01 	0.05 	0.15 	0.05 	0.04 	0.01 	0.01 	0.04 	0.01 	0.01 	0.03 	0.1 	0.06 	0.0 	0.0 	0.03 	
15 	0.11 	0.03 	0.02 	0.22 	0.0 	0.02 	0.18 	0.04 	0.01 	0.0 	0.01 	0.03 	0.0 	0.01 	0.18 	0.1 	0.02 	0.0 	0.0 	0.01 	
16 	0.01 	0.03 	0.1 	0.34 	0.0 	0.05 	0.09 	0.16 	0.01 	0.0 	0.0 	0.02 	0.01 	0.0 	0.01 	0.06 	0.07 	0.0 	0.01 	0.01 	
17 	0.02 	0.01 	0.01 	0.14 	0.0 	0.05 	0.59 	0.04 	0.02 	0.0 	0.03 	0.01 	0.0 	0.0 	0.0 	0.02 	0.04 	0.0 	0.0 	0.0 	
18 	0.0 	0.0 	0.0 	0.0 	0.0 	0.0 	0.0 	0.0 	0.0 	0.15 	0.75 	0.0 	0.03 	0.01 	0.0 	0.0 	0.0 	0.0 	0.0 	0.06 	
19 	0.07 	0.02 	0.04 	0.04 	0.0 	0.02 	0.03 	0.04 	0.01 	0.0 	0.02 	0.04 	0.0 	0.0 	0.1 	0.45 	0.1 	0.0 	0.0 	0.02 	
20 	0.01 	0.0 	0.0 	0.0 	0.0 	0.0 	0.0 	0.0 	0.0 	0.08 	0.27 	0.0 	0.04 	0.55 	0.0 	0.0 	0.0 	0.0 	0.01 	0.05 	
21 	0.04 	0.17 	0.04 	0.04 	0.01 	0.1 	0.11 	0.0 	0.03 	0.01 	0.04 	0.21 	0.01 	0.01 	0.03 	0.07 	0.05 	0.0 	0.0 	0.03 	
22 	0.14 	0.11 	0.0 	0.01 	0.0 	0.07 	0.15 	0.0 	0.01 	0.02 	0.02 	0.31 	0.01 	0.01 	0.06 	0.01 	0.02 	0.0 	0.01 	0.04 	
23 	0.01 	0.01 	0.07 	0.08 	0.0 	0.0 	0.01 	0.77 	0.01 	0.0 	0.0 	0.01 	0.0 	0.0 	0.0 	0.01 	0.01 	0.0 	0.0 	0.0 	
24 	0.05 	0.01 	0.01 	0.59 	0.0 	0.04 	0.25 	0.0 	0.0 	0.0 	0.0 	0.01 	0.0 	0.0 	0.0 	0.01 	0.02 	0.0 	0.0 	0.01 	
25 	0.02 	0.06 	0.0 	0.01 	0.01 	0.02 	0.04 	0.0 	0.01 	0.31 	0.1 	0.07 	0.02 	0.02 	0.02 	0.01 	0.06 	0.0 	0.02 	0.2 	
26 	0.0 	0.0 	0.0 	0.0 	0.0 	0.0 	0.0 	0.0 	0.0 	0.4 	0.28 	0.0 	0.04 	0.05 	0.0 	0.0 	0.0 	0.0 	0.05 	0.18 	
27 	0.02 	0.07 	0.02 	0.03 	0.01 	0.09 	0.12 	0.01 	0.07 	0.06 	0.08 	0.05 	0.01 	0.02 	0.0 	0.03 	0.2 	0.0 	0.08 	0.03 	
28 	0.01 	0.01 	0.04 	0.0 	0.0 	0.01 	0.01 	0.01 	0.0 	0.27 	0.15 	0.0 	0.01 	0.0 	0.0 	0.0 	0.0 	0.0 	0.01 	0.49 	
29 	0.02 	0.03 	0.01 	0.01 	0.01 	0.01 	0.02 	0.01 	0.02 	0.2 	0.35 	0.02 	0.01 	0.02 	0.0 	0.04 	0.07 	0.0 	0.02 	0.14 	
30 	0.02 	0.1 	0.1 	0.19 	0.0 	0.06 	0.24 	0.04 	0.01 	0.0 	0.01 	0.04 	0.0 	0.01 	0.03 	0.12 	0.02 	0.0 	0.0 	0.0 	
31 	0.03 	0.1 	0.04 	0.05 	0.01 	0.1 	0.12 	0.01 	0.01 	0.03 	0.01 	0.26 	0.04 	0.01 	0.01 	0.06 	0.06 	0.0 	0.0 	0.04 	
32 	0.04 	0.01 	0.04 	0.12 	0.01 	0.03 	0.15 	0.04 	0.02 	0.09 	0.03 	0.03 	0.0 	0.01 	0.05 	0.15 	0.08 	0.0 	0.01 	0.08 	
33 	0.01 	0.01 	0.13 	0.34 	0.0 	0.02 	0.18 	0.05 	0.02 	0.0 	0.01 	0.01 	0.0 	0.01 	0.05 	0.08 	0.03 	0.01 	0.03 	0.0 	
34 	0.03 	0.02 	0.07 	0.21 	0.0 	0.05 	0.17 	0.19 	0.01 	0.01 	0.02 	0.04 	0.0 	0.01 	0.07 	0.08 	0.01 	0.0 	0.0 	0.01 	
35 	0.01 	0.03 	0.08 	0.18 	0.0 	0.03 	0.09 	0.42 	0.04 	0.0 	0.02 	0.03 	0.0 	0.01 	0.01 	0.01 	0.01 	0.01 	0.02 	0.0 	
36 	0.0 	0.01 	0.01 	0.0 	0.0 	0.0 	0.01 	0.01 	0.0 	0.0 	0.0 	0.01 	0.0 	0.03 	0.0 	0.0 	0.01 	0.89 	0.02 	0.0 	
37 	0.01 	0.01 	0.0 	0.0 	0.04 	0.0 	0.0 	0.01 	0.0 	0.03 	0.1 	0.0 	0.02 	0.02 	0.0 	0.03 	0.02 	0.63 	0.07 	0.0 	
38 	0.01 	0.14 	0.01 	0.02 	0.0 	0.11 	0.15 	0.0 	0.02 	0.05 	0.13 	0.14 	0.01 	0.04 	0.0 	0.01 	0.06 	0.02 	0.06 	0.03 	
39 	0.23 	0.0 	0.0 	0.0 	0.04 	0.0 	0.01 	0.53 	0.0 	0.01 	0.01 	0.01 	0.01 	0.0 	0.0 	0.0 	0.01 	0.01 	0.01 	0.13 	
40 	0.02 	0.29 	0.01 	0.03 	0.01 	0.05 	0.18 	0.02 	0.02 	0.01 	0.03 	0.15 	0.02 	0.01 	0.0 	0.06 	0.03 	0.01 	0.02 	0.03 	
41 	0.03 	0.09 	0.1 	0.1 	0.01 	0.03 	0.04 	0.04 	0.05 	0.05 	0.11 	0.07 	0.02 	0.01 	0.01 	0.11 	0.07 	0.0 	0.02 	0.05 	
42 	0.09 	0.09 	0.03 	0.04 	0.05 	0.03 	0.08 	0.07 	0.02 	0.02 	0.2 	0.07 	0.01 	0.0 	0.04 	0.08 	0.02 	0.0 	0.02 	0.04 	
43 	0.04 	0.07 	0.23 	0.12 	0.0 	0.03 	0.06 	0.03 	0.04 	0.01 	0.01 	0.08 	0.01 	0.01 	0.02 	0.09 	0.13 	0.0 	0.02 	0.01 	
44 	0.01 	0.01 	0.04 	0.04 	0.0 	0.01 	0.02 	0.67 	0.01 	0.01 	0.02 	0.02 	0.0 	0.0 	0.01 	0.05 	0.06 	0.0 	0.0 	0.0 	
45 	0.03 	0.18 	0.03 	0.02 	0.03 	0.16 	0.12 	0.01 	0.04 	0.03 	0.02 	0.2 	0.01 	0.0 	0.0 	0.05 	0.03 	0.0 	0.01 	0.04 	
46 	0.06 	0.12 	0.0 	0.01 	0.01 	0.07 	0.2 	0.0 	0.01 	0.07 	0.01 	0.06 	0.02 	0.02 	0.01 	0.05 	0.16 	0.0 	0.01 	0.12 	
47 	0.01 	0.0 	0.0 	0.0 	0.0 	0.01 	0.0 	0.94 	0.0 	0.01 	0.01 	0.0 	0.0 	0.01 	0.01 	0.0 	0.0 	0.0 	0.01 	0.0 	
48 	0.0 	0.01 	0.01 	0.01 	0.0 	0.02 	0.0 	0.0 	0.01 	0.14 	0.22 	0.01 	0.05 	0.11 	0.01 	0.02 	0.0 	0.16 	0.17 	0.05 	
49 	0.04 	0.0 	0.0 	0.0 	0.01 	0.0 	0.0 	0.0 	0.0 	0.18 	0.04 	0.0 	0.01 	0.4 	0.0 	0.02 	0.01 	0.0 	0.03 	0.25 	
50 	0.0 	0.0 	0.0 	0.0 	0.0 	0.0 	0.0 	0.0 	0.0 	0.0 	0.0 	0.02 	0.0 	0.0 	0.96 	0.0 	0.0 	0.0 	0.0 	0.02 	
51 	0.23 	0.04 	0.01 	0.01 	0.0 	0.02 	0.06 	0.03 	0.02 	0.03 	0.02 	0.05 	0.0 	0.02 	0.01 	0.33 	0.06 	0.0 	0.02 	0.04 	
52 	0.09 	0.0 	0.45 	0.05 	0.01 	0.03 	0.03 	0.01 	0.0 	0.01 	0.01 	0.02 	0.0 	0.0 	0.03 	0.16 	0.06 	0.0 	0.01 	0.02 	
53 	0.01 	0.01 	0.0 	0.0 	0.01 	0.01 	0.01 	0.0 	0.05 	0.02 	0.03 	0.01 	0.0 	0.15 	0.0 	0.01 	0.01 	0.0 	0.66 	0.01 	
54 	0.0 	0.0 	0.0 	0.0 	0.0 	0.0 	0.0 	0.0 	0.0 	0.1 	0.19 	0.0 	0.01 	0.03 	0.0 	0.0 	0.03 	0.0 	0.0 	0.63 	
55 	0.1 	0.03 	0.0 	0.0 	0.0 	0.17 	0.46 	0.01 	0.0 	0.01 	0.01 	0.12 	0.01 	0.0 	0.0 	0.01 	0.05 	0.0 	0.0 	0.01 	
56 	0.0 	0.08 	0.0 	0.0 	0.01 	0.03 	0.37 	0.0 	0.01 	0.02 	0.02 	0.19 	0.0 	0.0 	0.23 	0.01 	0.0 	0.0 	0.0 	0.03 	
57 	0.02 	0.09 	0.02 	0.01 	0.0 	0.04 	0.01 	0.0 	0.03 	0.23 	0.04 	0.02 	0.0 	0.0 	0.0 	0.01 	0.0 	0.04 	0.09 	0.35 	
58 	0.0 	0.37 	0.0 	0.0 	0.0 	0.22 	0.0 	0.0 	0.05 	0.0 	0.0 	0.36 	0.0 	0.0 	0.0 	0.0 	0.0 	0.0 	0.0 	0.0 	
