	A 	R 	N 	D 	C 	Q 	E 	G 	H 	I 	L 	K 	M 	F 	P 	S 	T 	W 	Y 	V 	
1 	0.0 	0.0 	0.0 	0.0 	0.0 	0.0 	0.0 	0.0 	0.0 	0.06 	0.2 	0.0 	0.74 	0.0 	0.0 	0.0 	0.0 	0.0 	0.0 	0.0 	
2 	0.02 	0.04 	0.05 	0.07 	0.0 	0.1 	0.02 	0.0 	0.07 	0.05 	0.08 	0.38 	0.0 	0.0 	0.0 	0.06 	0.03 	0.0 	0.01 	0.01 	
3 	0.7 	0.0 	0.0 	0.0 	0.01 	0.0 	0.0 	0.12 	0.0 	0.01 	0.02 	0.0 	0.0 	0.0 	0.01 	0.01 	0.01 	0.0 	0.01 	0.09 	
4 	0.02 	0.0 	0.0 	0.0 	0.0 	0.0 	0.01 	0.01 	0.0 	0.34 	0.14 	0.0 	0.04 	0.01 	0.0 	0.0 	0.0 	0.0 	0.01 	0.42 	
5 	0.01 	0.0 	0.0 	0.0 	0.0 	0.0 	0.0 	0.0 	0.0 	0.67 	0.08 	0.0 	0.0 	0.01 	0.0 	0.0 	0.0 	0.0 	0.0 	0.24 	
6 	0.02 	0.0 	0.0 	0.02 	0.01 	0.0 	0.0 	0.0 	0.0 	0.02 	0.6 	0.0 	0.04 	0.02 	0.22 	0.0 	0.0 	0.0 	0.0 	0.05 	
7 	0.82 	0.0 	0.0 	0.0 	0.02 	0.0 	0.0 	0.04 	0.0 	0.01 	0.0 	0.0 	0.0 	0.01 	0.02 	0.03 	0.01 	0.0 	0.0 	0.04 	
8 	0.45 	0.07 	0.0 	0.03 	0.0 	0.0 	0.0 	0.36 	0.0 	0.0 	0.0 	0.0 	0.0 	0.0 	0.0 	0.03 	0.03 	0.0 	0.0 	0.01 	
9 	0.0 	0.01 	0.0 	0.0 	0.0 	0.0 	0.0 	0.84 	0.0 	0.01 	0.01 	0.0 	0.0 	0.01 	0.0 	0.04 	0.02 	0.0 	0.04 	0.0 	
10 	0.08 	0.09 	0.02 	0.01 	0.01 	0.11 	0.06 	0.03 	0.01 	0.03 	0.07 	0.2 	0.02 	0.05 	0.0 	0.08 	0.03 	0.0 	0.05 	0.03 	
11 	0.03 	0.0 	0.02 	0.02 	0.0 	0.0 	0.01 	0.77 	0.0 	0.02 	0.0 	0.0 	0.0 	0.0 	0.0 	0.11 	0.0 	0.0 	0.0 	0.0 	
12 	0.01 	0.05 	0.02 	0.0 	0.0 	0.0 	0.05 	0.0 	0.0 	0.0 	0.02 	0.14 	0.01 	0.0 	0.0 	0.22 	0.44 	0.0 	0.01 	0.02 	
13 	0.01 	0.93 	0.0 	0.0 	0.0 	0.01 	0.01 	0.0 	0.01 	0.0 	0.0 	0.02 	0.0 	0.0 	0.0 	0.01 	0.0 	0.0 	0.0 	0.0 	
14 	0.02 	0.01 	0.01 	0.0 	0.0 	0.0 	0.0 	0.0 	0.0 	0.01 	0.37 	0.0 	0.46 	0.1 	0.0 	0.0 	0.01 	0.0 	0.01 	0.01 	
15 	0.04 	0.13 	0.03 	0.01 	0.01 	0.03 	0.03 	0.21 	0.03 	0.0 	0.05 	0.2 	0.03 	0.04 	0.05 	0.02 	0.01 	0.04 	0.05 	0.0 	
16 	0.03 	0.01 	0.03 	0.03 	0.01 	0.02 	0.05 	0.06 	0.01 	0.01 	0.02 	0.02 	0.01 	0.01 	0.3 	0.33 	0.02 	0.0 	0.01 	0.03 	
17 	0.1 	0.03 	0.02 	0.05 	0.01 	0.02 	0.05 	0.05 	0.01 	0.07 	0.34 	0.03 	0.02 	0.02 	0.03 	0.04 	0.03 	0.01 	0.01 	0.06 	
18 	0.04 	0.03 	0.02 	0.05 	0.01 	0.02 	0.03 	0.06 	0.01 	0.04 	0.04 	0.05 	0.01 	0.02 	0.03 	0.1 	0.39 	0.01 	0.01 	0.04 	
19 	0.1 	0.1 	0.03 	0.06 	0.01 	0.04 	0.08 	0.07 	0.03 	0.03 	0.09 	0.14 	0.02 	0.03 	0.03 	0.06 	0.03 	0.01 	0.01 	0.03 	
20 	0.09 	0.05 	0.06 	0.15 	0.01 	0.03 	0.07 	0.12 	0.02 	0.01 	0.03 	0.08 	0.01 	0.01 	0.04 	0.09 	0.08 	0.02 	0.01 	0.03 	
21 	0.02 	0.15 	0.02 	0.01 	0.01 	0.05 	0.02 	0.02 	0.01 	0.09 	0.25 	0.07 	0.04 	0.02 	0.02 	0.02 	0.04 	0.0 	0.03 	0.09 	
22 	0.15 	0.01 	0.06 	0.05 	0.0 	0.01 	0.02 	0.02 	0.02 	0.01 	0.01 	0.01 	0.0 	0.0 	0.53 	0.06 	0.01 	0.0 	0.02 	0.01 	
23 	0.0 	0.02 	0.0 	0.0 	0.0 	0.0 	0.0 	0.0 	0.01 	0.01 	0.0 	0.92 	0.0 	0.0 	0.0 	0.0 	0.01 	0.0 	0.0 	0.0 	
24 	0.06 	0.0 	0.01 	0.0 	0.02 	0.24 	0.03 	0.03 	0.01 	0.01 	0.04 	0.0 	0.01 	0.0 	0.22 	0.02 	0.02 	0.0 	0.0 	0.28 	
25 	0.1 	0.0 	0.0 	0.0 	0.0 	0.0 	0.0 	0.01 	0.0 	0.01 	0.52 	0.0 	0.08 	0.17 	0.0 	0.01 	0.01 	0.01 	0.06 	0.01 	
26 	0.06 	0.02 	0.0 	0.0 	0.01 	0.04 	0.0 	0.0 	0.25 	0.07 	0.3 	0.0 	0.01 	0.02 	0.0 	0.0 	0.0 	0.0 	0.02 	0.19 	
27 	0.03 	0.05 	0.01 	0.08 	0.01 	0.06 	0.14 	0.0 	0.01 	0.01 	0.03 	0.1 	0.01 	0.01 	0.35 	0.03 	0.07 	0.0 	0.01 	0.0 	
28 	0.01 	0.0 	0.0 	0.0 	0.0 	0.0 	0.0 	0.0 	0.0 	0.29 	0.31 	0.0 	0.01 	0.13 	0.0 	0.0 	0.0 	0.01 	0.01 	0.22 	
29 	0.27 	0.02 	0.07 	0.03 	0.06 	0.02 	0.02 	0.29 	0.03 	0.0 	0.07 	0.03 	0.0 	0.01 	0.0 	0.02 	0.02 	0.0 	0.01 	0.03 	
30 	0.01 	0.01 	0.11 	0.07 	0.0 	0.01 	0.03 	0.71 	0.01 	0.0 	0.0 	0.01 	0.0 	0.0 	0.01 	0.02 	0.0 	0.0 	0.0 	0.0 	
31 	0.02 	0.19 	0.01 	0.01 	0.01 	0.04 	0.04 	0.0 	0.0 	0.02 	0.03 	0.49 	0.01 	0.01 	0.0 	0.01 	0.03 	0.0 	0.05 	0.04 	
32 	0.03 	0.12 	0.0 	0.0 	0.01 	0.0 	0.02 	0.0 	0.0 	0.0 	0.01 	0.02 	0.01 	0.01 	0.59 	0.08 	0.11 	0.0 	0.01 	0.0 	
33 	0.01 	0.0 	0.01 	0.0 	0.0 	0.0 	0.0 	0.0 	0.0 	0.17 	0.33 	0.0 	0.37 	0.02 	0.0 	0.0 	0.02 	0.0 	0.0 	0.08 	
34 	0.02 	0.0 	0.0 	0.0 	0.01 	0.0 	0.0 	0.0 	0.0 	0.48 	0.29 	0.0 	0.01 	0.03 	0.0 	0.0 	0.0 	0.01 	0.03 	0.13 	
35 	0.08 	0.03 	0.02 	0.16 	0.01 	0.19 	0.16 	0.03 	0.02 	0.03 	0.06 	0.02 	0.01 	0.01 	0.0 	0.04 	0.01 	0.03 	0.05 	0.04 	
36 	0.01 	0.09 	0.01 	0.01 	0.0 	0.01 	0.01 	0.0 	0.44 	0.03 	0.01 	0.01 	0.0 	0.1 	0.0 	0.01 	0.01 	0.07 	0.19 	0.01 	
37 	0.09 	0.0 	0.0 	0.0 	0.03 	0.03 	0.01 	0.01 	0.01 	0.07 	0.03 	0.0 	0.01 	0.0 	0.08 	0.07 	0.25 	0.0 	0.0 	0.33 	
38 	0.03 	0.0 	0.0 	0.0 	0.01 	0.0 	0.0 	0.0 	0.01 	0.27 	0.4 	0.01 	0.06 	0.03 	0.0 	0.0 	0.01 	0.01 	0.03 	0.14 	
39 	0.05 	0.07 	0.04 	0.14 	0.01 	0.04 	0.3 	0.01 	0.02 	0.0 	0.02 	0.08 	0.02 	0.01 	0.0 	0.15 	0.05 	0.01 	0.01 	0.0 	
40 	0.24 	0.14 	0.13 	0.0 	0.01 	0.04 	0.04 	0.01 	0.0 	0.01 	0.02 	0.06 	0.0 	0.04 	0.0 	0.08 	0.11 	0.0 	0.01 	0.04 	
41 	0.27 	0.0 	0.0 	0.0 	0.09 	0.0 	0.0 	0.02 	0.0 	0.05 	0.3 	0.0 	0.03 	0.11 	0.0 	0.01 	0.01 	0.0 	0.01 	0.1 	
42 	0.12 	0.12 	0.02 	0.03 	0.01 	0.07 	0.08 	0.01 	0.01 	0.04 	0.13 	0.08 	0.04 	0.03 	0.02 	0.07 	0.03 	0.0 	0.01 	0.07 	
43 	0.14 	0.05 	0.17 	0.04 	0.0 	0.1 	0.1 	0.04 	0.02 	0.0 	0.04 	0.11 	0.0 	0.01 	0.03 	0.08 	0.04 	0.0 	0.01 	0.01 	
44 	0.24 	0.0 	0.01 	0.02 	0.02 	0.03 	0.01 	0.02 	0.04 	0.05 	0.18 	0.01 	0.01 	0.02 	0.02 	0.22 	0.03 	0.0 	0.01 	0.06 	
45 	0.05 	0.04 	0.08 	0.07 	0.01 	0.04 	0.07 	0.41 	0.01 	0.0 	0.01 	0.04 	0.0 	0.01 	0.03 	0.08 	0.01 	0.01 	0.0 	0.01 	
46 	0.14 	0.01 	0.0 	0.0 	0.04 	0.01 	0.01 	0.01 	0.0 	0.29 	0.06 	0.01 	0.02 	0.05 	0.12 	0.02 	0.02 	0.0 	0.01 	0.18 	
47 	0.07 	0.06 	0.05 	0.17 	0.01 	0.07 	0.15 	0.02 	0.01 	0.02 	0.02 	0.1 	0.01 	0.02 	0.01 	0.1 	0.07 	0.0 	0.01 	0.03 	
48 	0.04 	0.15 	0.07 	0.15 	0.0 	0.06 	0.16 	0.02 	0.04 	0.0 	0.01 	0.13 	0.0 	0.0 	0.02 	0.07 	0.06 	0.01 	0.0 	0.0 	
49 	0.02 	0.02 	0.01 	0.02 	0.01 	0.02 	0.02 	0.01 	0.0 	0.44 	0.06 	0.02 	0.02 	0.01 	0.03 	0.01 	0.03 	0.0 	0.0 	0.24 	
50 	0.07 	0.01 	0.02 	0.01 	0.02 	0.02 	0.01 	0.06 	0.04 	0.18 	0.1 	0.01 	0.02 	0.05 	0.01 	0.03 	0.03 	0.01 	0.07 	0.27 	
51 	0.03 	0.0 	0.0 	0.0 	0.0 	0.0 	0.0 	0.01 	0.01 	0.22 	0.18 	0.0 	0.02 	0.02 	0.01 	0.0 	0.04 	0.0 	0.01 	0.46 	
52 	0.14 	0.0 	0.02 	0.0 	0.0 	0.0 	0.0 	0.0 	0.0 	0.22 	0.1 	0.0 	0.01 	0.01 	0.0 	0.01 	0.01 	0.0 	0.0 	0.45 	
53 	0.05 	0.01 	0.02 	0.0 	0.06 	0.01 	0.0 	0.03 	0.01 	0.1 	0.05 	0.0 	0.01 	0.02 	0.01 	0.05 	0.22 	0.0 	0.01 	0.33 	
54 	0.06 	0.03 	0.11 	0.07 	0.02 	0.13 	0.02 	0.14 	0.04 	0.04 	0.04 	0.02 	0.01 	0.01 	0.04 	0.07 	0.05 	0.0 	0.05 	0.05 	
55 	0.06 	0.03 	0.02 	0.05 	0.01 	0.01 	0.06 	0.22 	0.06 	0.0 	0.01 	0.06 	0.0 	0.03 	0.14 	0.05 	0.01 	0.0 	0.14 	0.02 	
56 	0.02 	0.07 	0.03 	0.09 	0.01 	0.07 	0.1 	0.04 	0.25 	0.01 	0.02 	0.1 	0.01 	0.04 	0.01 	0.03 	0.03 	0.02 	0.04 	0.01 	
57 	0.08 	0.05 	0.06 	0.11 	0.01 	0.09 	0.08 	0.16 	0.05 	0.02 	0.04 	0.08 	0.01 	0.01 	0.04 	0.07 	0.02 	0.01 	0.02 	0.02 	
58 	0.19 	0.08 	0.03 	0.06 	0.0 	0.07 	0.16 	0.07 	0.03 	0.05 	0.02 	0.05 	0.02 	0.02 	0.03 	0.05 	0.02 	0.01 	0.01 	0.02 	
59 	0.07 	0.08 	0.02 	0.1 	0.0 	0.07 	0.23 	0.02 	0.03 	0.03 	0.05 	0.05 	0.02 	0.05 	0.05 	0.06 	0.02 	0.0 	0.02 	0.04 	
60 	0.09 	0.04 	0.01 	0.06 	0.01 	0.08 	0.09 	0.03 	0.01 	0.09 	0.12 	0.05 	0.03 	0.02 	0.01 	0.07 	0.02 	0.01 	0.04 	0.11 	
61 	0.07 	0.03 	0.02 	0.0 	0.01 	0.01 	0.04 	0.01 	0.01 	0.13 	0.14 	0.04 	0.02 	0.11 	0.01 	0.02 	0.02 	0.02 	0.02 	0.24 	
62 	0.08 	0.11 	0.07 	0.05 	0.01 	0.11 	0.22 	0.02 	0.02 	0.02 	0.02 	0.12 	0.02 	0.0 	0.02 	0.04 	0.02 	0.01 	0.02 	0.03 	
63 	0.16 	0.12 	0.02 	0.06 	0.0 	0.08 	0.16 	0.02 	0.05 	0.01 	0.03 	0.11 	0.0 	0.02 	0.01 	0.06 	0.03 	0.01 	0.02 	0.02 	
64 	0.12 	0.01 	0.02 	0.02 	0.0 	0.04 	0.03 	0.02 	0.1 	0.07 	0.22 	0.02 	0.02 	0.05 	0.01 	0.03 	0.03 	0.01 	0.07 	0.11 	
65 	0.06 	0.03 	0.01 	0.01 	0.01 	0.02 	0.02 	0.02 	0.01 	0.14 	0.35 	0.08 	0.03 	0.08 	0.02 	0.02 	0.02 	0.0 	0.01 	0.08 	
66 	0.16 	0.08 	0.04 	0.06 	0.01 	0.06 	0.06 	0.17 	0.02 	0.02 	0.04 	0.09 	0.0 	0.01 	0.04 	0.06 	0.03 	0.01 	0.02 	0.02 	
67 	0.06 	0.05 	0.1 	0.18 	0.01 	0.04 	0.17 	0.05 	0.04 	0.04 	0.03 	0.04 	0.01 	0.02 	0.01 	0.05 	0.03 	0.0 	0.04 	0.03 	
68 	0.11 	0.05 	0.04 	0.05 	0.02 	0.04 	0.1 	0.14 	0.03 	0.03 	0.04 	0.06 	0.01 	0.04 	0.02 	0.05 	0.03 	0.03 	0.06 	0.06 	
69 	0.12 	0.04 	0.05 	0.04 	0.01 	0.07 	0.07 	0.05 	0.02 	0.02 	0.03 	0.11 	0.02 	0.03 	0.06 	0.11 	0.03 	0.03 	0.04 	0.05 	
70 	0.06 	0.09 	0.07 	0.05 	0.01 	0.08 	0.1 	0.04 	0.06 	0.03 	0.05 	0.1 	0.01 	0.03 	0.04 	0.06 	0.03 	0.01 	0.02 	0.04 	
71 	0.05 	0.04 	0.03 	0.03 	0.01 	0.02 	0.04 	0.05 	0.02 	0.06 	0.18 	0.04 	0.01 	0.15 	0.06 	0.04 	0.05 	0.04 	0.04 	0.04 	
72 	0.06 	0.04 	0.05 	0.08 	0.01 	0.02 	0.05 	0.29 	0.02 	0.02 	0.05 	0.06 	0.01 	0.04 	0.04 	0.06 	0.04 	0.01 	0.01 	0.05 	
73 	0.06 	0.04 	0.03 	0.03 	0.01 	0.02 	0.05 	0.05 	0.01 	0.11 	0.1 	0.06 	0.02 	0.04 	0.08 	0.03 	0.04 	0.0 	0.02 	0.2 	
74 	0.04 	0.08 	0.11 	0.14 	0.0 	0.03 	0.1 	0.03 	0.02 	0.02 	0.02 	0.09 	0.0 	0.02 	0.06 	0.07 	0.08 	0.01 	0.02 	0.05 	
75 	0.05 	0.0 	0.01 	0.02 	0.02 	0.01 	0.02 	0.03 	0.01 	0.3 	0.15 	0.01 	0.01 	0.01 	0.02 	0.03 	0.02 	0.0 	0.01 	0.27 	
76 	0.05 	0.08 	0.06 	0.03 	0.03 	0.06 	0.09 	0.06 	0.04 	0.06 	0.09 	0.05 	0.02 	0.03 	0.02 	0.06 	0.08 	0.0 	0.01 	0.07 	
77 	0.05 	0.01 	0.02 	0.01 	0.02 	0.03 	0.02 	0.06 	0.01 	0.06 	0.04 	0.02 	0.05 	0.18 	0.08 	0.05 	0.04 	0.08 	0.12 	0.05 	
78 	0.21 	0.02 	0.01 	0.03 	0.01 	0.02 	0.01 	0.05 	0.01 	0.1 	0.03 	0.01 	0.0 	0.04 	0.03 	0.07 	0.09 	0.0 	0.01 	0.25 	
79 	0.02 	0.14 	0.01 	0.02 	0.0 	0.05 	0.09 	0.07 	0.02 	0.06 	0.14 	0.04 	0.02 	0.02 	0.04 	0.06 	0.06 	0.0 	0.02 	0.12 	
80 	0.05 	0.03 	0.01 	0.04 	0.01 	0.51 	0.13 	0.05 	0.01 	0.01 	0.02 	0.02 	0.01 	0.0 	0.02 	0.03 	0.01 	0.0 	0.01 	0.02 	
81 	0.1 	0.06 	0.05 	0.11 	0.0 	0.06 	0.2 	0.05 	0.01 	0.01 	0.03 	0.07 	0.0 	0.01 	0.04 	0.06 	0.11 	0.0 	0.01 	0.02 	
82 	0.03 	0.06 	0.03 	0.04 	0.0 	0.08 	0.3 	0.06 	0.07 	0.0 	0.02 	0.05 	0.01 	0.01 	0.04 	0.08 	0.01 	0.09 	0.01 	0.02 	
83 	0.05 	0.07 	0.01 	0.02 	0.01 	0.31 	0.03 	0.02 	0.02 	0.02 	0.02 	0.01 	0.01 	0.03 	0.18 	0.03 	0.01 	0.0 	0.09 	0.05 	
84 	0.03 	0.1 	0.03 	0.06 	0.0 	0.05 	0.06 	0.02 	0.01 	0.01 	0.36 	0.07 	0.02 	0.02 	0.02 	0.1 	0.02 	0.0 	0.01 	0.02 	
85 	0.04 	0.01 	0.02 	0.01 	0.0 	0.01 	0.02 	0.76 	0.0 	0.0 	0.01 	0.01 	0.0 	0.0 	0.0 	0.07 	0.02 	0.0 	0.0 	0.01 	
86 	0.02 	0.02 	0.02 	0.01 	0.0 	0.0 	0.01 	0.05 	0.0 	0.03 	0.08 	0.01 	0.0 	0.0 	0.04 	0.04 	0.62 	0.0 	0.01 	0.03 	
87 	0.37 	0.01 	0.01 	0.02 	0.01 	0.02 	0.03 	0.33 	0.0 	0.02 	0.07 	0.01 	0.0 	0.02 	0.01 	0.03 	0.02 	0.0 	0.02 	0.01 	
88 	0.03 	0.06 	0.05 	0.24 	0.0 	0.03 	0.05 	0.1 	0.32 	0.01 	0.02 	0.01 	0.01 	0.01 	0.03 	0.02 	0.01 	0.0 	0.01 	0.01 	
89 	0.62 	0.04 	0.0 	0.01 	0.01 	0.0 	0.01 	0.08 	0.0 	0.01 	0.04 	0.01 	0.0 	0.0 	0.03 	0.1 	0.02 	0.0 	0.0 	0.01 	
90 	0.06 	0.0 	0.0 	0.01 	0.0 	0.0 	0.02 	0.01 	0.0 	0.19 	0.19 	0.0 	0.03 	0.03 	0.0 	0.0 	0.0 	0.0 	0.0 	0.45 	
91 	0.11 	0.07 	0.01 	0.01 	0.01 	0.09 	0.05 	0.0 	0.01 	0.02 	0.19 	0.08 	0.06 	0.05 	0.01 	0.02 	0.01 	0.01 	0.13 	0.05 	
92 	0.06 	0.04 	0.05 	0.02 	0.08 	0.28 	0.05 	0.02 	0.03 	0.04 	0.07 	0.02 	0.03 	0.01 	0.0 	0.05 	0.07 	0.0 	0.02 	0.06 	
93 	0.45 	0.01 	0.11 	0.01 	0.01 	0.01 	0.01 	0.14 	0.0 	0.04 	0.03 	0.01 	0.0 	0.03 	0.0 	0.03 	0.03 	0.0 	0.02 	0.06 	
94 	0.12 	0.11 	0.01 	0.01 	0.0 	0.02 	0.11 	0.0 	0.01 	0.1 	0.28 	0.09 	0.06 	0.01 	0.01 	0.03 	0.01 	0.01 	0.01 	0.03 	
95 	0.05 	0.05 	0.07 	0.16 	0.01 	0.06 	0.13 	0.05 	0.03 	0.01 	0.02 	0.08 	0.02 	0.01 	0.14 	0.07 	0.03 	0.02 	0.01 	0.01 	
96 	0.15 	0.03 	0.02 	0.01 	0.01 	0.04 	0.05 	0.01 	0.08 	0.07 	0.13 	0.06 	0.01 	0.13 	0.01 	0.03 	0.01 	0.0 	0.08 	0.06 	
97 	0.05 	0.0 	0.01 	0.01 	0.01 	0.01 	0.01 	0.03 	0.0 	0.28 	0.32 	0.01 	0.01 	0.05 	0.01 	0.01 	0.03 	0.0 	0.01 	0.12 	
98 	0.08 	0.05 	0.05 	0.13 	0.01 	0.04 	0.1 	0.16 	0.02 	0.02 	0.02 	0.12 	0.0 	0.02 	0.05 	0.07 	0.03 	0.01 	0.01 	0.01 	
99 	0.11 	0.02 	0.08 	0.25 	0.0 	0.03 	0.09 	0.08 	0.02 	0.01 	0.02 	0.06 	0.0 	0.0 	0.1 	0.07 	0.03 	0.0 	0.01 	0.02 	
100 	0.02 	0.01 	0.03 	0.41 	0.01 	0.04 	0.26 	0.12 	0.02 	0.0 	0.0 	0.04 	0.0 	0.0 	0.01 	0.02 	0.01 	0.0 	0.0 	0.0 	
101 	0.05 	0.04 	0.06 	0.2 	0.02 	0.03 	0.07 	0.03 	0.03 	0.04 	0.01 	0.04 	0.0 	0.02 	0.09 	0.04 	0.06 	0.03 	0.13 	0.01 	
102 	0.06 	0.03 	0.02 	0.02 	0.02 	0.05 	0.03 	0.02 	0.01 	0.13 	0.07 	0.02 	0.02 	0.11 	0.06 	0.04 	0.04 	0.02 	0.02 	0.23 	
103 	0.09 	0.02 	0.04 	0.02 	0.02 	0.01 	0.02 	0.04 	0.01 	0.16 	0.2 	0.02 	0.02 	0.09 	0.02 	0.02 	0.02 	0.03 	0.01 	0.14 	
104 	0.03 	0.04 	0.04 	0.0 	0.02 	0.0 	0.0 	0.04 	0.0 	0.24 	0.12 	0.0 	0.04 	0.05 	0.0 	0.0 	0.0 	0.0 	0.03 	0.33 	
105 	0.03 	0.0 	0.02 	0.0 	0.02 	0.02 	0.0 	0.0 	0.03 	0.1 	0.29 	0.0 	0.04 	0.04 	0.03 	0.02 	0.03 	0.0 	0.02 	0.29 	
106 	0.05 	0.0 	0.11 	0.07 	0.05 	0.05 	0.02 	0.04 	0.03 	0.05 	0.22 	0.0 	0.03 	0.02 	0.03 	0.05 	0.02 	0.0 	0.07 	0.07 	
107 	0.08 	0.0 	0.11 	0.02 	0.05 	0.0 	0.0 	0.45 	0.11 	0.04 	0.01 	0.0 	0.0 	0.0 	0.05 	0.04 	0.0 	0.0 	0.0 	0.02 	
108 	0.07 	0.02 	0.02 	0.71 	0.01 	0.0 	0.0 	0.04 	0.02 	0.02 	0.01 	0.0 	0.0 	0.0 	0.0 	0.05 	0.0 	0.0 	0.0 	0.02 	
109 	0.1 	0.08 	0.06 	0.12 	0.02 	0.01 	0.06 	0.01 	0.2 	0.02 	0.02 	0.0 	0.04 	0.0 	0.0 	0.06 	0.06 	0.01 	0.0 	0.12 	
110 	0.05 	0.0 	0.0 	0.04 	0.02 	0.0 	0.0 	0.0 	0.01 	0.2 	0.07 	0.0 	0.0 	0.03 	0.36 	0.01 	0.0 	0.01 	0.0 	0.18 	
111 	0.04 	0.01 	0.01 	0.01 	0.03 	0.01 	0.0 	0.01 	0.0 	0.11 	0.33 	0.0 	0.03 	0.11 	0.02 	0.01 	0.02 	0.01 	0.14 	0.1 	
112 	0.06 	0.07 	0.01 	0.03 	0.06 	0.01 	0.04 	0.01 	0.03 	0.2 	0.09 	0.02 	0.01 	0.05 	0.03 	0.04 	0.06 	0.0 	0.06 	0.12 	
113 	0.03 	0.09 	0.04 	0.11 	0.02 	0.05 	0.09 	0.06 	0.04 	0.01 	0.03 	0.08 	0.05 	0.01 	0.09 	0.08 	0.09 	0.0 	0.01 	0.02 	
114 	0.09 	0.01 	0.02 	0.19 	0.01 	0.04 	0.06 	0.02 	0.04 	0.02 	0.02 	0.07 	0.02 	0.02 	0.2 	0.04 	0.03 	0.0 	0.05 	0.04 	
115 	0.11 	0.01 	0.04 	0.16 	0.02 	0.02 	0.12 	0.04 	0.02 	0.03 	0.05 	0.04 	0.07 	0.04 	0.08 	0.05 	0.03 	0.0 	0.04 	0.02 	
116 	0.03 	0.01 	0.01 	0.01 	0.0 	0.01 	0.03 	0.02 	0.01 	0.16 	0.28 	0.0 	0.02 	0.05 	0.04 	0.04 	0.17 	0.0 	0.02 	0.09 	
117 	0.07 	0.06 	0.02 	0.09 	0.01 	0.05 	0.09 	0.04 	0.01 	0.14 	0.17 	0.05 	0.01 	0.04 	0.01 	0.02 	0.03 	0.0 	0.0 	0.08 	
118 	0.09 	0.1 	0.03 	0.09 	0.01 	0.12 	0.14 	0.01 	0.03 	0.01 	0.02 	0.1 	0.03 	0.05 	0.03 	0.06 	0.03 	0.0 	0.03 	0.02 	
119 	0.07 	0.1 	0.02 	0.04 	0.01 	0.08 	0.06 	0.03 	0.1 	0.03 	0.18 	0.03 	0.05 	0.03 	0.02 	0.03 	0.02 	0.0 	0.01 	0.08 	
120 	0.05 	0.03 	0.01 	0.01 	0.03 	0.04 	0.01 	0.01 	0.0 	0.15 	0.33 	0.03 	0.08 	0.02 	0.0 	0.01 	0.02 	0.0 	0.0 	0.18 	
121 	0.18 	0.08 	0.03 	0.09 	0.01 	0.05 	0.12 	0.01 	0.01 	0.09 	0.13 	0.06 	0.01 	0.02 	0.0 	0.02 	0.03 	0.01 	0.01 	0.05 	
122 	0.15 	0.08 	0.04 	0.08 	0.0 	0.06 	0.1 	0.03 	0.09 	0.01 	0.05 	0.1 	0.01 	0.03 	0.01 	0.05 	0.06 	0.0 	0.02 	0.03 	
123 	0.19 	0.04 	0.04 	0.01 	0.02 	0.04 	0.03 	0.07 	0.1 	0.04 	0.06 	0.05 	0.02 	0.11 	0.01 	0.03 	0.03 	0.0 	0.06 	0.06 	
124 	0.24 	0.08 	0.05 	0.03 	0.02 	0.03 	0.1 	0.01 	0.13 	0.04 	0.1 	0.04 	0.02 	0.0 	0.0 	0.04 	0.01 	0.0 	0.02 	0.03 	
125 	0.12 	0.06 	0.03 	0.13 	0.01 	0.07 	0.15 	0.04 	0.02 	0.01 	0.04 	0.12 	0.0 	0.0 	0.04 	0.1 	0.05 	0.0 	0.0 	0.02 	
126 	0.09 	0.04 	0.07 	0.09 	0.01 	0.08 	0.1 	0.09 	0.05 	0.02 	0.05 	0.07 	0.01 	0.02 	0.02 	0.06 	0.06 	0.0 	0.02 	0.05 	
127 	0.18 	0.02 	0.04 	0.06 	0.02 	0.03 	0.04 	0.14 	0.09 	0.0 	0.02 	0.05 	0.01 	0.02 	0.03 	0.06 	0.13 	0.0 	0.04 	0.01 	
128 	0.11 	0.03 	0.03 	0.12 	0.02 	0.04 	0.04 	0.26 	0.02 	0.04 	0.01 	0.04 	0.0 	0.01 	0.03 	0.03 	0.04 	0.0 	0.01 	0.11 	
129 	0.27 	0.01 	0.04 	0.04 	0.02 	0.01 	0.02 	0.18 	0.0 	0.09 	0.06 	0.01 	0.04 	0.01 	0.01 	0.09 	0.01 	0.0 	0.01 	0.08 	
130 	0.33 	0.01 	0.01 	0.01 	0.04 	0.01 	0.01 	0.09 	0.01 	0.02 	0.04 	0.01 	0.0 	0.01 	0.01 	0.05 	0.22 	0.0 	0.0 	0.12 	
131 	0.04 	0.01 	0.0 	0.0 	0.02 	0.0 	0.0 	0.01 	0.0 	0.34 	0.18 	0.01 	0.03 	0.01 	0.02 	0.01 	0.06 	0.0 	0.0 	0.25 	
132 	0.12 	0.01 	0.0 	0.01 	0.02 	0.0 	0.03 	0.05 	0.01 	0.06 	0.39 	0.01 	0.07 	0.04 	0.04 	0.05 	0.02 	0.0 	0.0 	0.06 	
133 	0.22 	0.01 	0.0 	0.02 	0.04 	0.0 	0.02 	0.09 	0.0 	0.01 	0.08 	0.02 	0.0 	0.01 	0.02 	0.05 	0.21 	0.0 	0.01 	0.2 	
134 	0.13 	0.01 	0.01 	0.0 	0.01 	0.03 	0.03 	0.01 	0.0 	0.05 	0.09 	0.03 	0.05 	0.04 	0.05 	0.06 	0.14 	0.0 	0.03 	0.23 	
135 	0.02 	0.11 	0.05 	0.03 	0.01 	0.03 	0.1 	0.01 	0.04 	0.02 	0.02 	0.11 	0.01 	0.02 	0.28 	0.03 	0.06 	0.02 	0.01 	0.03 	
136 	0.08 	0.01 	0.01 	0.0 	0.0 	0.01 	0.02 	0.01 	0.0 	0.11 	0.2 	0.02 	0.05 	0.01 	0.04 	0.01 	0.04 	0.0 	0.01 	0.37 	
137 	0.12 	0.05 	0.04 	0.16 	0.0 	0.02 	0.2 	0.02 	0.02 	0.01 	0.01 	0.11 	0.0 	0.0 	0.11 	0.06 	0.04 	0.0 	0.0 	0.02 	
138 	0.02 	0.03 	0.17 	0.4 	0.0 	0.03 	0.24 	0.0 	0.02 	0.01 	0.01 	0.01 	0.01 	0.0 	0.01 	0.02 	0.01 	0.0 	0.01 	0.02 	
139 	0.27 	0.01 	0.0 	0.01 	0.0 	0.0 	0.04 	0.01 	0.0 	0.0 	0.02 	0.02 	0.0 	0.0 	0.45 	0.03 	0.1 	0.0 	0.0 	0.03 	
140 	0.05 	0.02 	0.05 	0.02 	0.0 	0.02 	0.09 	0.05 	0.04 	0.01 	0.04 	0.04 	0.01 	0.04 	0.01 	0.24 	0.22 	0.0 	0.02 	0.01 	
141 	0.1 	0.1 	0.05 	0.03 	0.0 	0.05 	0.04 	0.37 	0.02 	0.01 	0.01 	0.12 	0.0 	0.0 	0.01 	0.05 	0.02 	0.0 	0.0 	0.01 	
142 	0.02 	0.02 	0.01 	0.02 	0.01 	0.0 	0.01 	0.01 	0.01 	0.01 	0.03 	0.01 	0.01 	0.27 	0.01 	0.01 	0.01 	0.0 	0.51 	0.03 	
143 	0.02 	0.01 	0.01 	0.01 	0.0 	0.01 	0.01 	0.78 	0.01 	0.01 	0.02 	0.02 	0.0 	0.0 	0.01 	0.02 	0.02 	0.0 	0.0 	0.02 	
144 	0.04 	0.34 	0.0 	0.02 	0.02 	0.0 	0.01 	0.01 	0.01 	0.15 	0.04 	0.02 	0.01 	0.01 	0.0 	0.0 	0.01 	0.0 	0.04 	0.26 	
145 	0.02 	0.0 	0.0 	0.01 	0.0 	0.01 	0.0 	0.01 	0.0 	0.36 	0.08 	0.04 	0.14 	0.02 	0.01 	0.0 	0.01 	0.0 	0.0 	0.28 	
146 	0.03 	0.04 	0.03 	0.08 	0.0 	0.05 	0.12 	0.01 	0.02 	0.13 	0.07 	0.08 	0.0 	0.03 	0.01 	0.03 	0.03 	0.0 	0.0 	0.24 	
147 	0.03 	0.26 	0.02 	0.01 	0.02 	0.0 	0.02 	0.01 	0.03 	0.08 	0.08 	0.03 	0.02 	0.04 	0.03 	0.02 	0.13 	0.0 	0.01 	0.16 	
148 	0.03 	0.04 	0.12 	0.4 	0.0 	0.02 	0.06 	0.12 	0.01 	0.0 	0.0 	0.05 	0.0 	0.0 	0.01 	0.04 	0.03 	0.0 	0.0 	0.05 	
149 	0.13 	0.03 	0.08 	0.13 	0.0 	0.05 	0.22 	0.08 	0.02 	0.02 	0.03 	0.05 	0.0 	0.0 	0.06 	0.05 	0.04 	0.0 	0.01 	0.01 	
150 	0.05 	0.02 	0.15 	0.23 	0.0 	0.07 	0.13 	0.09 	0.02 	0.01 	0.01 	0.03 	0.0 	0.0 	0.02 	0.07 	0.05 	0.0 	0.02 	0.03 	
151 	0.04 	0.05 	0.09 	0.06 	0.0 	0.04 	0.02 	0.44 	0.04 	0.0 	0.02 	0.02 	0.02 	0.02 	0.01 	0.06 	0.02 	0.01 	0.03 	0.01 	
152 	0.04 	0.24 	0.06 	0.03 	0.01 	0.04 	0.08 	0.02 	0.02 	0.05 	0.08 	0.11 	0.01 	0.02 	0.0 	0.05 	0.02 	0.0 	0.01 	0.11 	
153 	0.11 	0.01 	0.01 	0.03 	0.0 	0.01 	0.02 	0.0 	0.0 	0.31 	0.04 	0.02 	0.01 	0.02 	0.0 	0.01 	0.01 	0.0 	0.0 	0.38 	
154 	0.1 	0.06 	0.02 	0.04 	0.0 	0.03 	0.06 	0.03 	0.02 	0.1 	0.13 	0.08 	0.01 	0.02 	0.0 	0.03 	0.13 	0.0 	0.02 	0.11 	
155 	0.07 	0.12 	0.02 	0.06 	0.01 	0.05 	0.15 	0.06 	0.04 	0.17 	0.02 	0.07 	0.0 	0.01 	0.0 	0.07 	0.02 	0.0 	0.06 	0.02 	
156 	0.01 	0.02 	0.0 	0.0 	0.0 	0.0 	0.01 	0.01 	0.0 	0.24 	0.06 	0.01 	0.02 	0.37 	0.0 	0.0 	0.05 	0.0 	0.03 	0.16 	
157 	0.02 	0.01 	0.0 	0.02 	0.0 	0.03 	0.28 	0.01 	0.0 	0.07 	0.05 	0.01 	0.02 	0.0 	0.01 	0.1 	0.01 	0.0 	0.0 	0.35 	
158 	0.01 	0.05 	0.0 	0.04 	0.0 	0.08 	0.7 	0.0 	0.03 	0.01 	0.0 	0.01 	0.0 	0.01 	0.01 	0.03 	0.01 	0.0 	0.01 	0.0 	
159 	0.05 	0.02 	0.02 	0.01 	0.0 	0.03 	0.01 	0.01 	0.03 	0.0 	0.01 	0.7 	0.01 	0.0 	0.0 	0.03 	0.05 	0.0 	0.0 	0.0 	
160 	0.02 	0.01 	0.01 	0.31 	0.0 	0.01 	0.02 	0.01 	0.0 	0.01 	0.01 	0.05 	0.0 	0.0 	0.49 	0.01 	0.01 	0.0 	0.01 	0.01 	
161 	0.38 	0.01 	0.01 	0.09 	0.01 	0.11 	0.07 	0.02 	0.0 	0.02 	0.02 	0.13 	0.0 	0.0 	0.01 	0.04 	0.02 	0.0 	0.01 	0.03 	
162 	0.07 	0.04 	0.11 	0.1 	0.01 	0.09 	0.1 	0.04 	0.03 	0.03 	0.03 	0.03 	0.0 	0.01 	0.03 	0.09 	0.16 	0.0 	0.0 	0.02 	
163 	0.1 	0.02 	0.01 	0.06 	0.01 	0.01 	0.14 	0.03 	0.0 	0.0 	0.03 	0.04 	0.0 	0.11 	0.35 	0.03 	0.01 	0.0 	0.01 	0.02 	
164 	0.07 	0.07 	0.01 	0.05 	0.0 	0.07 	0.22 	0.01 	0.0 	0.03 	0.01 	0.16 	0.01 	0.0 	0.13 	0.02 	0.03 	0.0 	0.0 	0.09 	
165 	0.06 	0.04 	0.04 	0.01 	0.0 	0.12 	0.16 	0.1 	0.01 	0.05 	0.01 	0.01 	0.0 	0.02 	0.04 	0.26 	0.02 	0.01 	0.02 	0.03 	
166 	0.05 	0.11 	0.25 	0.1 	0.02 	0.02 	0.04 	0.02 	0.02 	0.02 	0.01 	0.11 	0.03 	0.01 	0.03 	0.03 	0.09 	0.0 	0.04 	0.01 	
167 	0.03 	0.07 	0.01 	0.0 	0.01 	0.03 	0.18 	0.02 	0.01 	0.04 	0.39 	0.06 	0.0 	0.04 	0.01 	0.01 	0.02 	0.01 	0.04 	0.01 	
168 	0.06 	0.06 	0.0 	0.06 	0.06 	0.0 	0.0 	0.06 	0.06 	0.06 	0.06 	0.06 	0.06 	0.06 	0.06 	0.06 	0.06 	0.06 	0.06 	0.06 	
169 	0.03 	0.03 	0.48 	0.02 	0.01 	0.01 	0.0 	0.01 	0.03 	0.06 	0.02 	0.03 	0.01 	0.03 	0.0 	0.11 	0.01 	0.01 	0.05 	0.05 	
170 	0.17 	0.03 	0.01 	0.0 	0.01 	0.03 	0.03 	0.03 	0.02 	0.06 	0.03 	0.02 	0.09 	0.0 	0.02 	0.16 	0.24 	0.0 	0.0 	0.04 	
171 	0.04 	0.0 	0.0 	0.0 	0.02 	0.0 	0.03 	0.84 	0.0 	0.0 	0.01 	0.0 	0.0 	0.0 	0.0 	0.02 	0.0 	0.0 	0.0 	0.0 	
172 	0.02 	0.05 	0.05 	0.01 	0.01 	0.03 	0.01 	0.03 	0.0 	0.35 	0.1 	0.01 	0.06 	0.04 	0.01 	0.01 	0.03 	0.0 	0.02 	0.17 	
173 	0.02 	0.01 	0.0 	0.01 	0.01 	0.0 	0.02 	0.02 	0.02 	0.04 	0.07 	0.01 	0.1 	0.07 	0.01 	0.02 	0.03 	0.0 	0.52 	0.02 	
174 	0.18 	0.0 	0.0 	0.0 	0.11 	0.01 	0.0 	0.01 	0.0 	0.15 	0.07 	0.02 	0.03 	0.05 	0.0 	0.05 	0.03 	0.0 	0.01 	0.24 	
175 	0.07 	0.02 	0.0 	0.0 	0.02 	0.02 	0.0 	0.01 	0.01 	0.03 	0.15 	0.0 	0.02 	0.44 	0.01 	0.02 	0.03 	0.02 	0.07 	0.06 	
176 	0.03 	0.11 	0.17 	0.17 	0.0 	0.03 	0.05 	0.02 	0.02 	0.0 	0.01 	0.1 	0.0 	0.0 	0.06 	0.08 	0.12 	0.0 	0.01 	0.01 	
177 	0.18 	0.09 	0.1 	0.01 	0.0 	0.01 	0.01 	0.08 	0.01 	0.05 	0.03 	0.05 	0.01 	0.0 	0.17 	0.05 	0.08 	0.04 	0.01 	0.02 	
178 	0.14 	0.06 	0.03 	0.12 	0.0 	0.08 	0.15 	0.03 	0.02 	0.01 	0.02 	0.14 	0.01 	0.02 	0.04 	0.1 	0.02 	0.0 	0.01 	0.01 	
179 	0.1 	0.04 	0.01 	0.04 	0.01 	0.02 	0.02 	0.01 	0.02 	0.17 	0.19 	0.01 	0.03 	0.09 	0.01 	0.02 	0.03 	0.02 	0.02 	0.13 	
180 	0.02 	0.03 	0.01 	0.0 	0.0 	0.0 	0.0 	0.01 	0.01 	0.07 	0.5 	0.03 	0.01 	0.21 	0.02 	0.01 	0.01 	0.02 	0.01 	0.03 	
181 	0.09 	0.12 	0.04 	0.1 	0.01 	0.06 	0.16 	0.01 	0.02 	0.01 	0.02 	0.18 	0.01 	0.01 	0.02 	0.07 	0.03 	0.03 	0.01 	0.01 	
182 	0.11 	0.04 	0.01 	0.05 	0.01 	0.02 	0.04 	0.03 	0.03 	0.1 	0.31 	0.04 	0.02 	0.02 	0.02 	0.01 	0.03 	0.03 	0.04 	0.03 	
183 	0.13 	0.03 	0.02 	0.04 	0.04 	0.01 	0.02 	0.04 	0.02 	0.08 	0.25 	0.03 	0.02 	0.04 	0.05 	0.07 	0.02 	0.03 	0.04 	0.05 	
184 	0.08 	0.19 	0.03 	0.05 	0.0 	0.05 	0.17 	0.01 	0.04 	0.02 	0.09 	0.14 	0.0 	0.01 	0.03 	0.03 	0.02 	0.0 	0.03 	0.01 	
185 	0.06 	0.07 	0.06 	0.04 	0.0 	0.05 	0.08 	0.04 	0.03 	0.06 	0.24 	0.08 	0.01 	0.0 	0.03 	0.02 	0.04 	0.02 	0.01 	0.06 	
186 	0.07 	0.04 	0.03 	0.07 	0.01 	0.07 	0.03 	0.04 	0.01 	0.1 	0.24 	0.07 	0.01 	0.01 	0.0 	0.08 	0.07 	0.0 	0.02 	0.04 	
187 	0.07 	0.02 	0.31 	0.05 	0.01 	0.02 	0.07 	0.01 	0.0 	0.02 	0.06 	0.1 	0.0 	0.01 	0.06 	0.08 	0.05 	0.0 	0.01 	0.04 	
188 	0.07 	0.03 	0.16 	0.19 	0.0 	0.03 	0.07 	0.01 	0.02 	0.02 	0.01 	0.1 	0.01 	0.01 	0.12 	0.05 	0.05 	0.0 	0.01 	0.02 	
189 	0.04 	0.01 	0.44 	0.06 	0.01 	0.01 	0.02 	0.09 	0.04 	0.0 	0.01 	0.01 	0.0 	0.01 	0.04 	0.17 	0.02 	0.0 	0.01 	0.01 	
190 	0.38 	0.04 	0.05 	0.07 	0.0 	0.02 	0.07 	0.01 	0.0 	0.04 	0.02 	0.04 	0.02 	0.01 	0.04 	0.07 	0.03 	0.02 	0.01 	0.06 	
191 	0.04 	0.09 	0.05 	0.05 	0.01 	0.35 	0.05 	0.07 	0.01 	0.01 	0.03 	0.09 	0.01 	0.01 	0.01 	0.08 	0.03 	0.01 	0.0 	0.01 	
192 	0.02 	0.02 	0.1 	0.06 	0.0 	0.03 	0.03 	0.42 	0.02 	0.01 	0.02 	0.11 	0.01 	0.0 	0.01 	0.08 	0.01 	0.01 	0.0 	0.01 	
193 	0.04 	0.02 	0.04 	0.05 	0.0 	0.02 	0.59 	0.02 	0.07 	0.0 	0.01 	0.02 	0.0 	0.01 	0.01 	0.05 	0.01 	0.0 	0.01 	0.02 	
194 	0.02 	0.02 	0.01 	0.14 	0.0 	0.01 	0.03 	0.0 	0.03 	0.15 	0.1 	0.02 	0.01 	0.09 	0.01 	0.01 	0.03 	0.0 	0.29 	0.02 	
195 	0.01 	0.0 	0.01 	0.09 	0.0 	0.07 	0.1 	0.01 	0.01 	0.02 	0.01 	0.03 	0.0 	0.17 	0.01 	0.03 	0.01 	0.0 	0.38 	0.02 	
196 	0.03 	0.01 	0.01 	0.02 	0.0 	0.01 	0.01 	0.15 	0.0 	0.13 	0.46 	0.01 	0.04 	0.04 	0.01 	0.01 	0.0 	0.01 	0.0 	0.04 	
197 	0.04 	0.01 	0.02 	0.01 	0.0 	0.01 	0.0 	0.04 	0.03 	0.02 	0.04 	0.12 	0.01 	0.01 	0.05 	0.09 	0.51 	0.0 	0.01 	0.01 	
198 	0.01 	0.01 	0.04 	0.72 	0.0 	0.01 	0.11 	0.0 	0.01 	0.01 	0.01 	0.0 	0.01 	0.0 	0.03 	0.01 	0.01 	0.0 	0.0 	0.0 	
199 	0.13 	0.01 	0.01 	0.05 	0.01 	0.04 	0.01 	0.01 	0.0 	0.29 	0.09 	0.01 	0.01 	0.02 	0.01 	0.02 	0.03 	0.0 	0.0 	0.24 	
200 	0.04 	0.0 	0.03 	0.02 	0.03 	0.0 	0.03 	0.02 	0.01 	0.39 	0.14 	0.01 	0.01 	0.03 	0.01 	0.02 	0.04 	0.01 	0.01 	0.17 	
201 	0.12 	0.07 	0.02 	0.06 	0.0 	0.05 	0.13 	0.03 	0.01 	0.0 	0.02 	0.1 	0.04 	0.01 	0.26 	0.06 	0.01 	0.0 	0.0 	0.0 	
202 	0.12 	0.06 	0.02 	0.01 	0.0 	0.02 	0.03 	0.02 	0.01 	0.17 	0.18 	0.06 	0.09 	0.03 	0.0 	0.04 	0.02 	0.0 	0.07 	0.04 	
203 	0.32 	0.01 	0.0 	0.0 	0.02 	0.02 	0.02 	0.01 	0.0 	0.08 	0.24 	0.0 	0.08 	0.05 	0.0 	0.02 	0.01 	0.01 	0.07 	0.03 	
204 	0.1 	0.08 	0.03 	0.01 	0.03 	0.02 	0.08 	0.01 	0.03 	0.11 	0.17 	0.05 	0.02 	0.01 	0.01 	0.01 	0.02 	0.0 	0.02 	0.2 	
205 	0.16 	0.07 	0.09 	0.06 	0.01 	0.08 	0.18 	0.02 	0.03 	0.0 	0.02 	0.1 	0.03 	0.0 	0.03 	0.05 	0.02 	0.0 	0.03 	0.01 	
206 	0.09 	0.07 	0.05 	0.17 	0.02 	0.07 	0.13 	0.03 	0.01 	0.03 	0.05 	0.05 	0.01 	0.01 	0.01 	0.12 	0.02 	0.0 	0.02 	0.01 	
207 	0.04 	0.01 	0.07 	0.01 	0.0 	0.01 	0.02 	0.57 	0.05 	0.01 	0.03 	0.04 	0.01 	0.04 	0.02 	0.05 	0.01 	0.0 	0.01 	0.01 	
208 	0.04 	0.13 	0.04 	0.07 	0.01 	0.07 	0.13 	0.05 	0.04 	0.02 	0.05 	0.15 	0.01 	0.02 	0.01 	0.05 	0.04 	0.0 	0.03 	0.04 	
209 	0.09 	0.06 	0.03 	0.03 	0.01 	0.03 	0.07 	0.02 	0.04 	0.07 	0.15 	0.11 	0.02 	0.02 	0.03 	0.04 	0.03 	0.0 	0.04 	0.11 	
210 	0.11 	0.04 	0.05 	0.04 	0.05 	0.01 	0.03 	0.02 	0.02 	0.08 	0.03 	0.04 	0.02 	0.03 	0.07 	0.1 	0.04 	0.0 	0.02 	0.2 	
211 	0.07 	0.04 	0.01 	0.02 	0.01 	0.02 	0.01 	0.07 	0.01 	0.09 	0.04 	0.03 	0.01 	0.05 	0.01 	0.02 	0.03 	0.01 	0.06 	0.39 	
212 	0.27 	0.03 	0.01 	0.05 	0.0 	0.05 	0.1 	0.02 	0.02 	0.01 	0.03 	0.04 	0.02 	0.01 	0.02 	0.07 	0.05 	0.01 	0.13 	0.05 	
213 	0.22 	0.01 	0.01 	0.06 	0.01 	0.0 	0.01 	0.05 	0.05 	0.05 	0.07 	0.01 	0.01 	0.03 	0.01 	0.04 	0.05 	0.0 	0.11 	0.19 	
214 	0.06 	0.04 	0.03 	0.03 	0.01 	0.05 	0.04 	0.01 	0.05 	0.05 	0.06 	0.03 	0.06 	0.12 	0.05 	0.02 	0.04 	0.0 	0.13 	0.12 	
215 	0.06 	0.05 	0.03 	0.07 	0.02 	0.04 	0.1 	0.1 	0.03 	0.04 	0.08 	0.05 	0.01 	0.1 	0.06 	0.04 	0.04 	0.0 	0.0 	0.08 	
216 	0.05 	0.08 	0.03 	0.07 	0.01 	0.02 	0.09 	0.05 	0.04 	0.03 	0.09 	0.05 	0.04 	0.08 	0.1 	0.06 	0.04 	0.0 	0.04 	0.05 	
217 	0.06 	0.03 	0.13 	0.16 	0.0 	0.03 	0.19 	0.09 	0.01 	0.01 	0.02 	0.05 	0.0 	0.01 	0.05 	0.06 	0.04 	0.0 	0.03 	0.02 	
218 	0.13 	0.02 	0.03 	0.15 	0.01 	0.02 	0.05 	0.24 	0.02 	0.02 	0.03 	0.02 	0.0 	0.03 	0.04 	0.06 	0.05 	0.0 	0.06 	0.02 	
219 	0.09 	0.04 	0.05 	0.04 	0.01 	0.01 	0.08 	0.05 	0.01 	0.01 	0.04 	0.02 	0.0 	0.09 	0.03 	0.05 	0.04 	0.01 	0.31 	0.02 	
220 	0.05 	0.05 	0.04 	0.02 	0.0 	0.02 	0.04 	0.02 	0.0 	0.07 	0.02 	0.01 	0.02 	0.04 	0.01 	0.03 	0.02 	0.52 	0.01 	0.02 	
221 	0.01 	0.17 	0.05 	0.0 	0.0 	0.02 	0.22 	0.0 	0.0 	0.05 	0.07 	0.11 	0.09 	0.03 	0.01 	0.05 	0.03 	0.0 	0.02 	0.03 	
222 	0.02 	0.0 	0.01 	0.53 	0.0 	0.04 	0.03 	0.08 	0.01 	0.04 	0.02 	0.04 	0.0 	0.0 	0.01 	0.02 	0.04 	0.0 	0.0 	0.11 	
223 	0.03 	0.01 	0.01 	0.01 	0.03 	0.01 	0.04 	0.0 	0.0 	0.18 	0.09 	0.0 	0.02 	0.01 	0.0 	0.01 	0.09 	0.0 	0.01 	0.43 	
224 	0.05 	0.01 	0.08 	0.03 	0.0 	0.01 	0.03 	0.68 	0.0 	0.01 	0.01 	0.02 	0.0 	0.0 	0.0 	0.01 	0.04 	0.0 	0.0 	0.01 	
225 	0.04 	0.01 	0.02 	0.04 	0.01 	0.07 	0.01 	0.04 	0.0 	0.04 	0.01 	0.02 	0.0 	0.0 	0.01 	0.1 	0.43 	0.0 	0.01 	0.13 	
226 	0.04 	0.04 	0.18 	0.01 	0.01 	0.01 	0.0 	0.0 	0.02 	0.16 	0.11 	0.08 	0.0 	0.01 	0.17 	0.0 	0.0 	0.05 	0.01 	0.1 	
227 	0.05 	0.02 	0.1 	0.32 	0.01 	0.06 	0.2 	0.02 	0.0 	0.01 	0.01 	0.05 	0.01 	0.01 	0.0 	0.06 	0.01 	0.01 	0.02 	0.01 	
228 	0.14 	0.18 	0.03 	0.18 	0.0 	0.04 	0.09 	0.05 	0.0 	0.0 	0.0 	0.01 	0.0 	0.03 	0.0 	0.24 	0.01 	0.0 	0.0 	0.0 	
229 	0.02 	0.03 	0.0 	0.0 	0.01 	0.0 	0.0 	0.0 	0.0 	0.07 	0.44 	0.02 	0.01 	0.15 	0.01 	0.01 	0.01 	0.0 	0.14 	0.07 	
230 	0.17 	0.01 	0.0 	0.01 	0.0 	0.02 	0.02 	0.0 	0.03 	0.1 	0.11 	0.03 	0.04 	0.04 	0.0 	0.05 	0.02 	0.2 	0.11 	0.04 	
231 	0.05 	0.04 	0.01 	0.08 	0.0 	0.2 	0.31 	0.09 	0.01 	0.01 	0.06 	0.07 	0.01 	0.01 	0.0 	0.02 	0.0 	0.0 	0.01 	0.02 	
232 	0.57 	0.02 	0.01 	0.0 	0.01 	0.01 	0.01 	0.01 	0.0 	0.02 	0.12 	0.01 	0.02 	0.0 	0.01 	0.04 	0.04 	0.0 	0.0 	0.1 	
233 	0.11 	0.03 	0.36 	0.01 	0.03 	0.02 	0.18 	0.02 	0.01 	0.01 	0.03 	0.02 	0.01 	0.01 	0.0 	0.1 	0.03 	0.0 	0.0 	0.02 	
234 	0.07 	0.11 	0.06 	0.07 	0.0 	0.07 	0.1 	0.01 	0.02 	0.07 	0.16 	0.04 	0.09 	0.02 	0.0 	0.05 	0.02 	0.0 	0.01 	0.03 	
235 	0.1 	0.15 	0.01 	0.08 	0.01 	0.03 	0.07 	0.0 	0.02 	0.1 	0.18 	0.02 	0.01 	0.07 	0.01 	0.01 	0.01 	0.0 	0.1 	0.03 	
236 	0.01 	0.04 	0.01 	0.0 	0.01 	0.01 	0.1 	0.0 	0.01 	0.12 	0.4 	0.01 	0.12 	0.03 	0.01 	0.01 	0.01 	0.01 	0.02 	0.08 	
237 	0.07 	0.24 	0.07 	0.04 	0.01 	0.2 	0.07 	0.01 	0.01 	0.01 	0.04 	0.08 	0.01 	0.0 	0.0 	0.02 	0.05 	0.0 	0.01 	0.04 	
238 	0.08 	0.03 	0.02 	0.04 	0.01 	0.09 	0.07 	0.01 	0.02 	0.04 	0.16 	0.1 	0.0 	0.02 	0.0 	0.15 	0.07 	0.02 	0.01 	0.05 	
239 	0.12 	0.12 	0.02 	0.01 	0.0 	0.02 	0.04 	0.0 	0.01 	0.09 	0.26 	0.02 	0.02 	0.04 	0.02 	0.03 	0.01 	0.01 	0.05 	0.1 	
240 	0.07 	0.09 	0.02 	0.05 	0.0 	0.15 	0.2 	0.02 	0.05 	0.09 	0.05 	0.08 	0.02 	0.0 	0.01 	0.03 	0.02 	0.02 	0.01 	0.02 	
241 	0.09 	0.13 	0.08 	0.03 	0.01 	0.06 	0.12 	0.04 	0.01 	0.02 	0.06 	0.13 	0.11 	0.02 	0.01 	0.06 	0.02 	0.0 	0.01 	0.01 	
242 	0.03 	0.29 	0.06 	0.04 	0.0 	0.05 	0.13 	0.04 	0.03 	0.02 	0.03 	0.16 	0.02 	0.01 	0.01 	0.03 	0.02 	0.0 	0.03 	0.02 	
243 	0.1 	0.04 	0.14 	0.03 	0.0 	0.25 	0.07 	0.02 	0.05 	0.04 	0.01 	0.05 	0.01 	0.0 	0.04 	0.05 	0.03 	0.0 	0.0 	0.04 	
244 	0.1 	0.01 	0.04 	0.02 	0.0 	0.01 	0.05 	0.48 	0.0 	0.03 	0.03 	0.03 	0.01 	0.03 	0.06 	0.06 	0.01 	0.01 	0.0 	0.01 	
245 	0.05 	0.02 	0.01 	0.01 	0.01 	0.02 	0.05 	0.03 	0.0 	0.04 	0.16 	0.04 	0.05 	0.05 	0.01 	0.01 	0.01 	0.0 	0.04 	0.4 	
246 	0.02 	0.06 	0.11 	0.05 	0.0 	0.04 	0.03 	0.0 	0.03 	0.03 	0.04 	0.19 	0.01 	0.01 	0.0 	0.06 	0.32 	0.0 	0.01 	0.0 	
247 	0.01 	0.03 	0.01 	0.0 	0.01 	0.02 	0.01 	0.02 	0.0 	0.19 	0.35 	0.02 	0.07 	0.06 	0.01 	0.01 	0.01 	0.0 	0.0 	0.17 	
248 	0.12 	0.11 	0.01 	0.02 	0.01 	0.04 	0.03 	0.04 	0.04 	0.15 	0.05 	0.03 	0.04 	0.01 	0.0 	0.04 	0.11 	0.0 	0.05 	0.08 	
249 	0.1 	0.01 	0.06 	0.3 	0.06 	0.01 	0.01 	0.0 	0.0 	0.18 	0.08 	0.03 	0.01 	0.0 	0.01 	0.03 	0.05 	0.01 	0.01 	0.06 	
250 	0.04 	0.04 	0.03 	0.04 	0.0 	0.01 	0.04 	0.02 	0.01 	0.0 	0.06 	0.02 	0.0 	0.0 	0.57 	0.03 	0.04 	0.0 	0.0 	0.05 	
251 	0.09 	0.01 	0.01 	0.06 	0.0 	0.04 	0.47 	0.16 	0.01 	0.0 	0.01 	0.03 	0.01 	0.0 	0.01 	0.05 	0.01 	0.0 	0.0 	0.01 	
252 	0.05 	0.07 	0.07 	0.15 	0.0 	0.04 	0.15 	0.0 	0.01 	0.0 	0.02 	0.04 	0.0 	0.0 	0.0 	0.1 	0.22 	0.03 	0.01 	0.02 	
253 	0.09 	0.05 	0.01 	0.01 	0.03 	0.0 	0.02 	0.0 	0.0 	0.13 	0.13 	0.01 	0.01 	0.02 	0.02 	0.02 	0.07 	0.0 	0.01 	0.39 	
254 	0.09 	0.03 	0.01 	0.07 	0.01 	0.02 	0.11 	0.0 	0.01 	0.1 	0.03 	0.04 	0.08 	0.08 	0.0 	0.05 	0.09 	0.02 	0.11 	0.05 	
255 	0.02 	0.02 	0.01 	0.0 	0.01 	0.02 	0.01 	0.0 	0.02 	0.36 	0.11 	0.02 	0.01 	0.09 	0.03 	0.02 	0.01 	0.09 	0.04 	0.1 	
256 	0.07 	0.18 	0.02 	0.08 	0.0 	0.03 	0.14 	0.31 	0.01 	0.0 	0.0 	0.02 	0.01 	0.0 	0.0 	0.09 	0.02 	0.0 	0.0 	0.02 	
257 	0.1 	0.07 	0.04 	0.01 	0.02 	0.06 	0.08 	0.15 	0.02 	0.07 	0.01 	0.05 	0.03 	0.0 	0.15 	0.04 	0.02 	0.0 	0.02 	0.05 	
258 	0.07 	0.01 	0.06 	0.39 	0.0 	0.01 	0.07 	0.22 	0.01 	0.0 	0.01 	0.01 	0.0 	0.01 	0.0 	0.01 	0.05 	0.02 	0.01 	0.03 	
259 	0.07 	0.02 	0.02 	0.01 	0.05 	0.0 	0.0 	0.04 	0.0 	0.06 	0.02 	0.0 	0.0 	0.08 	0.03 	0.01 	0.26 	0.04 	0.0 	0.29 	
260 	0.01 	0.01 	0.02 	0.0 	0.0 	0.03 	0.09 	0.0 	0.0 	0.22 	0.16 	0.02 	0.03 	0.01 	0.03 	0.02 	0.08 	0.0 	0.01 	0.27 	
261 	0.01 	0.01 	0.01 	0.08 	0.0 	0.0 	0.01 	0.05 	0.01 	0.48 	0.12 	0.01 	0.01 	0.03 	0.0 	0.04 	0.02 	0.0 	0.0 	0.1 	
262 	0.08 	0.06 	0.05 	0.21 	0.0 	0.01 	0.19 	0.14 	0.04 	0.01 	0.02 	0.04 	0.0 	0.0 	0.04 	0.02 	0.03 	0.01 	0.05 	0.01 	
263 	0.07 	0.06 	0.03 	0.04 	0.0 	0.05 	0.11 	0.01 	0.01 	0.03 	0.02 	0.02 	0.01 	0.0 	0.39 	0.04 	0.03 	0.0 	0.0 	0.1 	
264 	0.02 	0.02 	0.25 	0.2 	0.0 	0.12 	0.04 	0.19 	0.03 	0.01 	0.02 	0.01 	0.01 	0.01 	0.02 	0.05 	0.0 	0.0 	0.0 	0.0 	
265 	0.06 	0.0 	0.02 	0.03 	0.03 	0.0 	0.01 	0.0 	0.0 	0.02 	0.06 	0.0 	0.01 	0.03 	0.0 	0.07 	0.24 	0.0 	0.01 	0.41 	
266 	0.04 	0.06 	0.0 	0.06 	0.0 	0.04 	0.07 	0.01 	0.07 	0.15 	0.06 	0.04 	0.01 	0.03 	0.0 	0.03 	0.05 	0.0 	0.01 	0.25 	
267 	0.01 	0.02 	0.0 	0.01 	0.0 	0.02 	0.05 	0.0 	0.0 	0.41 	0.21 	0.02 	0.0 	0.06 	0.05 	0.02 	0.03 	0.0 	0.02 	0.08 	
268 	0.01 	0.14 	0.0 	0.04 	0.0 	0.03 	0.31 	0.06 	0.03 	0.1 	0.1 	0.04 	0.01 	0.01 	0.0 	0.04 	0.03 	0.0 	0.02 	0.01 	
269 	0.15 	0.0 	0.01 	0.01 	0.0 	0.0 	0.01 	0.5 	0.01 	0.01 	0.0 	0.0 	0.0 	0.0 	0.19 	0.04 	0.03 	0.0 	0.0 	0.04 	
270 	0.06 	0.14 	0.22 	0.04 	0.0 	0.02 	0.07 	0.06 	0.02 	0.0 	0.0 	0.16 	0.0 	0.03 	0.1 	0.05 	0.02 	0.0 	0.02 	0.0 	
271 	0.1 	0.02 	0.0 	0.03 	0.1 	0.0 	0.01 	0.02 	0.01 	0.01 	0.0 	0.01 	0.0 	0.0 	0.03 	0.07 	0.18 	0.0 	0.0 	0.39 	
272 	0.02 	0.03 	0.0 	0.0 	0.0 	0.01 	0.02 	0.0 	0.01 	0.13 	0.17 	0.05 	0.01 	0.03 	0.0 	0.04 	0.07 	0.01 	0.02 	0.4 	
273 	0.02 	0.0 	0.01 	0.0 	0.0 	0.0 	0.01 	0.02 	0.0 	0.55 	0.17 	0.03 	0.01 	0.09 	0.0 	0.0 	0.0 	0.0 	0.0 	0.08 	
274 	0.02 	0.01 	0.02 	0.03 	0.0 	0.01 	0.18 	0.46 	0.0 	0.0 	0.01 	0.25 	0.0 	0.0 	0.0 	0.02 	0.0 	0.0 	0.0 	0.0 	
275 	0.06 	0.0 	0.21 	0.09 	0.0 	0.01 	0.09 	0.12 	0.01 	0.0 	0.01 	0.04 	0.0 	0.0 	0.09 	0.19 	0.06 	0.0 	0.0 	0.02 	
276 	0.05 	0.0 	0.14 	0.13 	0.0 	0.01 	0.02 	0.62 	0.0 	0.0 	0.0 	0.02 	0.0 	0.0 	0.0 	0.02 	0.0 	0.0 	0.01 	0.0 	
277 	0.0 	0.0 	0.0 	0.0 	0.05 	0.0 	0.0 	0.0 	0.21 	0.17 	0.0 	0.0 	0.0 	0.0 	0.0 	0.0 	0.05 	0.0 	0.36 	0.16 	
278 	0.0 	0.0 	0.0 	0.0 	0.0 	0.0 	0.0 	0.93 	0.0 	0.0 	0.0 	0.0 	0.0 	0.0 	0.0 	0.0 	0.07 	0.0 	0.0 	0.0 	
279 	0.04 	0.05 	0.04 	0.0 	0.0 	0.43 	0.09 	0.0 	0.04 	0.0 	0.08 	0.07 	0.0 	0.0 	0.1 	0.07 	0.0 	0.0 	0.0 	0.0 	
280 	0.0 	0.0 	0.0 	0.0 	0.0 	0.0 	0.0 	0.0 	0.0 	0.0 	0.0 	0.0 	0.0 	0.0 	0.0 	0.0 	0.0 	0.0 	1.0 	0.0 	
281 	0.0 	0.0 	0.0 	0.0 	0.0 	0.0 	0.0 	0.0 	0.0 	0.0 	1.0 	0.0 	0.0 	0.0 	0.0 	0.0 	0.0 	0.0 	0.0 	0.0 	
282 	0.0 	0.07 	0.0 	0.0 	0.0 	0.0 	0.0 	0.0 	0.0 	0.0 	0.64 	0.0 	0.0 	0.0 	0.0 	0.0 	0.06 	0.0 	0.0 	0.23 	
283 	0.15 	0.17 	0.0 	0.31 	0.0 	0.06 	0.12 	0.0 	0.05 	0.0 	0.0 	0.15 	0.0 	0.0 	0.0 	0.0 	0.0 	0.0 	0.0 	0.0 	
284 	0.0 	0.0 	0.0 	0.0 	0.0 	0.0 	0.0 	0.0 	0.0 	0.0 	0.87 	0.0 	0.13 	0.0 	0.0 	0.0 	0.0 	0.0 	0.0 	0.0 	
285 	0.19 	0.0 	0.0 	0.0 	0.0 	0.0 	0.0 	0.0 	0.0 	0.25 	0.48 	0.0 	0.0 	0.0 	0.0 	0.0 	0.0 	0.0 	0.0 	0.08 	
286 	0.0 	0.12 	0.0 	0.14 	0.0 	0.0 	0.13 	0.0 	0.0 	0.0 	0.0 	0.61 	0.0 	0.0 	0.0 	0.0 	0.0 	0.0 	0.0 	0.0 	
