	A 	R 	N 	D 	C 	Q 	E 	G 	H 	I 	L 	K 	M 	F 	P 	S 	T 	W 	Y 	V 	
1 	0.2 	0.0 	0.0 	0.0 	0.0 	0.0 	0.0 	0.23 	0.0 	0.0 	0.0 	0.0 	0.0 	0.0 	0.0 	0.57 	0.0 	0.0 	0.0 	0.0 	
2 	0.0 	0.0 	0.0 	0.0 	0.0 	0.0 	0.0 	0.0 	0.0 	0.0 	0.0 	0.0 	0.0 	0.0 	0.16 	0.44 	0.4 	0.0 	0.0 	0.0 	
3 	0.0 	0.0 	0.0 	0.0 	0.0 	0.0 	0.0 	0.0 	0.0 	0.25 	0.67 	0.0 	0.0 	0.0 	0.0 	0.0 	0.0 	0.0 	0.0 	0.08 	
4 	0.0 	0.0 	0.0 	0.0 	0.0 	0.0 	0.0 	0.0 	0.0 	0.0 	0.16 	0.0 	0.0 	0.36 	0.0 	0.0 	0.0 	0.0 	0.48 	0.0 	
5 	0.15 	0.0 	0.0 	0.3 	0.0 	0.16 	0.39 	0.0 	0.0 	0.0 	0.0 	0.0 	0.0 	0.0 	0.0 	0.0 	0.0 	0.0 	0.0 	0.0 	
6 	0.0 	0.25 	0.13 	0.0 	0.0 	0.12 	0.0 	0.0 	0.0 	0.0 	0.0 	0.5 	0.0 	0.0 	0.0 	0.0 	0.0 	0.0 	0.0 	0.0 	
7 	0.0 	0.0 	0.0 	0.0 	0.0 	0.0 	0.0 	0.0 	0.0 	0.3 	0.54 	0.0 	0.0 	0.0 	0.0 	0.0 	0.0 	0.0 	0.0 	0.16 	
8 	0.0 	0.0 	0.0 	0.0 	0.0 	0.0 	0.0 	1.0 	0.0 	0.0 	0.0 	0.0 	0.0 	0.0 	0.0 	0.0 	0.0 	0.0 	0.0 	0.0 	
9 	0.0 	0.0 	0.0 	0.0 	0.0 	0.0 	0.0 	1.0 	0.0 	0.0 	0.0 	0.0 	0.0 	0.0 	0.0 	0.0 	0.0 	0.0 	0.0 	0.0 	
10 	0.0 	0.13 	0.0 	0.0 	0.0 	0.29 	0.21 	0.0 	0.14 	0.0 	0.13 	0.0 	0.0 	0.0 	0.0 	0.0 	0.09 	0.0 	0.0 	0.0 	
11 	0.18 	0.0 	0.07 	0.13 	0.0 	0.0 	0.42 	0.0 	0.0 	0.0 	0.0 	0.0 	0.0 	0.0 	0.11 	0.0 	0.09 	0.0 	0.0 	0.0 	
12 	0.72 	0.0 	0.0 	0.0 	0.0 	0.0 	0.0 	0.0 	0.0 	0.0 	0.14 	0.0 	0.0 	0.0 	0.0 	0.0 	0.0 	0.0 	0.0 	0.13 	
13 	0.0 	0.0 	0.0 	0.0 	0.0 	0.0 	0.0 	0.0 	0.0 	0.18 	0.22 	0.0 	0.14 	0.0 	0.0 	0.0 	0.0 	0.0 	0.0 	0.46 	
14 	0.0 	0.0 	0.0 	0.09 	0.0 	0.11 	0.39 	0.0 	0.07 	0.0 	0.0 	0.2 	0.0 	0.0 	0.0 	0.14 	0.0 	0.0 	0.0 	0.0 	
15 	0.38 	0.0 	0.0 	0.0 	0.0 	0.26 	0.0 	0.0 	0.0 	0.0 	0.09 	0.13 	0.0 	0.0 	0.0 	0.0 	0.0 	0.0 	0.0 	0.14 	
16 	0.36 	0.0 	0.0 	0.0 	0.0 	0.0 	0.0 	0.0 	0.0 	0.0 	0.14 	0.0 	0.0 	0.0 	0.0 	0.0 	0.0 	0.0 	0.0 	0.5 	
17 	0.0 	0.0 	0.0 	0.0 	0.0 	0.0 	0.0 	0.0 	0.0 	0.0 	0.0 	0.0 	0.0 	0.0 	0.0 	0.0 	0.11 	0.0 	0.0 	0.89 	
18 	0.11 	0.0 	0.0 	0.48 	0.0 	0.0 	0.27 	0.0 	0.0 	0.0 	0.0 	0.0 	0.0 	0.0 	0.14 	0.0 	0.0 	0.0 	0.0 	0.0 	
19 	0.0 	0.0 	0.07 	0.07 	0.0 	0.11 	0.11 	0.0 	0.0 	0.0 	0.27 	0.22 	0.0 	0.0 	0.0 	0.0 	0.14 	0.0 	0.0 	0.0 	
20 	0.0 	0.0 	0.0 	0.0 	0.0 	0.0 	0.0 	0.0 	0.0 	0.0 	0.11 	0.0 	0.0 	0.89 	0.0 	0.0 	0.0 	0.0 	0.0 	0.0 	
21 	0.0 	0.0 	0.0 	0.0 	0.0 	0.0 	0.0 	0.0 	0.11 	0.0 	0.0 	0.0 	0.0 	0.0 	0.0 	0.0 	0.0 	0.0 	0.89 	0.0 	
22 	0.11 	0.13 	0.13 	0.0 	0.0 	0.0 	0.23 	0.0 	0.0 	0.0 	0.0 	0.25 	0.0 	0.0 	0.0 	0.0 	0.0 	0.0 	0.0 	0.14 	
23 	0.0 	0.49 	0.11 	0.0 	0.0 	0.0 	0.0 	0.0 	0.0 	0.0 	0.0 	0.4 	0.0 	0.0 	0.0 	0.0 	0.0 	0.0 	0.0 	0.0 	
24 	0.0 	0.0 	0.0 	0.0 	0.0 	0.0 	0.0 	0.0 	0.0 	0.29 	0.13 	0.0 	0.0 	0.0 	0.0 	0.0 	0.0 	0.0 	0.0 	0.58 	
25 	0.26 	0.0 	0.0 	0.0 	0.0 	0.11 	0.0 	0.0 	0.0 	0.0 	0.37 	0.0 	0.0 	0.0 	0.0 	0.0 	0.0 	0.0 	0.13 	0.13 	
26 	0.65 	0.0 	0.0 	0.0 	0.0 	0.09 	0.0 	0.0 	0.0 	0.0 	0.0 	0.0 	0.0 	0.0 	0.0 	0.14 	0.11 	0.0 	0.0 	0.0 	
27 	0.0 	0.0 	0.0 	0.86 	0.0 	0.0 	0.0 	0.0 	0.14 	0.0 	0.0 	0.0 	0.0 	0.0 	0.0 	0.0 	0.0 	0.0 	0.0 	0.0 	
28 	0.11 	0.0 	0.0 	0.23 	0.0 	0.0 	0.14 	0.0 	0.0 	0.0 	0.0 	0.0 	0.0 	0.0 	0.41 	0.11 	0.0 	0.0 	0.0 	0.0 	
29 	0.0 	0.23 	0.0 	0.0 	0.0 	0.27 	0.0 	0.0 	0.0 	0.0 	0.26 	0.0 	0.0 	0.0 	0.0 	0.0 	0.24 	0.0 	0.0 	0.0 	
30 	0.0 	0.0 	0.0 	0.0 	0.0 	0.0 	0.0 	0.0 	0.0 	0.09 	0.53 	0.0 	0.0 	0.0 	0.0 	0.0 	0.0 	0.0 	0.0 	0.38 	
31 	0.22 	0.0 	0.0 	0.0 	0.0 	0.0 	0.0 	0.0 	0.0 	0.13 	0.0 	0.37 	0.0 	0.0 	0.0 	0.27 	0.0 	0.0 	0.0 	0.0 	
32 	0.07 	0.0 	0.0 	0.0 	0.0 	0.0 	0.0 	0.07 	0.23 	0.0 	0.0 	0.13 	0.0 	0.0 	0.26 	0.0 	0.17 	0.0 	0.0 	0.07 	
33 	0.0 	0.0 	0.0 	0.0 	0.0 	0.0 	0.0 	0.0 	0.0 	0.26 	0.0 	0.0 	0.0 	0.48 	0.0 	0.0 	0.0 	0.0 	0.26 	0.0 	
34 	0.0 	0.0 	0.0 	0.0 	0.0 	0.0 	0.0 	0.0 	0.0 	0.0 	0.13 	0.0 	0.0 	0.87 	0.0 	0.0 	0.0 	0.0 	0.0 	0.0 	
35 	0.2 	0.0 	0.11 	0.0 	0.0 	0.0 	0.0 	0.0 	0.13 	0.0 	0.0 	0.14 	0.0 	0.0 	0.14 	0.2 	0.07 	0.0 	0.0 	0.0 	
36 	0.01 	0.01 	0.21 	0.23 	0.0 	0.01 	0.01 	0.38 	0.0 	0.01 	0.01 	0.08 	0.0 	0.01 	0.01 	0.01 	0.01 	0.0 	0.0 	0.01 	
37 	0.0 	0.0 	0.0 	0.0 	0.0 	0.13 	0.0 	0.0 	0.0 	0.11 	0.0 	0.0 	0.0 	0.0 	0.0 	0.14 	0.52 	0.0 	0.0 	0.09 	
38 	0.0 	0.0 	0.21 	0.79 	0.0 	0.0 	0.0 	0.0 	0.0 	0.0 	0.0 	0.0 	0.0 	0.0 	0.0 	0.0 	0.0 	0.0 	0.0 	0.0 	
39 	0.0 	0.0 	0.0 	0.0 	0.0 	0.0 	0.0 	0.0 	0.0 	0.0 	0.14 	0.0 	0.72 	0.0 	0.13 	0.0 	0.0 	0.0 	0.0 	0.0 	
40 	0.2 	0.0 	0.07 	0.07 	0.0 	0.0 	0.07 	0.0 	0.0 	0.0 	0.0 	0.13 	0.13 	0.0 	0.11 	0.07 	0.14 	0.0 	0.0 	0.0 	
41 	0.0 	0.14 	0.11 	0.0 	0.0 	0.0 	0.14 	0.0 	0.27 	0.0 	0.0 	0.2 	0.0 	0.0 	0.0 	0.0 	0.0 	0.0 	0.0 	0.13 	
42 	0.0 	0.0 	0.0 	0.0 	0.0 	0.58 	0.0 	0.0 	0.0 	0.0 	0.27 	0.0 	0.0 	0.0 	0.0 	0.0 	0.14 	0.0 	0.0 	0.0 	
43 	0.21 	0.47 	0.0 	0.0 	0.0 	0.0 	0.0 	0.0 	0.0 	0.0 	0.0 	0.14 	0.0 	0.0 	0.0 	0.0 	0.18 	0.0 	0.0 	0.0 	
44 	0.22 	0.14 	0.22 	0.0 	0.0 	0.0 	0.0 	0.14 	0.0 	0.0 	0.0 	0.14 	0.0 	0.0 	0.0 	0.13 	0.0 	0.0 	0.0 	0.0 	
45 	0.0 	0.0 	0.0 	0.0 	0.0 	0.14 	0.0 	0.0 	0.2 	0.0 	0.0 	0.66 	0.0 	0.0 	0.0 	0.0 	0.0 	0.0 	0.0 	0.0 	
46 	0.0 	0.0 	0.0 	0.0 	0.0 	0.78 	0.0 	0.0 	0.0 	0.0 	0.11 	0.0 	0.0 	0.0 	0.0 	0.0 	0.11 	0.0 	0.0 	0.0 	
47 	0.11 	0.0 	0.0 	0.0 	0.0 	0.0 	0.07 	0.0 	0.0 	0.0 	0.0 	0.23 	0.0 	0.13 	0.0 	0.13 	0.07 	0.0 	0.0 	0.26 	
48 	0.44 	0.0 	0.0 	0.14 	0.0 	0.14 	0.14 	0.0 	0.0 	0.0 	0.0 	0.0 	0.13 	0.0 	0.0 	0.0 	0.0 	0.0 	0.0 	0.0 	
49 	0.0 	0.0 	0.0 	0.0 	0.0 	0.0 	0.0 	0.0 	0.0 	0.0 	0.0 	0.0 	0.0 	1.0 	0.0 	0.0 	0.0 	0.0 	0.0 	0.0 	
50 	0.0 	0.0 	0.0 	0.0 	0.0 	0.0 	0.0 	0.0 	0.0 	0.0 	0.73 	0.0 	0.0 	0.14 	0.0 	0.0 	0.0 	0.0 	0.0 	0.13 	
51 	0.27 	0.0 	0.0 	0.0 	0.11 	0.0 	0.0 	0.11 	0.0 	0.0 	0.0 	0.0 	0.0 	0.0 	0.0 	0.13 	0.37 	0.0 	0.0 	0.0 	
52 	0.25 	0.0 	0.0 	0.0 	0.0 	0.26 	0.0 	0.0 	0.0 	0.0 	0.0 	0.0 	0.14 	0.0 	0.0 	0.0 	0.0 	0.13 	0.22 	0.0 	
53 	0.47 	0.0 	0.0 	0.0 	0.0 	0.0 	0.0 	0.0 	0.0 	0.11 	0.27 	0.0 	0.0 	0.0 	0.0 	0.0 	0.0 	0.0 	0.14 	0.0 	
54 	0.0 	0.0 	0.0 	0.0 	0.0 	0.0 	0.0 	0.0 	0.0 	0.0 	0.66 	0.0 	0.0 	0.34 	0.0 	0.0 	0.0 	0.0 	0.0 	0.0 	
55 	0.0 	0.0 	0.0 	0.0 	0.0 	0.0 	0.11 	0.89 	0.0 	0.0 	0.0 	0.0 	0.0 	0.0 	0.0 	0.0 	0.0 	0.0 	0.0 	0.0 	
56 	0.0 	0.0 	0.0 	0.0 	0.0 	0.0 	0.0 	0.87 	0.0 	0.0 	0.0 	0.0 	0.0 	0.0 	0.13 	0.0 	0.0 	0.0 	0.0 	0.0 	
57 	0.13 	0.0 	0.0 	0.0 	0.0 	0.0 	0.0 	0.0 	0.0 	0.0 	0.0 	0.0 	0.0 	0.0 	0.78 	0.0 	0.09 	0.0 	0.0 	0.0 	
58 	0.01 	0.01 	0.39 	0.1 	0.0 	0.01 	0.08 	0.01 	0.08 	0.01 	0.02 	0.01 	0.0 	0.01 	0.01 	0.08 	0.01 	0.0 	0.15 	0.01 	
59 	0.21 	0.02 	0.02 	0.02 	0.01 	0.02 	0.03 	0.03 	0.01 	0.02 	0.04 	0.14 	0.01 	0.02 	0.02 	0.03 	0.17 	0.01 	0.01 	0.16 	
60 	0.01 	0.01 	0.0 	0.01 	0.0 	0.12 	0.28 	0.01 	0.14 	0.01 	0.01 	0.1 	0.0 	0.0 	0.28 	0.01 	0.01 	0.0 	0.0 	0.01 	
61 	0.0 	0.0 	0.0 	0.0 	0.0 	0.0 	0.14 	0.0 	0.0 	0.0 	0.0 	0.0 	0.0 	0.0 	0.0 	0.0 	0.0 	0.24 	0.62 	0.0 	
62 	0.0 	0.0 	0.0 	0.09 	0.0 	0.0 	0.0 	0.11 	0.14 	0.0 	0.0 	0.27 	0.0 	0.0 	0.0 	0.0 	0.38 	0.0 	0.0 	0.0 	
63 	0.0 	0.0 	0.0 	0.0 	0.0 	0.0 	0.0 	1.0 	0.0 	0.0 	0.0 	0.0 	0.0 	0.0 	0.0 	0.0 	0.0 	0.0 	0.0 	0.0 	
64 	0.14 	0.31 	0.0 	0.0 	0.0 	0.0 	0.0 	0.0 	0.14 	0.0 	0.0 	0.4 	0.0 	0.0 	0.0 	0.0 	0.0 	0.0 	0.0 	0.0 	
65 	0.0 	0.0 	0.25 	0.13 	0.0 	0.0 	0.0 	0.0 	0.0 	0.0 	0.0 	0.0 	0.0 	0.0 	0.4 	0.13 	0.0 	0.0 	0.09 	0.0 	
66 	0.0 	0.0 	0.0 	0.0 	0.0 	0.0 	0.0 	0.0 	0.0 	0.0 	0.11 	0.0 	0.76 	0.0 	0.0 	0.0 	0.0 	0.0 	0.0 	0.13 	
67 	0.07 	0.35 	0.0 	0.11 	0.0 	0.0 	0.0 	0.0 	0.0 	0.0 	0.14 	0.25 	0.0 	0.0 	0.0 	0.0 	0.07 	0.0 	0.0 	0.0 	
68 	0.0 	0.14 	0.0 	0.0 	0.0 	0.14 	0.34 	0.0 	0.0 	0.13 	0.0 	0.11 	0.0 	0.0 	0.0 	0.0 	0.13 	0.0 	0.0 	0.0 	
69 	0.63 	0.0 	0.0 	0.0 	0.0 	0.0 	0.0 	0.0 	0.0 	0.0 	0.0 	0.0 	0.0 	0.0 	0.0 	0.0 	0.11 	0.0 	0.0 	0.25 	
70 	0.0 	0.14 	0.0 	0.0 	0.0 	0.0 	0.0 	0.0 	0.86 	0.0 	0.0 	0.0 	0.0 	0.0 	0.0 	0.0 	0.0 	0.0 	0.0 	0.0 	
71 	0.25 	0.01 	0.01 	0.02 	0.01 	0.01 	0.02 	0.02 	0.15 	0.01 	0.16 	0.24 	0.01 	0.01 	0.01 	0.02 	0.02 	0.0 	0.01 	0.02 	
72 	0.03 	0.15 	0.13 	0.15 	0.01 	0.02 	0.12 	0.03 	0.01 	0.02 	0.18 	0.02 	0.01 	0.02 	0.02 	0.03 	0.02 	0.01 	0.01 	0.03 	
73 	0.03 	0.02 	0.02 	0.02 	0.01 	0.02 	0.02 	0.03 	0.01 	0.15 	0.26 	0.02 	0.12 	0.02 	0.16 	0.03 	0.02 	0.01 	0.01 	0.03 	
74 	0.04 	0.03 	0.02 	0.03 	0.01 	0.02 	0.03 	0.04 	0.01 	0.16 	0.05 	0.03 	0.01 	0.16 	0.03 	0.04 	0.03 	0.01 	0.02 	0.25 	
75 	0.02 	0.01 	0.01 	0.01 	0.0 	0.15 	0.1 	0.02 	0.0 	0.01 	0.02 	0.28 	0.01 	0.01 	0.29 	0.02 	0.01 	0.0 	0.01 	0.01 	
76 	0.02 	0.01 	0.1 	0.01 	0.0 	0.14 	0.02 	0.41 	0.14 	0.01 	0.02 	0.01 	0.01 	0.01 	0.01 	0.02 	0.01 	0.0 	0.01 	0.02 	
77 	0.03 	0.29 	0.02 	0.02 	0.01 	0.02 	0.02 	0.03 	0.1 	0.02 	0.15 	0.02 	0.15 	0.01 	0.02 	0.03 	0.02 	0.01 	0.01 	0.02 	
78 	0.02 	0.01 	0.26 	0.01 	0.01 	0.01 	0.02 	0.5 	0.01 	0.01 	0.02 	0.02 	0.01 	0.01 	0.01 	0.02 	0.02 	0.0 	0.01 	0.02 	
79 	0.0 	0.0 	0.0 	0.0 	0.0 	0.0 	0.0 	0.0 	0.0 	0.29 	0.47 	0.0 	0.0 	0.13 	0.0 	0.0 	0.0 	0.0 	0.0 	0.11 	
80 	0.0 	0.0 	0.09 	0.0 	0.0 	0.25 	0.0 	0.0 	0.0 	0.0 	0.0 	0.0 	0.0 	0.0 	0.0 	0.31 	0.35 	0.0 	0.0 	0.0 	
81 	0.0 	0.0 	0.39 	0.13 	0.0 	0.11 	0.0 	0.09 	0.0 	0.0 	0.0 	0.0 	0.14 	0.0 	0.13 	0.0 	0.0 	0.0 	0.0 	0.0 	
82 	0.11 	0.0 	0.0 	0.0 	0.0 	0.0 	0.37 	0.0 	0.14 	0.0 	0.07 	0.0 	0.0 	0.0 	0.11 	0.07 	0.0 	0.0 	0.0 	0.13 	
83 	0.0 	0.14 	0.0 	0.13 	0.0 	0.11 	0.0 	0.0 	0.61 	0.0 	0.0 	0.0 	0.0 	0.0 	0.0 	0.0 	0.0 	0.0 	0.0 	0.0 	
84 	0.14 	0.0 	0.0 	0.0 	0.0 	0.0 	0.0 	0.0 	0.0 	0.0 	0.0 	0.0 	0.0 	0.86 	0.0 	0.0 	0.0 	0.0 	0.0 	0.0 	
85 	0.0 	0.0 	0.0 	0.62 	0.0 	0.13 	0.0 	0.07 	0.0 	0.0 	0.0 	0.0 	0.0 	0.0 	0.0 	0.07 	0.11 	0.0 	0.0 	0.0 	
86 	0.62 	0.0 	0.0 	0.0 	0.0 	0.0 	0.0 	0.0 	0.0 	0.0 	0.27 	0.0 	0.0 	0.0 	0.0 	0.0 	0.11 	0.0 	0.0 	0.0 	
87 	0.0 	0.0 	0.0 	0.0 	0.0 	0.0 	0.0 	0.13 	0.0 	0.25 	0.0 	0.0 	0.0 	0.0 	0.0 	0.0 	0.0 	0.14 	0.0 	0.47 	
88 	0.41 	0.0 	0.0 	0.0 	0.0 	0.0 	0.0 	0.0 	0.0 	0.25 	0.14 	0.0 	0.13 	0.0 	0.0 	0.0 	0.0 	0.0 	0.0 	0.07 	
89 	0.0 	0.13 	0.0 	0.0 	0.0 	0.0 	0.23 	0.25 	0.0 	0.0 	0.0 	0.25 	0.0 	0.0 	0.0 	0.14 	0.0 	0.0 	0.0 	0.0 	
90 	0.0 	0.0 	0.14 	0.09 	0.14 	0.0 	0.0 	0.0 	0.5 	0.0 	0.0 	0.0 	0.0 	0.0 	0.0 	0.0 	0.0 	0.0 	0.13 	0.0 	
91 	0.0 	0.0 	0.0 	0.0 	0.0 	0.0 	0.0 	0.0 	0.0 	0.0 	0.72 	0.0 	0.14 	0.13 	0.0 	0.0 	0.0 	0.0 	0.0 	0.0 	
92 	0.28 	0.11 	0.0 	0.0 	0.0 	0.0 	0.13 	0.11 	0.0 	0.0 	0.09 	0.14 	0.0 	0.0 	0.0 	0.13 	0.0 	0.0 	0.0 	0.0 	
93 	0.23 	0.0 	0.0 	0.42 	0.0 	0.0 	0.25 	0.0 	0.0 	0.0 	0.0 	0.0 	0.0 	0.0 	0.0 	0.11 	0.0 	0.0 	0.0 	0.0 	
94 	0.64 	0.0 	0.0 	0.0 	0.0 	0.0 	0.0 	0.0 	0.0 	0.0 	0.0 	0.0 	0.0 	0.0 	0.0 	0.0 	0.36 	0.0 	0.0 	0.0 	
95 	0.0 	0.0 	0.0 	0.0 	0.0 	0.0 	0.0 	0.0 	0.0 	0.0 	0.61 	0.0 	0.39 	0.0 	0.0 	0.0 	0.0 	0.0 	0.0 	0.0 	
96 	0.18 	0.0 	0.0 	0.14 	0.0 	0.0 	0.0 	0.0 	0.0 	0.0 	0.0 	0.23 	0.0 	0.0 	0.0 	0.0 	0.45 	0.0 	0.0 	0.0 	
97 	0.14 	0.0 	0.0 	0.0 	0.0 	0.0 	0.49 	0.11 	0.14 	0.0 	0.0 	0.0 	0.0 	0.0 	0.0 	0.0 	0.0 	0.0 	0.0 	0.11 	
98 	0.25 	0.11 	0.0 	0.0 	0.0 	0.0 	0.0 	0.0 	0.0 	0.0 	0.4 	0.0 	0.09 	0.0 	0.0 	0.0 	0.0 	0.0 	0.0 	0.14 	
99 	0.0 	0.0 	0.0 	0.0 	0.0 	0.0 	0.0 	1.0 	0.0 	0.0 	0.0 	0.0 	0.0 	0.0 	0.0 	0.0 	0.0 	0.0 	0.0 	0.0 	
100 	0.13 	0.0 	0.0 	0.0 	0.0 	0.0 	0.0 	0.0 	0.0 	0.0 	0.14 	0.0 	0.0 	0.0 	0.0 	0.0 	0.0 	0.0 	0.0 	0.72 	
101 	0.11 	0.0 	0.0 	0.0 	0.0 	0.0 	0.14 	0.0 	0.0 	0.0 	0.0 	0.0 	0.0 	0.0 	0.43 	0.18 	0.14 	0.0 	0.0 	0.0 	
102 	0.22 	0.0 	0.0 	0.14 	0.0 	0.0 	0.22 	0.14 	0.0 	0.0 	0.0 	0.0 	0.0 	0.0 	0.13 	0.14 	0.0 	0.0 	0.0 	0.0 	
103 	0.18 	0.0 	0.0 	0.09 	0.0 	0.07 	0.46 	0.07 	0.0 	0.0 	0.0 	0.0 	0.0 	0.0 	0.0 	0.0 	0.0 	0.0 	0.0 	0.13 	
104 	0.0 	0.0 	0.0 	0.24 	0.0 	0.0 	0.0 	0.0 	0.0 	0.21 	0.33 	0.0 	0.0 	0.0 	0.0 	0.0 	0.14 	0.0 	0.0 	0.07 	
105 	0.0 	0.28 	0.0 	0.0 	0.0 	0.0 	0.0 	0.0 	0.0 	0.43 	0.0 	0.0 	0.0 	0.0 	0.0 	0.0 	0.11 	0.0 	0.0 	0.18 	
106 	0.16 	0.0 	0.07 	0.0 	0.0 	0.0 	0.25 	0.2 	0.0 	0.0 	0.0 	0.11 	0.0 	0.0 	0.0 	0.07 	0.13 	0.0 	0.0 	0.0 	
107 	0.11 	0.0 	0.0 	0.13 	0.0 	0.11 	0.5 	0.0 	0.0 	0.0 	0.0 	0.0 	0.0 	0.14 	0.0 	0.0 	0.0 	0.0 	0.0 	0.0 	
108 	0.38 	0.0 	0.0 	0.0 	0.0 	0.0 	0.0 	0.0 	0.0 	0.14 	0.14 	0.0 	0.0 	0.0 	0.0 	0.0 	0.11 	0.0 	0.0 	0.22 	
109 	0.23 	0.0 	0.0 	0.0 	0.0 	0.0 	0.0 	0.0 	0.0 	0.0 	0.26 	0.0 	0.26 	0.14 	0.0 	0.0 	0.0 	0.0 	0.0 	0.11 	
110 	0.33 	0.13 	0.0 	0.11 	0.0 	0.0 	0.0 	0.29 	0.0 	0.0 	0.0 	0.14 	0.0 	0.0 	0.0 	0.0 	0.0 	0.0 	0.0 	0.0 	
111 	0.07 	0.39 	0.0 	0.0 	0.0 	0.0 	0.0 	0.0 	0.0 	0.0 	0.0 	0.0 	0.0 	0.0 	0.0 	0.0 	0.0 	0.0 	0.0 	0.54 	
112 	0.12 	0.0 	0.0 	0.0 	0.0 	0.0 	0.0 	0.0 	0.0 	0.31 	0.15 	0.0 	0.15 	0.0 	0.0 	0.0 	0.0 	0.0 	0.0 	0.27 	
113 	0.45 	0.0 	0.0 	0.0 	0.0 	0.0 	0.17 	0.0 	0.0 	0.0 	0.2 	0.0 	0.0 	0.0 	0.0 	0.0 	0.18 	0.0 	0.0 	0.0 	
114 	0.0 	0.0 	0.18 	0.0 	0.0 	0.0 	0.0 	0.0 	0.0 	0.0 	0.0 	0.0 	0.0 	0.0 	0.43 	0.22 	0.17 	0.0 	0.0 	0.0 	
115 	0.0 	0.0 	0.0 	0.0 	0.0 	0.0 	0.0 	0.0 	0.0 	0.0 	0.23 	0.0 	0.18 	0.0 	0.0 	0.0 	0.22 	0.0 	0.2 	0.17 	
116 	0.23 	0.28 	0.0 	0.0 	0.0 	0.0 	0.0 	0.0 	0.0 	0.0 	0.0 	0.5 	0.0 	0.0 	0.0 	0.0 	0.0 	0.0 	0.0 	0.0 	
117 	0.0 	0.0 	0.0 	0.2 	0.0 	0.0 	0.0 	0.35 	0.0 	0.0 	0.0 	0.0 	0.0 	0.0 	0.12 	0.0 	0.22 	0.0 	0.0 	0.11 	
118 	0.38 	0.0 	0.0 	0.28 	0.0 	0.0 	0.34 	0.0 	0.0 	0.0 	0.0 	0.0 	0.0 	0.0 	0.0 	0.0 	0.0 	0.0 	0.0 	0.0 	
119 	0.0 	0.0 	0.0 	0.0 	0.0 	0.0 	0.0 	0.0 	0.0 	0.5 	0.0 	0.0 	0.0 	0.0 	0.0 	0.0 	0.0 	0.0 	0.0 	0.5 	
120 	0.2 	0.0 	0.0 	0.0 	0.0 	0.0 	0.0 	0.0 	0.0 	0.0 	0.0 	0.0 	0.0 	0.31 	0.0 	0.0 	0.2 	0.0 	0.0 	0.29 	
121 	0.0 	0.0 	0.0 	0.0 	0.0 	0.0 	0.0 	0.0 	0.0 	0.0 	0.0 	0.0 	0.0 	0.0 	0.0 	0.2 	0.8 	0.0 	0.0 	0.0 	
122 	0.0 	0.0 	0.0 	0.0 	0.0 	0.0 	0.0 	0.57 	0.0 	0.0 	0.0 	0.0 	0.0 	0.0 	0.43 	0.0 	0.0 	0.0 	0.0 	0.0 	
123 	0.43 	0.0 	0.0 	0.0 	0.0 	0.0 	0.57 	0.0 	0.0 	0.0 	0.0 	0.0 	0.0 	0.0 	0.0 	0.0 	0.0 	0.0 	0.0 	0.0 	
124 	0.71 	0.0 	0.0 	0.0 	0.0 	0.0 	0.0 	0.0 	0.0 	0.0 	0.0 	0.0 	0.0 	0.0 	0.0 	0.29 	0.0 	0.0 	0.0 	0.0 	
125 	0.0 	0.0 	0.0 	0.0 	0.0 	0.0 	0.0 	1.0 	0.0 	0.0 	0.0 	0.0 	0.0 	0.0 	0.0 	0.0 	0.0 	0.0 	0.0 	0.0 	
126 	0.0 	0.0 	0.0 	0.0 	0.0 	0.0 	0.0 	0.0 	0.0 	0.0 	0.0 	0.0 	0.0 	0.0 	0.0 	0.0 	0.0 	0.0 	0.0 	0.0 	
