	A 	R 	N 	D 	C 	Q 	E 	G 	H 	I 	L 	K 	M 	F 	P 	S 	T 	W 	Y 	V 	
1 	0.0 	0.0 	0.0 	0.0 	0.0 	0.0 	0.0 	0.0 	0.0 	0.03 	0.09 	0.0 	0.86 	0.0 	0.0 	0.0 	0.0 	0.0 	0.0 	0.03 	
2 	0.0 	0.0 	0.27 	0.23 	0.0 	0.0 	0.15 	0.03 	0.07 	0.0 	0.05 	0.1 	0.0 	0.0 	0.0 	0.11 	0.0 	0.0 	0.0 	0.0 	
3 	0.03 	0.0 	0.08 	0.1 	0.0 	0.13 	0.04 	0.0 	0.01 	0.04 	0.0 	0.0 	0.0 	0.0 	0.21 	0.22 	0.11 	0.0 	0.0 	0.02 	
4 	0.0 	0.0 	0.0 	0.0 	0.0 	0.0 	0.0 	0.0 	0.0 	0.25 	0.35 	0.0 	0.09 	0.04 	0.0 	0.02 	0.15 	0.04 	0.0 	0.04 	
5 	0.08 	0.0 	0.09 	0.02 	0.0 	0.0 	0.0 	0.0 	0.0 	0.26 	0.14 	0.01 	0.03 	0.04 	0.0 	0.02 	0.03 	0.0 	0.03 	0.25 	
6 	0.16 	0.02 	0.01 	0.0 	0.01 	0.11 	0.01 	0.01 	0.0 	0.06 	0.2 	0.09 	0.03 	0.01 	0.01 	0.11 	0.01 	0.0 	0.06 	0.08 	
7 	0.4 	0.0 	0.01 	0.04 	0.0 	0.01 	0.02 	0.28 	0.0 	0.03 	0.01 	0.0 	0.02 	0.0 	0.0 	0.13 	0.05 	0.0 	0.0 	0.01 	
8 	0.29 	0.0 	0.0 	0.0 	0.01 	0.0 	0.0 	0.05 	0.0 	0.02 	0.22 	0.0 	0.11 	0.16 	0.0 	0.02 	0.01 	0.0 	0.06 	0.06 	
9 	0.13 	0.01 	0.02 	0.0 	0.02 	0.01 	0.02 	0.02 	0.0 	0.05 	0.07 	0.24 	0.01 	0.0 	0.0 	0.23 	0.11 	0.0 	0.0 	0.06 	
10 	0.19 	0.0 	0.0 	0.03 	0.01 	0.02 	0.02 	0.03 	0.06 	0.08 	0.07 	0.02 	0.05 	0.09 	0.0 	0.0 	0.0 	0.0 	0.21 	0.12 	
11 	0.01 	0.0 	0.01 	0.0 	0.0 	0.0 	0.0 	0.0 	0.0 	0.51 	0.29 	0.0 	0.01 	0.03 	0.0 	0.02 	0.0 	0.0 	0.0 	0.12 	
12 	0.36 	0.0 	0.0 	0.0 	0.0 	0.0 	0.0 	0.52 	0.0 	0.01 	0.02 	0.0 	0.0 	0.0 	0.0 	0.06 	0.03 	0.0 	0.0 	0.0 	
13 	0.73 	0.0 	0.0 	0.0 	0.02 	0.0 	0.01 	0.03 	0.0 	0.03 	0.0 	0.01 	0.0 	0.0 	0.0 	0.04 	0.03 	0.0 	0.0 	0.09 	
14 	0.2 	0.0 	0.01 	0.0 	0.0 	0.0 	0.0 	0.72 	0.0 	0.0 	0.0 	0.0 	0.01 	0.0 	0.01 	0.03 	0.01 	0.0 	0.01 	0.01 	
15 	0.02 	0.0 	0.0 	0.0 	0.0 	0.0 	0.0 	0.0 	0.0 	0.33 	0.54 	0.0 	0.01 	0.04 	0.0 	0.0 	0.01 	0.0 	0.0 	0.06 	
16 	0.47 	0.0 	0.0 	0.0 	0.02 	0.0 	0.0 	0.15 	0.0 	0.07 	0.04 	0.0 	0.05 	0.0 	0.0 	0.13 	0.05 	0.0 	0.0 	0.02 	
17 	0.03 	0.0 	0.0 	0.0 	0.07 	0.0 	0.0 	0.0 	0.0 	0.15 	0.11 	0.0 	0.22 	0.01 	0.0 	0.0 	0.1 	0.0 	0.04 	0.23 	
18 	0.18 	0.01 	0.01 	0.01 	0.03 	0.01 	0.01 	0.5 	0.0 	0.05 	0.02 	0.01 	0.01 	0.02 	0.01 	0.05 	0.04 	0.0 	0.01 	0.01 	
19 	0.05 	0.0 	0.0 	0.0 	0.0 	0.0 	0.0 	0.06 	0.0 	0.28 	0.47 	0.0 	0.01 	0.05 	0.0 	0.01 	0.0 	0.0 	0.0 	0.07 	
20 	0.45 	0.0 	0.0 	0.0 	0.04 	0.0 	0.0 	0.38 	0.0 	0.0 	0.01 	0.0 	0.02 	0.0 	0.0 	0.06 	0.02 	0.0 	0.0 	0.02 	
21 	0.37 	0.0 	0.01 	0.0 	0.03 	0.0 	0.0 	0.25 	0.0 	0.06 	0.08 	0.0 	0.07 	0.0 	0.0 	0.05 	0.02 	0.0 	0.0 	0.05 	
22 	0.06 	0.0 	0.0 	0.0 	0.01 	0.0 	0.0 	0.07 	0.0 	0.32 	0.37 	0.0 	0.06 	0.02 	0.0 	0.01 	0.02 	0.0 	0.02 	0.05 	
23 	0.14 	0.0 	0.02 	0.0 	0.0 	0.0 	0.0 	0.81 	0.0 	0.0 	0.0 	0.0 	0.0 	0.0 	0.0 	0.01 	0.02 	0.0 	0.0 	0.0 	
24 	0.4 	0.0 	0.0 	0.0 	0.02 	0.0 	0.0 	0.1 	0.0 	0.0 	0.0 	0.0 	0.0 	0.0 	0.17 	0.11 	0.09 	0.0 	0.0 	0.12 	
25 	0.22 	0.0 	0.0 	0.0 	0.02 	0.0 	0.0 	0.66 	0.0 	0.03 	0.0 	0.0 	0.0 	0.0 	0.0 	0.04 	0.02 	0.0 	0.0 	0.02 	
26 	0.04 	0.0 	0.0 	0.0 	0.0 	0.0 	0.0 	0.04 	0.0 	0.52 	0.14 	0.01 	0.04 	0.04 	0.0 	0.0 	0.0 	0.0 	0.03 	0.14 	
27 	0.11 	0.0 	0.0 	0.0 	0.0 	0.01 	0.0 	0.83 	0.0 	0.0 	0.0 	0.0 	0.01 	0.0 	0.0 	0.01 	0.0 	0.0 	0.0 	0.02 	
28 	0.01 	0.0 	0.06 	0.01 	0.0 	0.25 	0.05 	0.02 	0.0 	0.29 	0.02 	0.0 	0.05 	0.05 	0.0 	0.0 	0.01 	0.02 	0.0 	0.17 	
29 	0.11 	0.0 	0.0 	0.0 	0.0 	0.0 	0.0 	0.83 	0.0 	0.0 	0.0 	0.0 	0.0 	0.0 	0.0 	0.04 	0.0 	0.0 	0.0 	0.0 	
30 	0.01 	0.01 	0.2 	0.0 	0.0 	0.0 	0.0 	0.0 	0.03 	0.31 	0.17 	0.02 	0.04 	0.04 	0.0 	0.02 	0.07 	0.01 	0.03 	0.04 	
31 	0.28 	0.0 	0.0 	0.0 	0.0 	0.0 	0.0 	0.02 	0.0 	0.25 	0.13 	0.0 	0.02 	0.0 	0.0 	0.03 	0.02 	0.0 	0.0 	0.25 	
32 	0.22 	0.0 	0.0 	0.0 	0.02 	0.0 	0.0 	0.26 	0.0 	0.03 	0.02 	0.0 	0.02 	0.21 	0.0 	0.04 	0.04 	0.03 	0.0 	0.12 	
33 	0.22 	0.02 	0.04 	0.1 	0.0 	0.02 	0.01 	0.35 	0.0 	0.0 	0.0 	0.05 	0.0 	0.01 	0.0 	0.18 	0.0 	0.0 	0.0 	0.01 	
34 	0.23 	0.05 	0.09 	0.0 	0.02 	0.05 	0.0 	0.08 	0.02 	0.0 	0.02 	0.29 	0.01 	0.0 	0.0 	0.11 	0.02 	0.0 	0.01 	0.0 	
35 	0.3 	0.0 	0.0 	0.0 	0.02 	0.0 	0.0 	0.13 	0.0 	0.01 	0.18 	0.0 	0.04 	0.14 	0.0 	0.01 	0.13 	0.0 	0.03 	0.01 	
36 	0.07 	0.0 	0.0 	0.0 	0.03 	0.01 	0.01 	0.0 	0.0 	0.24 	0.26 	0.0 	0.03 	0.03 	0.0 	0.01 	0.01 	0.0 	0.0 	0.3 	
37 	0.06 	0.08 	0.07 	0.03 	0.0 	0.06 	0.49 	0.0 	0.02 	0.01 	0.04 	0.02 	0.01 	0.0 	0.0 	0.07 	0.01 	0.0 	0.0 	0.0 	
38 	0.28 	0.0 	0.0 	0.0 	0.0 	0.0 	0.0 	0.52 	0.0 	0.0 	0.0 	0.0 	0.0 	0.0 	0.0 	0.16 	0.03 	0.0 	0.0 	0.0 	
39 	0.12 	0.0 	0.01 	0.0 	0.01 	0.01 	0.0 	0.0 	0.0 	0.23 	0.04 	0.0 	0.07 	0.03 	0.0 	0.05 	0.12 	0.0 	0.02 	0.3 	
40 	0.68 	0.0 	0.0 	0.0 	0.0 	0.0 	0.0 	0.15 	0.0 	0.0 	0.02 	0.0 	0.03 	0.0 	0.0 	0.09 	0.02 	0.0 	0.0 	0.0 	
41 	0.0 	0.88 	0.01 	0.0 	0.0 	0.08 	0.0 	0.0 	0.0 	0.0 	0.0 	0.01 	0.01 	0.0 	0.0 	0.0 	0.0 	0.0 	0.0 	0.0 	
42 	0.0 	0.0 	0.41 	0.0 	0.0 	0.59 	0.0 	0.0 	0.0 	0.0 	0.0 	0.0 	0.0 	0.0 	0.0 	0.0 	0.0 	0.0 	0.0 	0.0 	
43 	0.0 	0.0 	0.0 	0.0 	0.0 	0.0 	0.0 	0.0 	0.0 	0.0 	0.0 	0.0 	0.0 	0.0 	0.97 	0.0 	0.0 	0.0 	0.0 	0.0 	
44 	0.05 	0.01 	0.04 	0.07 	0.0 	0.0 	0.55 	0.07 	0.0 	0.01 	0.01 	0.01 	0.0 	0.0 	0.01 	0.16 	0.01 	0.0 	0.0 	0.01 	
45 	0.38 	0.01 	0.0 	0.01 	0.0 	0.01 	0.01 	0.01 	0.0 	0.03 	0.29 	0.01 	0.11 	0.0 	0.01 	0.06 	0.01 	0.0 	0.0 	0.07 	
46 	0.17 	0.14 	0.0 	0.01 	0.0 	0.07 	0.14 	0.06 	0.0 	0.05 	0.03 	0.11 	0.02 	0.01 	0.01 	0.09 	0.03 	0.0 	0.01 	0.03 	
47 	0.07 	0.01 	0.05 	0.06 	0.0 	0.03 	0.04 	0.4 	0.0 	0.0 	0.01 	0.06 	0.0 	0.0 	0.16 	0.09 	0.0 	0.0 	0.0 	0.0 	
48 	0.01 	0.12 	0.04 	0.05 	0.0 	0.15 	0.05 	0.0 	0.02 	0.02 	0.04 	0.32 	0.03 	0.0 	0.0 	0.06 	0.1 	0.0 	0.0 	0.01 	
49 	0.0 	0.0 	0.0 	0.0 	0.0 	0.03 	0.0 	0.0 	0.0 	0.3 	0.52 	0.0 	0.02 	0.01 	0.0 	0.01 	0.0 	0.0 	0.0 	0.1 	
50 	0.0 	0.24 	0.01 	0.0 	0.0 	0.17 	0.03 	0.0 	0.0 	0.02 	0.06 	0.03 	0.08 	0.25 	0.0 	0.01 	0.08 	0.0 	0.03 	0.01 	
51 	0.04 	0.06 	0.0 	0.0 	0.0 	0.02 	0.0 	0.14 	0.0 	0.02 	0.04 	0.04 	0.01 	0.0 	0.06 	0.15 	0.27 	0.0 	0.0 	0.16 	
52 	0.02 	0.02 	0.06 	0.0 	0.0 	0.06 	0.0 	0.06 	0.0 	0.05 	0.13 	0.06 	0.05 	0.04 	0.01 	0.03 	0.28 	0.0 	0.13 	0.01 	
53 	0.12 	0.0 	0.0 	0.0 	0.0 	0.01 	0.0 	0.04 	0.0 	0.01 	0.17 	0.0 	0.48 	0.08 	0.0 	0.01 	0.02 	0.01 	0.01 	0.03 	
54 	0.0 	0.0 	0.0 	0.0 	0.0 	0.0 	0.0 	0.0 	0.0 	0.28 	0.22 	0.0 	0.05 	0.33 	0.0 	0.0 	0.0 	0.03 	0.04 	0.06 	
55 	0.01 	0.0 	0.0 	0.0 	0.0 	0.0 	0.0 	0.0 	0.0 	0.42 	0.43 	0.0 	0.02 	0.01 	0.0 	0.02 	0.01 	0.0 	0.0 	0.08 	
56 	0.07 	0.0 	0.0 	0.0 	0.01 	0.0 	0.0 	0.58 	0.0 	0.1 	0.03 	0.0 	0.0 	0.01 	0.0 	0.09 	0.03 	0.0 	0.0 	0.08 	
57 	0.19 	0.0 	0.0 	0.01 	0.0 	0.03 	0.0 	0.01 	0.0 	0.05 	0.27 	0.0 	0.09 	0.2 	0.02 	0.03 	0.01 	0.0 	0.0 	0.1 	
58 	0.65 	0.0 	0.0 	0.0 	0.0 	0.0 	0.0 	0.22 	0.0 	0.1 	0.0 	0.0 	0.0 	0.0 	0.03 	0.0 	0.0 	0.0 	0.0 	0.0 	
59 	0.0 	0.0 	0.0 	0.0 	0.0 	0.0 	0.0 	0.0 	0.0 	0.07 	0.44 	0.0 	0.08 	0.3 	0.0 	0.02 	0.0 	0.0 	0.0 	0.09 	
60 	0.28 	0.0 	0.0 	0.0 	0.02 	0.0 	0.0 	0.0 	0.0 	0.16 	0.04 	0.0 	0.11 	0.0 	0.0 	0.14 	0.12 	0.0 	0.0 	0.14 	
61 	0.0 	0.0 	0.0 	0.11 	0.0 	0.0 	0.89 	0.0 	0.0 	0.0 	0.0 	0.0 	0.0 	0.0 	0.0 	0.0 	0.0 	0.0 	0.0 	0.0 	
62 	0.59 	0.0 	0.0 	0.0 	0.0 	0.0 	0.0 	0.05 	0.0 	0.01 	0.0 	0.0 	0.0 	0.01 	0.0 	0.18 	0.09 	0.0 	0.0 	0.07 	
63 	0.05 	0.0 	0.01 	0.0 	0.01 	0.03 	0.0 	0.02 	0.0 	0.16 	0.32 	0.0 	0.06 	0.04 	0.0 	0.03 	0.17 	0.0 	0.0 	0.11 	
64 	0.27 	0.0 	0.0 	0.0 	0.0 	0.0 	0.0 	0.27 	0.0 	0.0 	0.0 	0.0 	0.01 	0.05 	0.16 	0.06 	0.1 	0.0 	0.02 	0.05 	
65 	0.0 	0.0 	0.0 	0.0 	0.0 	0.0 	0.0 	0.0 	0.0 	0.43 	0.38 	0.0 	0.1 	0.07 	0.0 	0.02 	0.0 	0.0 	0.0 	0.0 	
66 	0.0 	0.0 	0.0 	0.0 	0.0 	0.0 	0.0 	0.0 	0.0 	0.24 	0.08 	0.0 	0.0 	0.22 	0.0 	0.0 	0.0 	0.0 	0.43 	0.04 	
67 	0.33 	0.0 	0.02 	0.01 	0.07 	0.0 	0.0 	0.34 	0.0 	0.02 	0.02 	0.0 	0.0 	0.0 	0.0 	0.11 	0.06 	0.0 	0.0 	0.03 	
68 	0.01 	0.0 	0.0 	0.0 	0.0 	0.0 	0.0 	0.0 	0.0 	0.05 	0.63 	0.0 	0.02 	0.12 	0.02 	0.0 	0.0 	0.01 	0.0 	0.14 	
69 	0.08 	0.0 	0.0 	0.0 	0.0 	0.0 	0.0 	0.11 	0.0 	0.13 	0.09 	0.0 	0.11 	0.01 	0.0 	0.0 	0.02 	0.0 	0.0 	0.46 	
70 	0.01 	0.0 	0.0 	0.0 	0.0 	0.0 	0.0 	0.0 	0.0 	0.34 	0.09 	0.0 	0.1 	0.08 	0.0 	0.02 	0.01 	0.0 	0.0 	0.36 	
71 	0.62 	0.0 	0.01 	0.0 	0.02 	0.0 	0.0 	0.11 	0.0 	0.0 	0.0 	0.0 	0.02 	0.0 	0.01 	0.16 	0.02 	0.0 	0.01 	0.01 	
72 	0.02 	0.0 	0.0 	0.0 	0.0 	0.0 	0.0 	0.01 	0.0 	0.12 	0.42 	0.0 	0.09 	0.35 	0.0 	0.0 	0.0 	0.0 	0.0 	0.0 	
73 	0.04 	0.0 	0.0 	0.0 	0.0 	0.0 	0.0 	0.0 	0.0 	0.28 	0.34 	0.0 	0.1 	0.05 	0.0 	0.01 	0.01 	0.02 	0.06 	0.08 	
74 	0.03 	0.0 	0.0 	0.0 	0.0 	0.0 	0.0 	0.0 	0.0 	0.18 	0.52 	0.0 	0.02 	0.12 	0.0 	0.0 	0.01 	0.0 	0.02 	0.08 	
75 	0.02 	0.0 	0.0 	0.0 	0.0 	0.0 	0.0 	0.02 	0.0 	0.19 	0.52 	0.01 	0.1 	0.02 	0.0 	0.03 	0.02 	0.0 	0.0 	0.07 	
76 	0.0 	0.0 	0.0 	0.0 	0.0 	0.0 	0.0 	0.0 	0.0 	0.01 	0.0 	0.0 	0.0 	0.82 	0.0 	0.0 	0.0 	0.0 	0.17 	0.0 	
77 	0.64 	0.0 	0.0 	0.0 	0.0 	0.0 	0.0 	0.0 	0.0 	0.0 	0.0 	0.0 	0.0 	0.02 	0.0 	0.07 	0.06 	0.0 	0.0 	0.21 	
78 	0.0 	0.0 	0.81 	0.0 	0.0 	0.0 	0.0 	0.04 	0.0 	0.0 	0.02 	0.06 	0.0 	0.0 	0.0 	0.01 	0.05 	0.0 	0.0 	0.0 	
79 	0.0 	0.0 	0.0 	0.0 	0.0 	0.0 	0.0 	0.0 	0.0 	0.05 	0.0 	0.0 	0.0 	0.0 	0.95 	0.0 	0.0 	0.0 	0.0 	0.0 	
80 	0.0 	0.0 	0.0 	0.0 	0.0 	0.0 	0.0 	0.0 	0.0 	0.0 	0.15 	0.0 	0.04 	0.74 	0.0 	0.0 	0.0 	0.0 	0.07 	0.0 	
81 	0.0 	0.0 	0.0 	0.0 	0.0 	0.0 	0.0 	0.0 	0.0 	0.16 	0.34 	0.0 	0.02 	0.0 	0.0 	0.0 	0.14 	0.0 	0.0 	0.34 	
